date	dosen_kumulativ	dosen_differenz_zum_vortag	dosen_erst_differenz_zum_vortag	dosen_zweit_differenz_zum_vortag	dosen_biontech_kumulativ	dosen_moderna_kumulativ	dosen_astrazeneca_kumulativ	personen_erst_kumulativ	personen_voll_kumulativ	impf_quote_erst	impf_quote_voll	indikation_alter_dosen	indikation_beruf_dosen	indikation_medizinisch_dosen	indikation_pflegeheim_dosen	indikation_alter_erst	indikation_beruf_erst	indikation_medizinisch_erst	indikation_pflegeheim_erst	indikation_alter_voll	indikation_beruf_voll	indikation_medizinisch_voll	indikation_pflegeheim_voll	dosen_dim_kumulativ	dosen_kbv_kumulativ	dosen_johnson_kumulativ	dosen_biontech_erst_kumulativ	dosen_biontech_zweit_kumulativ	dosen_moderna_erst_kumulativ	dosen_moderna_zweit_kumulativ	dosen_astrazeneca_erst_kumulativ	dosen_astrazeneca_zweit_kumulativ	dosen_erst_kumulativ	dosen_zweit_kumulativ
2020-12-27	23322	23322	23305	17	23320	2	0	23305	17	0.000	0.000	10705	8657	1305	12604	10664	8590	1305	12536	41	67	0	68	23322	0	0	23303	17	2	0	0	0	23305	17
2020-12-28	41140	17818	17779	39	41138	2	0	41084	56	0.000	0.000	18621	15788	1991	21344	18580	15721	1991	21276	41	67	0	68	41140	0	0	41082	56	2	0	0	0	41084	56
2020-12-29	90956	49816	49093	723	90954	2	0	90177	779	0.001	0.000	34989	40734	3107	40508	34724	40420	3107	40099	265	314	0	409	90956	0	0	90175	779	2	0	0	0	90177	779
2020-12-30	152743	61787	61659	128	152741	2	0	151836	907	0.002	0.000	55510	73365	4901	63206	55243	73050	4901	62794	267	315	0	412	152743	0	0	151834	907	2	0	0	0	151836	907
2020-12-31	203029	50286	50136	150	203027	2	0	201972	1057	0.002	0.000	72831	96719	6752	83965	72517	96367	6752	83476	314	352	0	489	203029	0	0	201970	1057	2	0	0	0	201972	1057
2021-01-01	228785	25756	25745	11	228775	7	3	227717	1068	0.003	0.000	81208	105449	7830	92301	80894	105097	7830	91812	314	352	0	489	228785	0	0	227708	1067	7	0	2	1	227717	1068
2021-01-02	276424	47639	47354	285	276414	7	3	275071	1353	0.003	0.000	102774	129731	10350	113258	102365	129304	10350	112629	409	427	0	629	276424	0	0	275062	1352	7	0	2	1	275071	1353
2021-01-03	298604	22180	22173	7	298594	7	3	297244	1360	0.004	0.000	113044	140227	11284	123279	112635	139800	11284	122650	409	427	0	629	298604	0	0	297235	1359	7	0	2	1	297244	1360
2021-01-04	345175	46571	46518	53	345164	8	3	343762	1413	0.004	0.000	129646	164913	13951	139091	129237	164486	13951	138462	409	427	0	629	345175	0	0	343752	1412	8	0	2	1	343762	1413
2021-01-05	397067	51892	51862	30	397055	9	3	395624	1443	0.005	0.000	147987	192565	16489	157656	147576	192117	16489	157025	411	448	0	631	397067	0	0	395613	1442	9	0	2	1	395624	1443
2021-01-06	459259	62192	62183	9	459239	15	5	457807	1452	0.006	0.000	169498	225530	19910	180812	169086	225082	19910	180181	412	448	0	631	459259	0	0	457788	1451	15	0	4	1	457807	1452
2021-01-07	513406	54147	54138	9	513382	18	6	511945	1461	0.006	0.000	189172	254868	22957	197233	188758	254418	22957	196600	414	450	0	633	513406	0	0	511922	1460	18	0	5	1	511945	1461
2021-01-08	575282	61876	61545	331	575208	67	7	573490	1792	0.007	0.000	211521	287315	26324	218219	211009	286711	26320	217449	512	604	4	770	575282	0	0	573417	1791	67	0	6	1	573490	1792
2021-01-09	634778	59496	59448	48	634704	67	7	632938	1840	0.008	0.000	237322	313238	29007	243325	236798	312599	29003	242545	524	639	4	780	634778	0	0	632865	1839	67	0	6	1	632938	1840
2021-01-10	669430	34652	34643	9	669354	69	7	667581	1849	0.008	0.000	252455	327794	30379	256315	251929	327151	30375	255535	526	643	4	780	669430	0	0	667506	1848	69	0	6	1	667581	1849
2021-01-11	736550	67120	67066	54	736470	72	8	734647	1903	0.009	0.000	277513	359176	33587	276774	276967	358513	33583	275968	546	663	4	806	736550	0	0	734568	1902	72	0	7	1	734647	1903
2021-01-12	817292	80742	80681	61	817197	87	8	815328	1964	0.010	0.000	305695	401338	36582	301731	305147	400670	36578	300888	548	668	4	843	817292	0	0	815234	1963	87	0	7	1	815328	1964
2021-01-13	928914	111622	111425	197	927648	1258	8	926753	2161	0.011	0.000	345167	458844	40485	337339	344574	458093	40466	336399	593	751	19	940	928914	0	0	925488	2160	1258	0	7	1	926753	2161
2021-01-14	1010957	82043	81859	184	1004550	6399	8	1008612	2345	0.012	0.000	374803	501101	42769	361463	374094	500254	42750	360452	709	847	19	1011	1010957	0	0	1002250	2300	6355	44	7	1	1008612	2345
2021-01-15	1100980	90023	89221	802	1089305	11662	13	1097833	3147	0.013	0.000	408725	545673	46728	389202	407810	544625	46700	387982	915	1048	28	1220	1100980	0	0	1086203	3102	11618	44	12	1	1097833	3147
2021-01-16	1158096	57116	56098	1018	1144740	13342	14	1153931	4165	0.014	0.000	432983	570627	48859	408798	431664	569232	48767	407047	1319	1395	92	1751	1158096	0	0	1140620	4120	13298	44	13	1	1153931	4165
2021-01-17	1206458	48362	30572	17790	1191840	14603	15	1184503	21955	0.014	0.000	453449	591002	50884	428544	444215	583354	50014	417145	9234	7648	870	11399	1206458	0	0	1169930	21910	14559	44	14	1	1184503	21955
2021-01-18	1288570	82112	66217	15895	1269799	18755	16	1250720	37850	0.015	0.000	482728	633883	53106	448900	467235	619730	51700	430238	15493	14153	1406	18662	1288570	0	0	1231996	37803	18709	46	15	1	1250720	37850
2021-01-19	1407066	118496	82438	36058	1384625	22417	24	1333158	73908	0.016	0.001	519765	695968	56714	479843	492669	666683	54375	447938	27096	29285	2339	31905	1407066	0	0	1310768	73857	22367	50	23	1	1333158	73908
2021-01-20	1539206	132140	77870	54270	1514022	25157	27	1411028	128178	0.017	0.002	568076	760039	60957	522078	522876	706310	57505	469463	45200	53729	3452	52615	1539206	0	0	1385895	128127	25107	50	26	1	1411028	128178
2021-01-21	1645321	106115	64193	41922	1617399	27895	27	1475221	170100	0.018	0.002	610150	808503	65406	556195	549621	735602	60889	487988	60529	72901	4517	68207	1645321	0	0	1447351	170048	27844	51	26	1	1475221	170100
2021-01-22	1748186	102865	68215	34650	1718072	30080	34	1543436	204750	0.019	0.002	654049	853889	69013	590642	579902	764987	63599	506975	74147	88902	5414	83667	1748186	0	0	1513378	204694	30025	55	33	1	1543436	204750
2021-01-23	1834981	86795	40749	46046	1804506	30438	37	1584185	250796	0.019	0.003	691767	890989	72414	617916	599855	780966	64783	516268	91912	110023	7631	101648	1834981	0	0	1553767	250739	30382	56	36	1	1584185	250796
2021-01-24	1882708	47727	25736	21991	1852033	30634	41	1609921	272787	0.019	0.003	715655	910067	73331	632982	614016	789814	65130	521524	101639	120253	8201	111458	1882708	0	0	1579303	272730	30578	56	40	1	1609921	272787
2021-01-25	1973897	91189	51983	39206	1941807	32046	44	1661904	311993	0.020	0.004	756375	951632	76827	658117	642321	811974	66847	534304	114054	139658	9980	123813	1973897	0	0	1629872	311935	31989	57	43	1	1661904	311993
2021-01-26	2071409	97512	50357	47155	2037876	33482	51	1712261	359148	0.021	0.004	796572	997196	80614	684405	667753	831436	68195	545278	128819	165760	12419	139127	2071409	0	0	1678791	359085	33420	62	50	1	1712261	359148
2021-01-27	2180078	108669	50718	57951	2144751	35268	59	1762979	417099	0.021	0.005	839834	1049509	85786	715259	691463	852265	70042	556304	148371	197244	15744	158955	2180078	0	0	1727726	417025	35195	73	58	1	1762979	417099
2021-01-28	2270605	90527	45112	45415	2233621	36922	62	1808091	462514	0.022	0.006	877990	1090332	89974	739697	713483	869115	71590	567469	164507	221217	18384	172228	2270605	0	0	1771199	462422	36831	91	61	1	1808091	462514
2021-01-29	2379308	108703	51353	57350	2340878	38363	67	1859444	519864	0.022	0.006	920894	1138243	95507	769100	735839	888487	73819	578309	185055	249756	21688	190791	2379308	0	0	1821106	519772	38272	91	66	1	1859444	519864
2021-01-30	2467698	88390	34534	53856	2428392	39237	69	1893978	573720	0.023	0.007	957412	1174692	99468	796433	752473	901967	75224	586328	204939	272725	24244	210105	2467698	0	0	1854766	573626	39145	92	67	2	1893978	573720
2021-01-31	2524867	57169	25807	31362	2485179	39614	74	1919785	605082	0.023	0.007	982865	1196922	101575	812430	766590	910861	76411	592657	216275	286061	25164	219773	2524867	0	0	1880200	604979	39514	100	71	3	1919785	605082
2021-02-01	2644407	119540	57845	61695	2602460	41822	125	1977630	666777	0.024	0.008	1026174	1260299	105285	839830	787193	944041	78273	602425	238981	316258	27012	237405	2644407	0	0	1935786	666674	41722	100	122	3	1977630	666777
2021-02-02	2775071	130664	64400	66264	2730092	44842	137	2042030	733041	0.025	0.009	1069633	1330364	110479	870030	806216	982089	80866	611659	263417	348275	29613	258371	2775071	0	0	1997155	732937	44741	101	134	3	2042030	733041
2021-02-03	2934209	159138	63333	95805	2882907	51139	162	2105364	828846	0.025	0.010	1128983	1407775	116405	912544	829819	1014401	83062	623312	299164	393374	33343	289232	2934209	0	1	2054168	828739	51036	103	159	3	2105363	828846
2021-02-04	3064596	130387	59965	70422	3007599	56829	167	2165329	899268	0.026	0.011	1177986	1472437	120972	943857	851937	1046473	85311	632945	326049	425964	35661	310912	3064596	0	1	2108440	899159	56724	105	164	3	2165328	899268
2021-02-05	3208974	144378	67811	76567	3145692	63107	174	2233140	975835	0.027	0.012	1232524	1542580	126293	977786	877231	1080338	86905	644262	355293	462242	39388	333524	3208974	0	1	2169967	975725	63002	105	170	4	2233139	975835
2021-02-06	3309517	100543	47071	53472	3243704	65637	175	2280211	1029307	0.027	0.012	1272514	1588658	130853	1003590	896490	1101898	88782	653957	376024	486760	42071	349633	3309517	0	1	2214507	1029197	65532	105	171	4	2280210	1029307
2021-02-07	3362933	53416	28145	25271	3294724	68031	177	2308356	1054578	0.028	0.013	1298155	1609930	133571	1016823	910800	1112720	90015	659435	387355	497210	43556	357388	3362933	0	1	2240257	1054467	67925	106	173	4	2308355	1054578
2021-02-08	3472234	109301	53222	56079	3399915	72115	203	2361578	1110657	0.028	0.013	1350672	1655734	137545	1035599	942269	1129343	91902	666781	408403	526391	45643	368818	3472234	0	1	2289370	1110545	72008	107	199	4	2361577	1110657
2021-02-09	3605898	133664	60226	73438	3529832	75749	316	2421804	1184095	0.029	0.014	1411842	1714380	141993	1058512	978151	1147503	94639	674792	433691	566877	47354	383720	3605898	0	1	2346040	1183792	75451	298	312	4	2421803	1184095
2021-02-10	3759486	153588	77038	76550	3671224	79844	8417	2498842	1260645	0.030	0.015	1478760	1781046	146001	1087933	1017461	1175177	96286	685176	461299	605869	49715	402757	3759486	0	1	2411874	1259350	78565	1279	8402	15	2498841	1260645
2021-02-11	3900752	141266	73841	67425	3790066	87157	23526	2572685	1328070	0.031	0.016	1539776	1848576	151475	1113070	1052428	1208053	98713	694775	487348	640523	52762	418295	3900752	0	3	2466330	1323736	82851	4306	23501	25	2572682	1328070
2021-02-12	4056052	155300	78474	76826	3922718	96523	36805	2651162	1404896	0.032	0.017	1611268	1919253	157751	1138545	1094198	1240389	101429	704318	517070	678864	56322	434227	4056052	0	6	2527278	1395440	87420	9103	36458	347	2651156	1404896
2021-02-13	4163280	107228	61649	45579	4013544	99735	49994	2712812	1450475	0.033	0.017	1667599	1960972	162355	1156080	1129093	1262877	103231	711418	538506	698095	59124	444662	4163280	0	7	2574078	1439466	89087	10648	49640	354	2712805	1450475
2021-02-14	4228700	65420	39738	25682	4069209	102209	57274	2752551	1476157	0.033	0.018	1706122	1983696	163973	1164146	1153761	1276081	104081	714928	552361	707615	59892	449218	4228700	0	8	2605288	1463921	90356	11853	56899	375	2752543	1476157
2021-02-15	4353350	124650	68882	55768	4173910	107364	72067	2821434	1531925	0.034	0.018	1773591	2031897	168008	1183418	1194859	1300739	106358	721524	578732	731158	61650	461894	4353350	0	9	2657195	1516715	92554	14810	71676	391	2821425	1531925
2021-02-16	4491208	137858	82033	55825	4281945	113391	95862	2903468	1587750	0.035	0.019	1839625	2089928	170683	1200400	1236633	1336138	107879	728440	602992	753790	62804	471960	4491208	0	10	2712768	1569177	95229	18162	95461	401	2903458	1587750
2021-02-17	4641303	150095	93653	56442	4403973	121362	115957	2997122	1644192	0.036	0.020	1920033	2147919	175770	1221928	1292995	1368705	110873	736858	627038	779214	64897	485070	4641303	0	11	2781547	1622426	100017	21345	115547	410	2997111	1644192
2021-02-18	4783040	141737	90232	51505	4514436	129496	139096	3087355	1695697	0.037	0.020	1995907	2206102	179208	1240945	1345328	1403985	112659	744258	650579	802117	66549	496687	4783040	0	12	2844052	1670384	104607	24889	138684	412	3087343	1695697
2021-02-19	4937697	154657	100241	54416	4633763	139306	164615	3187597	1750113	0.038	0.021	2076668	2266444	184080	1258305	1402958	1440066	115287	750941	673710	826378	68793	507364	4937697	0	13	2912073	1721690	111409	27897	164102	513	3187584	1750113
2021-02-20	5049603	111906	75945	35961	4719651	143812	186126	3263543	1786074	0.039	0.021	2138268	2310157	187738	1272296	1445964	1469322	117533	755178	692304	840835	70205	517118	5049603	0	14	2962538	1757113	115387	28425	185604	522	3263529	1786074
2021-02-21	5135442	85839	57267	28572	4786037	147459	201931	3320811	1814646	0.040	0.022	2187054	2340674	190304	1282667	1479917	1489494	118664	757407	707137	851180	71640	525260	5135442	0	15	3000518	1785519	118874	28585	201404	527	3320796	1814646
2021-02-22	5294095	158653	98752	59901	4910595	156318	227166	3419564	1874547	0.041	0.023	2266701	2410287	195201	1300517	1538362	1525084	121627	763642	728339	885203	73574	536875	5294095	0	16	3066953	1843642	125965	30353	226630	536	3419548	1874547
2021-02-23	5460577	166482	106893	59589	5042597	163342	254621	3526458	1934136	0.042	0.023	2346910	2483166	200501	1318387	1598211	1563793	124757	771284	748699	919373	75744	547103	5460577	0	17	3141031	1901566	131334	32008	254076	545	3526441	1934136
2021-02-24	5634321	173744	115001	58743	5173153	170930	290220	3641460	1992879	0.044	0.024	2431789	2557990	207079	1337422	1660503	1608669	128907	778912	771286	949321	78172	558510	5634321	0	18	3214545	1958608	137236	33694	289661	559	3641442	1992879
2021-02-25	5822701	188380	130431	57949	5302951	177636	342096	3771891	2050828	0.045	0.025	2514175	2648479	213515	1355541	1722988	1667176	133470	787131	791187	981303	80045	568410	5822701	0	18	3287884	2015067	142462	35174	341527	569	3771873	2050828
2021-02-26	6031555	208854	143196	65658	5442289	186376	402872	3915087	2116486	0.047	0.025	2602819	2749814	220591	1375230	1787946	1735795	138593	794627	814873	1014019	81998	580603	6031555	0	18	3363228	2079061	149611	36765	402230	642	3915069	2116486
2021-02-27	6178857	147302	107353	39949	5534506	190452	453881	4022440	2156435	0.048	0.026	2666475	2822116	227301	1388101	1833818	1790224	143432	799030	832657	1031892	83869	589071	6178857	0	18	3416237	2118269	152955	37497	453230	651	4022422	2156435
2021-02-28	6285961	107104	82980	24124	5595727	194397	495819	4105420	2180559	0.049	0.026	2714700	2875405	231582	1394762	1868893	1834535	146785	801170	845807	1040870	84797	593592	6285961	0	18	3453695	2142032	156548	37849	495159	660	4105402	2180559
2021-03-01	6481872	195911	146257	49654	5724838	203951	553065	4251677	2230213	0.051	0.027	2817221	2953369	239381	1408021	1943445	1896228	153263	806209	873776	1057141	86118	601812	6481872	0	18	3535184	2189654	164079	39872	552396	669	4251659	2230213
2021-03-02	6694868	212996	161368	51628	5860393	213892	620565	4413045	2281841	0.053	0.027	2927307	3047588	248982	1422628	2022735	1971725	160632	812692	904572	1075863	88350	609936	6694868	0	18	3621990	2238403	171155	42737	619882	683	4413027	2281841
2021-03-03	6938126	243258	173460	69798	6016851	228263	692994	4586505	2351639	0.055	0.028	3047976	3148969	260606	1439862	2105531	2048823	170041	819606	942445	1100146	90565	620256	6938126	0	18	3714131	2302720	180115	48148	692241	753	4586487	2351639
2021-03-04	7180870	242744	180329	62415	6157648	242616	780588	4766834	2414054	0.057	0.029	3159240	3258741	272992	1455625	2181653	2136963	180034	825002	977587	1121778	92958	630623	7180870	0	18	3797868	2359780	189152	53464	779796	792	4766816	2414054
2021-03-05	7451694	270824	202994	67830	6305208	255779	890688	4969829	2481884	0.060	0.030	3277185	3383782	287941	1471072	2258903	2242620	191990	830697	1018282	1141162	95951	640375	7451694	0	19	3883514	2421694	196444	59335	889852	836	4969810	2481884
2021-03-06	7653365	201671	153087	48584	6414764	264253	974329	5122916	2530468	0.062	0.030	3366696	3478463	298371	1480590	2314602	2325555	200824	833966	1052094	1152908	97547	646624	7653365	0	19	3946699	2468065	202721	61532	973477	852	5122897	2530468
2021-03-07	7803866	150501	116485	34016	6496680	271023	1036144	5239401	2564484	0.063	0.031	3437978	3544531	306478	1486155	2360956	2383880	208082	835928	1077022	1160651	98396	650227	7803866	0	19	3996956	2499724	207151	63872	1035275	869	5239382	2564484
2021-03-08	8040978	237112	185563	51549	6630760	281966	1128233	5424964	2616033	0.065	0.031	3556806	3640371	322827	1498475	2442587	2468035	222757	841890	1114219	1172336	100070	656585	8040978	0	19	4082918	2547842	214701	67265	1127326	907	5424945	2616033
2021-03-09	8291278	250300	195802	54498	6770583	294612	1226064	5620766	2670531	0.068	0.032	3677710	3742787	340236	1512022	2524321	2558568	238262	848791	1153389	1184219	101974	663231	8291278	0	19	4171656	2598927	223992	70620	1225099	965	5620747	2670531
2021-03-10	8576529	285251	218942	66309	6929250	306219	1341041	5839708	2736840	0.070	0.033	3808598	3856306	360962	1530389	2606688	2661880	256906	860000	1201910	1194426	104056	670389	8575558	971	19	4267268	2661982	232395	73824	1340026	1015	5839689	2736840
2021-03-11	8858588	282059	221327	60732	7077292	319820	1461457	6061035	2797572	0.073	0.034	3937470	3976178	382106	1544008	2689957	2769533	276555	867677	1247513	1206645	105551	676331	8856962	1626	19	4358879	2718413	241745	78075	1460392	1065	6061016	2797572
2021-03-12	9183468	324880	254101	70779	7228607	336995	1617847	6315136	2868351	0.076	0.034	4071484	4127850	404783	1559463	2770420	2906954	297406	877132	1301064	1220896	107377	682331	9181632	1836	19	4444095	2784512	254427	82568	1616595	1252	6315117	2868351
2021-03-13	9431383	247915	198127	49788	7343727	346654	1740983	6513263	2918139	0.078	0.035	4181046	4240796	425293	1567511	2840453	3011727	316755	881879	1340593	1229069	108538	685632	9429391	1992	19	4510886	2832841	262725	83929	1739633	1350	6513244	2918139
2021-03-14	9602415	171032	135105	35927	7432709	351804	1817883	6648368	2954066	0.080	0.036	4266043	4307307	441408	1570975	2896461	3072888	331859	883676	1369582	1234419	109549	687299	9600413	2002	19	4564923	2867786	266905	84899	1816521	1362	6648349	2954066
2021-03-15	9849318	246903	188003	58900	7584988	364276	1900035	6836371	3012966	0.082	0.036	4400463	4391447	461474	1582289	2984151	3147219	350790	890548	1416312	1244228	110684	691741	9847033	2285	19	4660012	2924976	277748	86528	1898592	1443	6836352	3012966
2021-03-16	10026871	177553	110261	67292	7750442	375369	1901041	6946632	3080258	0.084	0.037	4527474	4426082	473886	1593025	3059300	3169255	361553	895647	1468174	1256827	112333	697378	10024039	2832	19	4760531	2989911	286486	88883	1899596	1445	6946613	3080258
2021-03-17	10231081	204210	124272	79938	7935962	393320	1901780	7070904	3160196	0.085	0.038	4672447	4463838	487350	1605072	3141952	3193652	373040	902175	1530495	1270186	114310	702897	10227632	3449	19	4870906	3065056	299649	93671	1900330	1450	7070885	3160196
2021-03-18	10423782	192701	117859	74842	8109481	411352	1902930	7188763	3235038	0.086	0.039	4812398	4498757	499905	1615322	3222615	3215628	383588	907340	1589783	1283129	116317	707982	10419910	3872	19	4974706	3134775	312561	98791	1901477	1453	7188744	3235038
2021-03-19	10667345	243563	160455	83108	8293814	431885	1941627	7349218	3318146	0.088	0.040	4961948	4563922	518114	1627194	3306761	3267408	399605	914537	1655187	1296514	118509	712657	10662942	4403	19	5082577	3211237	326505	105380	1940117	1510	7349199	3318146
2021-03-20	10887653	220308	167038	53270	8429109	447152	2011373	7516256	3371416	0.090	0.041	5078536	4641917	537715	1633319	3379545	3337212	417708	917920	1698991	1304705	120007	715399	10882926	4727	19	5168444	3260665	337959	109193	2009834	1539	7516237	3371416
2021-03-21	11053594	165941	127302	38639	8532195	456605	2064775	7643558	3410055	0.092	0.041	5171749	4694283	554274	1635819	3440184	3384099	433219	919244	1731565	1310184	121055	716575	11048867	4727	19	5236171	3296024	344155	112450	2063213	1562	7643539	3410055
2021-03-22	11321696	268102	192007	76095	8698450	480309	2142918	7835565	3486150	0.094	0.042	5329624	4766248	576579	1645397	3534739	3445389	453483	925279	1794885	1320859	123096	720118	11315441	6255	19	5333739	3364711	360501	119808	2141306	1612	7835546	3486150
2021-03-23	11620679	298983	216012	82971	8878720	500055	2241885	8051577	3569121	0.097	0.043	5490190	4854892	604288	1656865	3629814	3521119	478432	932910	1860376	1333773	125856	723955	11609436	11243	19	5436016	3442704	375323	124732	2240219	1666	8051558	3569121
2021-03-24	11955377	334698	246683	88015	9076042	533519	2345797	8298260	3657136	0.100	0.044	5664852	4952071	635971	1672375	3732242	3605792	507202	944863	1932610	1346279	128769	727512	11938342	17035	19	5550641	3525401	403526	129993	2344074	1723	8298241	3657136
2021-03-25	12293949	338572	258727	79845	9262918	561169	2469843	8556987	3736981	0.103	0.045	5830941	5060081	670798	1683452	3832663	3703768	539527	951994	1998278	1356313	131271	731458	12270969	22980	19	5663283	3599635	425644	135525	2468041	1802	8556968	3736981
2021-03-26	12672082	378133	289378	88755	9466241	598048	2607774	8846365	3825736	0.106	0.046	6003833	5184282	710463	1698535	3933360	3816071	576057	962322	2070473	1368211	134406	736213	12642788	29294	19	5784585	3681656	455862	142186	2605899	1875	8846346	3825736
2021-03-27	12960782	288700	226318	62382	9618958	625590	2716215	9072683	3888118	0.109	0.047	6147056	5279869	744190	1703356	4023632	3903670	607441	965464	2123424	1376199	136749	737892	12929138	31644	19	5878020	3740938	480355	145235	2714289	1926	9072664	3888118
2021-03-28	13159741	198959	146062	52897	9737320	644134	2778266	9218747	3941015	0.111	0.047	6253046	5333384	768116	1706823	4085867	3950861	629648	967502	2167179	1382523	138468	739321	13127906	31835	21	5946790	3790530	495644	148490	2776292	1974	9218726	3941015
2021-03-29	13471198	311457	222127	89330	9927071	670009	2874097	9440874	4030345	0.114	0.048	6418833	5404751	806706	1716518	4180272	4010842	665103	973637	2238561	1393909	141603	742881	13433415	37783	21	6054553	3872518	514228	155781	2872072	2025	9440853	4030345
2021-03-30	13803112	331914	237890	94024	10146008	696240	2960843	9678764	4124369	0.116	0.050	6591913	5474211	853024	1727240	4280843	4069380	706095	981320	2311070	1404831	146929	745920	13753193	49919	21	6186939	3959069	533045	163195	2958759	2084	9678743	4124369
2021-03-31	14143132	340020	236722	103298	10394263	734359	3014489	9915486	4227667	0.119	0.051	6774517	5538855	899988	1738789	4384637	4121392	747318	988525	2389880	1417463	152670	750264	14076898	66234	21	6340807	4053456	562286	172073	3012372	2117	9915465	4227667
2021-04-01	14471823	328691	235340	93351	10632691	767985	3071126	10150826	4321018	0.122	0.052	6936269	5606629	944397	1747554	4476928	4175958	787230	994147	2459341	1430671	157167	753407	14385510	86313	21	6494373	4138318	587465	180520	3068967	2159	10150805	4321018
2021-04-02	14698940	227117	157428	69689	10812027	784285	3102607	10308254	4390707	0.124	0.053	7067172	5654574	981393	1749910	4552089	4213818	820223	995356	2515083	1440756	161170	754554	14611103	87837	21	6609346	4202681	598465	185820	3100422	2185	10308233	4390707
2021-04-03	14932782	233842	168074	65768	10987235	801021	3144505	10476328	4456475	0.126	0.054	7198861	5698683	1018737	1753036	4633025	4248782	853330	997097	2565836	1449901	165407	755939	14843546	89236	21	6724111	4263124	609913	191108	3142283	2222	10476307	4456475
2021-04-04	15130483	197701	144128	53573	11123277	812089	3195096	10620456	4510048	0.128	0.054	7309766	5731715	1048001	1754173	4704262	4274251	879171	997551	2605504	1457464	168830	756622	15041111	89372	21	6811002	4312275	616601	195488	3192832	2264	10620435	4510048
2021-04-05	15380481	249998	177393	72605	11289547	830955	3259958	10797849	4582653	0.130	0.055	7456036	5770066	1081529	1756372	4794323	4302940	907924	998846	2661713	1467126	173605	757526	15289799	90682	21	6909970	4379577	630194	200761	3257664	2294	10797828	4582653
2021-04-06	15754021	373540	277274	96266	11544439	863124	3346437	11075123	4678919	0.133	0.056	7644926	5826686	1124640	1761928	4910112	4346229	944820	1001588	2734814	1480457	179820	760340	15626712	127309	21	7077310	4467129	653721	209403	3344071	2366	11075102	4678919
2021-04-07	16433587	679566	582697	96869	12087391	899864	3446311	11657820	4775788	0.140	0.057	7644926	5826686	1124640	1761928	4910112	4346229	944820	1001588	2734814	1480457	179820	760340	16000614	432973	21	7531974	4555417	681968	217896	3443857	2454	11657799	4775788
2021-04-08	17166952	733365	643803	89562	12662498	934728	3569705	12301623	4865350	0.148	0.059	7644926	5826686	1124640	1761928	4910112	4346229	944820	1001588	2734814	1480457	179820	760340	16409101	757851	21	8026504	4635994	707932	226796	3567166	2539	12301602	4865350
2021-04-09	17795443	628491	539891	88600	13153635	971305	3670482	12841514	4953950	0.154	0.060	7644926	5826686	1124640	1761928	4910112	4346229	944820	1001588	2734814	1480457	179820	760340	16798089	997354	21	8440481	4713154	733152	238153	3667860	2622	12841493	4953950
2021-04-10	18166829	371386	306325	65061	13401836	994619	3770353	13147839	5019011	0.158	0.060	7644926	5826686	1124640	1761928	4910112	4346229	944820	1001588	2734814	1480457	179820	760340	17136429	1030400	21	8631412	4770424	748739	245880	3767667	2686	13147818	5019011
2021-04-11	18429417	262588	212541	50047	13570968	1012954	3845474	13360380	5069058	0.161	0.061	7644926	5826686	1124640	1761928	4910112	4346229	944820	1001588	2734814	1480457	179820	760340	17393938	1035479	21	8754225	4816743	763393	249561	3842741	2733	13360359	5069058
2021-04-12	18847122	417705	340942	76763	13851127	1042158	3953815	13701323	5145821	0.165	0.062	7644926	5826686	1124640	1761928	4910112	4346229	944820	1001588	2734814	1480457	179820	760340	17763136	1083986	22	8966299	4884828	783984	258174	3951018	2797	13701301	5145821
2021-04-13	19419443	572321	498962	73359	14281806	1068975	4068640	14200285	5219180	0.171	0.063	7644926	5826686	1124640	1761928	4910112	4346229	944820	1001588	2734814	1480457	179820	760340	18139327	1280116	22	9329282	4952524	805338	263637	4065643	2997	14200263	5219180
2021-04-14	20193473	774030	690980	83050	14899201	1102515	4191735	14891265	5302230	0.179	0.064	7644926	5826686	1124640	1761928	4910112	4346229	944820	1001588	2734814	1480457	179820	760340	18539560	1653913	22	9872702	5026499	830374	272141	4188167	3568	14891243	5302230
2021-04-15	20872855	679382	608535	70847	15431799	1139078	4301955	15499801	5373077	0.186	0.065	7644926	5826686	1124640	1761928	4910112	4346229	944820	1001588	2734814	1480457	179820	760340	18923313	1949542	23	10344448	5087351	857889	281189	4297441	4514	15499778	5373077
2021-04-16	21468672	595817	520965	74852	15869933	1172021	4426695	16020766	5447929	0.193	0.066	7644926	5826686	1124640	1761928	4910112	4346229	944820	1001588	2734814	1480457	179820	760340	19324291	2144381	23	10717314	5152619	882055	289966	4421374	5321	16020743	5447929
2021-04-17	21832810	364138	307730	56408	16095087	1194738	4542962	16328496	5504337	0.196	0.066	7644926	5826686	1124640	1761928	4910112	4346229	944820	1001588	2734814	1480457	179820	760340	19666625	2166185	23	10894621	5200466	897675	297063	4536177	6785	16328473	5504337
2021-04-18	22100804	267994	229143	38851	16267538	1209770	4623473	16557639	5543188	0.199	0.067	7644926	5826686	1124640	1761928	4910112	4346229	944820	1001588	2734814	1480457	179820	760340	19930008	2170796	23	11033173	5234365	908857	300913	4615586	7887	16557616	5543188
2021-04-19	22502497	401693	340855	60838	16561669	1242435	4698369	16898495	5604026	0.203	0.067	7644926	5826686	1124640	1761928	4910112	4346229	944820	1001588	2734814	1480457	179820	760340	20287370	2215127	24	11275537	5286132	933685	308750	4689249	9120	16898471	5604026
2021-04-20	23060584	558087	496146	61941	16942006	1281261	4837293	17394641	5665967	0.209	0.068	7644926	5826686	1124640	1761928	4910112	4346229	944820	1001588	2734814	1480457	179820	760340	20651006	2409578	24	11602513	5339493	965948	315313	4826156	11137	17394617	5665967
2021-04-21	23780343	719759	647137	72622	17395693	1322738	5061888	18041778	5738589	0.217	0.069	7644926	5826686	1124640	1761928	4910112	4346229	944820	1001588	2734814	1480457	179820	760340	21031617	2748726	24	11994082	5401611	999374	323364	5048298	13590	18041754	5738589
2021-04-22	24417475	637132	570204	66928	17776951	1365976	5274524	18611982	5805517	0.224	0.070	7644926	5826686	1124640	1761928	4910112	4346229	944820	1001588	2734814	1480457	179820	760340	21401490	3015985	24	12319735	5457216	1034943	331033	5257280	17244	18611958	5805517
2021-04-23	24967889	550414	483022	67392	18126681	1408312	5432863	19095013	5872909	0.230	0.071	7644926	5826686	1124640	1761928	4910112	4346229	944820	1001588	2734814	1480457	179820	760340	21783709	3184180	33	12615720	5510961	1067194	341118	5412066	20797	19094980	5872909
2021-04-24	25334751	366862	307883	58979	18362351	1458395	5513970	19402898	5931888	0.233	0.071	7644926	5826686	1124640	1761928	4910112	4346229	944820	1001588	2734814	1480457	179820	760340	22133660	3201091	35	12810354	5551997	1101727	356668	5490782	23188	19402863	5931888
2021-04-25	25617063	282312	234346	47966	18549553	1492148	5575327	19637244	5979854	0.236	0.072	7644926	5826686	1124640	1761928	4910112	4346229	944820	1001588	2734814	1480457	179820	760340	22410158	3206905	35	12961091	5588462	1125815	366333	5550303	25024	19637209	5979854
2021-04-26	26049479	432416	358774	73642	18867573	1534649	5647141	19996099	6053496	0.240	0.073	7644926	5826686	1124640	1761928	4910112	4346229	944820	1001588	2734814	1480457	179820	760340	22755982	3293497	116	13218162	5649411	1159719	374930	5618102	29039	19995983	6053496
2021-04-27	26833078	783599	692901	90698	19543092	1585972	5703437	20689461	6144194	0.249	0.074	7644926	5826686	1124640	1761928	4910112	4346229	944820	1001588	2734814	1480457	179820	760340	23124701	3708377	577	13817056	5726036	1201932	384040	5669896	33541	20688884	6144194
2021-04-28	27955455	1122377	994729	127648	20551864	1646133	5756153	21684918	6271842	0.261	0.075	7644926	5826686	1124640	1761928	4910112	4346229	944820	1001588	2734814	1480457	179820	760340	23517995	4437460	1305	14716327	5835537	1249790	396343	5717496	38657	21683613	6271842
2021-04-29	28900896	945441	812270	133171	21376152	1709727	5812826	22498074	6405013	0.271	0.077	7644926	5826686	1124640	1761928	4910112	4346229	944820	1001588	2734814	1480457	179820	760340	23905368	4995528	2191	15428458	5947694	1301109	408618	5766316	46510	22495883	6405013
2021-04-30	29703860	802964	665228	137736	22054605	1766703	5879529	23164134	6542749	0.279	0.079	7644926	5826686	1124640	1761928	4910112	4346229	944820	1001588	2734814	1480457	179820	760340	24308486	5395374	3023	15994459	6060146	1343072	423631	5823580	55949	23161111	6542749
2021-05-01	30039567	335707	260053	75654	22307464	1807891	5918612	23426764	6618403	0.282	0.080	7644926	5826686	1124640	1761928	4910112	4346229	944820	1001588	2734814	1480457	179820	760340	24619543	5420024	5600	16186677	6120787	1377861	430030	5856626	61986	23421164	6618403
2021-05-02	30302898	263331	196988	66343	22501631	1845217	5948645	23625557	6684746	0.284	0.080	7644926	5826686	1124640	1761928	4910112	4346229	944820	1001588	2734814	1480457	179820	760340	24875219	5427679	7405	16326232	6175399	1409904	435313	5882016	66629	23618152	6684746
2021-05-03	30755048	452150	335090	117060	22819943	1916013	6010162	23962172	6801806	0.288	0.082	7644926	5826686	1124640	1761928	4910112	4346229	944820	1001588	2734814	1480457	179820	760340	25233509	5521539	8930	16552878	6267065	1467445	448568	5932919	77243	23953242	6801806
2021-05-04	31597035	841987	680565	161422	23446175	1978778	6160363	24645526	6963228	0.296	0.084	7644926	5826686	1124640	1761928	4910112	4346229	944820	1001588	2734814	1480457	179820	760340	25608244	5988791	11719	17047577	6398598	1516950	461828	6069280	91083	24633807	6963228
2021-05-05	32738568	1141533	911781	229752	24292829	2057849	6372265	25561213	7192980	0.307	0.086	7644926	5826686	1124640	1761928	4910112	4346229	944820	1001588	2734814	1480457	179820	760340	26023813	6714755	15625	17710911	6581918	1570361	487488	6264316	107949	25545588	7192980
2021-05-06	33721451	982883	764113	218770	24979728	2149289	6572865	26329270	7411750	0.317	0.089	7644926	5826686	1124640	1761928	4910112	4346229	944820	1001588	2734814	1480457	179820	760340	26431585	7289866	19569	18224198	6755530	1640024	509265	6445479	127386	26309701	7411750
2021-05-07	34602427	880976	646763	234213	25559664	2235596	6783873	26979758	7645963	0.324	0.092	7644926	5826686	1124640	1761928	4910112	4346229	944820	1001588	2734814	1480457	179820	760340	26868545	7733882	23294	18633592	6926072	1695325	540271	6627547	156326	26956464	7645963
2021-05-08	35028759	426332	271498	154834	25827792	2307521	6868434	27252974	7800797	0.328	0.094	7644926	5826686	1124640	1761928	4910112	4346229	944820	1001588	2734814	1480457	179820	760340	27234386	7794373	25012	18788164	7039628	1747325	560196	6692473	175961	27227962	7800797
2021-05-09	35315352	286593	183566	103027	26022153	2364093	6903028	27437606	7903824	0.330	0.095	7644926	5826686	1124640	1761928	4910112	4346229	944820	1001588	2734814	1480457	179820	760340	27509944	7805408	26078	18902814	7119339	1793062	571031	6715652	187376	27411528	7903824
2021-05-10	35903263	587911	394265	193646	26394987	2445206	7033272	27835591	8097470	0.335	0.097	7644926	5826686	1124640	1761928	4910112	4346229	944820	1001588	2734814	1480457	179820	760340	27908957	7994306	29798	19133475	7261512	1852079	593127	6820239	213033	27805793	8097470
2021-05-11	36985195	1081932	795975	285957	27218542	2524317	7209094	28635010	8383427	0.344	0.101	7644926	5826686	1124640	1761928	4910112	4346229	944820	1001588	2734814	1480457	179820	760340	28337194	8648001	33242	19725456	7493086	1909198	615119	6967114	241980	28601768	8383427
2021-05-12	38395560	1410365	1046465	363900	28309062	2614662	7433396	29686673	8747327	0.357	0.105	7644926	5826686	1124640	1761928	4910112	4346229	944820	1001588	2734814	1480457	179820	760340	28791576	9603984	38440	20521354	7787708	1969145	645517	7157734	275662	29648233	8747327
2021-05-13	38823926	428366	267602	160764	28624050	2681327	7477847	29956537	8908091	0.360	0.107	7644926	5826686	1124640	1761928	4910112	4346229	944820	1001588	2734814	1480457	179820	760340	29146463	9677463	40702	20708094	7915956	2020697	660630	7187044	290803	29915835	8908091
2021-05-14	39578094	754168	524874	229294	29168116	2745875	7615978	30488834	9137385	0.367	0.110	7644926	5826686	1124640	1761928	4910112	4346229	944820	1001588	2734814	1480457	179820	760340	29549294	10028800	48125	21072406	8095710	2069926	675949	7298377	317601	30440709	9137385
2021-05-15	39976618	398524	233679	164845	29446304	2805660	7672255	30726787	9302230	0.369	0.112	7644926	5826686	1124640	1761928	4910112	4346229	944820	1001588	2734814	1480457	179820	760340	29900152	10076466	52399	21229063	8217241	2113188	692472	7332137	340118	30674388	9302230
2021-05-16	40258994	282376	160366	122010	29646558	2858520	7696877	30891793	9424240	0.371	0.113	7644926	5826686	1124640	1761928	4910112	4346229	944820	1001588	2734814	1480457	179820	760340	30166523	10092471	57039	21335442	8311116	2156150	702370	7343162	353715	30834754	9424240
2021-05-17	40813814	554820	347946	206874	29986241	2941422	7818449	31250402	9631114	0.376	0.116	7644926	5826686	1124640	1761928	4910112	4346229	944820	1001588	2734814	1480457	179820	760340	30552025	10261789	67702	21529097	8457144	2214926	726496	7438677	379772	31182700	9631114
2021-05-18	41690559	876745	518358	358387	30579302	3044396	7991505	31776414	9989501	0.382	0.120	7644926	5826686	1124640	1761928	4910112	4346229	944820	1001588	2734814	1480457	179820	760340	30973766	10716793	75356	21828224	8751078	2289014	755382	7583820	407685	31701058	9989501
2021-05-19	42792114	1101555	563078	538477	31387852	3143208	8173150	32352040	10527978	0.389	0.127	7644926	5826686	1124640	1761928	4910112	4346229	944820	1001588	2734814	1480457	179820	760340	31395543	11396571	87904	22172599	9215253	2354574	788634	7736963	436187	32264136	10527978
2021-05-20	43734600	942486	452000	490486	32067846	3238946	8329165	32814779	11018464	0.395	0.132	7644926	5826686	1124640	1761928	4910112	4346229	944820	1001588	2734814	1480457	179820	760340	31807086	11927514	98643	22431678	9636168	2418683	820263	7865775	463390	32716136	11018464
2021-05-21	44579626	845026	402733	442293	32660756	3323036	8486305	33228398	11460757	0.400	0.138	7644926	5826686	1124640	1761928	4910112	4346229	944820	1001588	2734814	1480457	179820	760340	32229392	12350234	109529	22652804	10007952	2473678	849358	7992387	493918	33118869	11460757
2021-05-22	45055274	475648	214583	261065	32966916	3393760	8570135	33457915	11721822	0.402	0.141	7644926	5826686	1124640	1761928	4910112	4346229	944820	1001588	2734814	1480457	179820	760340	32576110	12479164	124463	22750877	10216039	2522146	871614	8060429	509706	33333452	11721822
2021-05-23	45341445	286171	124351	161820	33159856	3452965	8594061	33592366	11883642	0.404	0.143	7644926	5826686	1124640	1761928	4910112	4346229	944820	1001588	2734814	1480457	179820	760340	32844160	12497285	134563	22816268	10343588	2566269	886696	8075266	518795	33457803	11883642
2021-05-24	45664496	323051	139335	183716	33393964	3513182	8614671	33739817	12067358	0.406	0.145	7644926	5826686	1124640	1761928	4910112	4346229	944820	1001588	2734814	1480457	179820	760340	33151686	12512810	142679	22898420	10495544	2611462	901720	8087256	527415	33597138	12067358
2021-05-25	46317993	653497	270606	382891	33840044	3592347	8717994	34035352	12450249	0.409	0.150	7644926	5826686	1124640	1761928	4910112	4346229	944820	1001588	2734814	1480457	179820	760340	33546240	12771753	167608	23038978	10801066	2662836	929511	8165930	552064	33867744	12450249
2021-05-26	47490388	1172395	464834	707561	34721822	3672165	8850755	34578224	13157810	0.416	0.158	7644926	5826686	1124640	1761928	4910112	4346229	944820	1001588	2734814	1480457	179820	760340	33955220	13535168	245646	23351396	11370426	2713965	958200	8267217	583538	34332578	13157810
2021-05-27	48524024	1033636	401144	632492	35456536	3759091	8981587	35060532	13790302	0.422	0.166	7644926	5826686	1124640	1761928	4910112	4346229	944820	1001588	2734814	1480457	179820	760340	34367019	14157005	326810	23607527	11849009	2764470	994621	8361725	619862	34733722	13790302
2021-05-28	49418123	894099	352668	541431	36054259	3843641	9110752	35495861	14331733	0.427	0.172	7644926	5826686	1124640	1761928	4910112	4346229	944820	1001588	2734814	1480457	179820	760340	34793157	14624966	409471	23821963	12232296	2814266	1029375	8450161	660591	35086390	14331733
2021-05-29	49829755	411632	152951	258681	36316813	3906131	9168328	35677824	14590414	0.429	0.175	7644926	5826686	1124640	1761928	4910112	4346229	944820	1001588	2734814	1480457	179820	760340	35130380	14699375	438483	23902432	12414381	2851763	1054368	8485146	683182	35239341	14590414
2021-05-30	50112586	282831	97923	184908	36513721	3952823	9196628	35786678	14775322	0.430	0.178	7644926	5826686	1124640	1761928	4910112	4346229	944820	1001588	2734814	1480457	179820	760340	35391393	14721193	449414	23961997	12551724	2878962	1073861	8496305	700323	35337264	14775322
2021-05-31	50653126	540540	174600	365940	36878559	4017664	9264980	36003787	15141262	0.433	0.182	7644926	5826686	1124640	1761928	4910112	4346229	944820	1001588	2734814	1480457	179820	760340	35774164	14878962	491923	24072096	12806463	2905027	1112637	8534741	730239	35511864	15141262
2021-06-01	51632914	979788	396252	583536	37607531	4094648	9354618	36484233	15724798	0.439	0.189	7644926	5826686	1124640	1761928	4910112	4346229	944820	1001588	2734814	1480457	179820	760340	36163479	15469435	576117	24386328	13221203	2933260	1161388	8588528	766090	35908116	15724798
2021-06-02	52870764	1237850	514798	723052	38590570	4165247	9435917	37101944	16447850	0.446	0.198	7644926	5826686	1124640	1761928	4910112	4346229	944820	1001588	2734814	1480457	179820	760340	36561051	16309713	679030	24834015	13756555	2957605	1207642	8631294	804623	36422914	16447850
2021-06-03	53504111	633347	227950	405397	39059990	4227819	9485293	37381873	16853247	0.449	0.203	7644926	5826686	1124640	1761928	4910112	4346229	944820	1001588	2734814	1480457	179820	760340	36914985	16589126	731009	25012443	14047547	2986556	1241263	8651865	833428	36650864	16853247
2021-06-04	54323895	819784	292555	527229	39655341	4297610	9563163	37751200	17380476	0.454	0.209	7644926	5826686	1124640	1761928	4910112	4346229	944820	1001588	2734814	1480457	179820	760340	37332281	16991614	807781	25242140	14413201	3015130	1282480	8686149	877014	36943419	17380476
2021-06-05	54732251	408356	95971	312385	39924949	4362964	9606424	37877304	17692861	0.455	0.213	7644926	5826686	1124640	1761928	4910112	4346229	944820	1001588	2734814	1480457	179820	760340	37677093	17055158	837914	25300723	14624226	3041624	1321340	8697043	909381	37039390	17692861
2021-06-06	55023782	291531	59658	231873	40130364	4403753	9633702	37955011	17924734	0.456	0.216	7644926	5826686	1124640	1761928	4910112	4346229	944820	1001588	2734814	1480457	179820	760340	37938915	17084867	855963	25344829	14785535	3053552	1350201	8700667	933035	37099048	17924734
2021-06-07	55624203	600421	189068	411353	40525121	4484096	9704759	38198343	18336087	0.459	0.220	7644926	5826686	1124640	1761928	4910112	4346229	944820	1001588	2734814	1480457	179820	760340	38300052	17323248	910227	25476229	15048892	3080205	1403891	8731682	973077	37288116	18336087
2021-06-08	56653132	1028929	322574	706355	41351083	4557100	9766662	38588977	19042442	0.464	0.229	7644926	5826686	1124640	1761928	4910112	4346229	944820	1001588	2734814	1480457	179820	760340	38681160	17968865	978287	25740770	15610313	3106285	1450815	8763635	1003027	37610690	19042442
2021-06-09	58007919	1354787	418884	935903	42467935	4637551	9828709	39103298	19978345	0.470	0.240	7644926	5826686	1124640	1761928	4910112	4346229	944820	1001588	2734814	1480457	179820	760340	39045218	18956810	1073724	26100249	16367686	3133430	1504121	8795895	1032814	38029574	19978345
2021-06-10	59168614	1160695	377765	782930	43396186	4726286	9884051	39569430	20761275	0.476	0.250	7644926	5826686	1124640	1761928	4910112	4346229	944820	1001588	2734814	1480457	179820	760340	39454372	19705530	1162091	26419454	16976732	3165330	1560956	8822555	1061496	38407339	20761275
2021-06-11	60199200	1030586	336868	693718	44174887	4814171	9951552	40002797	21454993	0.481	0.258	7644926	5826686	1124640	1761928	4910112	4346229	944820	1001588	2734814	1480457	179820	760340	39869182	20318630	1258590	26700308	17474579	3192302	1621869	8851597	1099955	38744207	21454993
2021-06-12	60627082	427882	117941	309941	44453091	4885674	9994509	40155956	21764934	0.483	0.262	7644926	5826686	1124640	1761928	4910112	4346229	944820	1001588	2734814	1480457	179820	760340	40193967	20420893	1293808	26786597	17666494	3210901	1674773	8864650	1129859	38862148	21764934
2021-06-13	60908414	281332	63591	217741	44631493	4949160	10020210	40233290	21982675	0.484	0.264	7644926	5826686	1124640	1761928	4910112	4346229	944820	1001588	2734814	1480457	179820	760340	40439639	20456247	1307551	26829636	17801857	3226763	1722397	8869340	1150870	38925739	21982675
2021-06-14	61546131	637717	200248	437469	45047027	5049795	10086703	40488593	22420144	0.487	0.270	7644926	5826686	1124640	1761928	4910112	4346229	944820	1001588	2734814	1480457	179820	760340	40834845	20696780	1362606	26988974	18058053	3250186	1799609	8886827	1199876	39125987	22420144
2021-06-15	62564409	1018278	322921	695357	45819270	5153394	10170158	40870495	23115501	0.491	0.278	7644926	5826686	1124640	1761928	4910112	4346229	944820	1001588	2734814	1480457	179820	760340	41262944	21283470	1421587	27264396	18554874	3278125	1875269	8906387	1263771	39448908	23115501
2021-06-16	63910219	1345810	435957	909853	46887225	5260131	10265235	41382493	24025354	0.498	0.289	7644926	5826686	1124640	1761928	4910112	4346229	944820	1001588	2734814	1480457	179820	760340	41706181	22182018	1497628	27641120	19246105	3311918	1948213	8931827	1333408	39884865	24025354
2021-06-17	65020973	1110754	367713	743041	47736128	5362935	10356112	41818376	24768395	0.503	0.298	7644926	5826686	1124640	1761928	4910112	4346229	944820	1001588	2734814	1480457	179820	760340	42143365	22852215	1565798	27957690	19778438	3341040	2021895	8953848	1402264	40252578	24768395
2021-06-18	65981460	960487	319467	641020	48439899	5456355	10450757	42206494	25409415	0.507	0.306	7644926	5826686	1124640	1761928	4910112	4346229	944820	1001588	2734814	1480457	179820	760340	42570865	23382503	1634449	28224171	20215728	3372107	2084248	8975767	1474990	40572045	25409415
2021-06-19	66400278	418818	112515	306303	48705415	5538213	10501397	42339813	25715718	0.509	0.309	7644926	5826686	1124640	1761928	4910112	4346229	944820	1001588	2734814	1480457	179820	760340	42903942	23466988	1655253	28309332	20396083	3392916	2145297	8982312	1519085	40684560	25715718
2021-06-20	66701739	301461	68254	233207	48890433	5609399	10533874	42420847	25948925	0.510	0.312	7644926	5826686	1124640	1761928	4910112	4346229	944820	1001588	2734814	1480457	179820	760340	43175498	23496614	1668033	28358406	20532027	3408812	2200587	8985596	1548278	40752814	25948925
2021-06-21	67313443	611704	195193	416511	49286137	5705149	10618109	42652055	26365436	0.513	0.317	7644926	5826686	1124640	1761928	4910112	4346229	944820	1001588	2734814	1480457	179820	760340	43555652	23726147	1704048	28515261	20770876	3433581	2271568	8999165	1618944	40948007	26365436
2021-06-22	68359900	1046457	351241	695216	50100923	5802087	10719638	43036500	27060652	0.517	0.325	7644926	5826686	1124640	1761928	4910112	4346229	944820	1001588	2734814	1480457	179820	760340	43969405	24354112	1737252	28818196	21282727	3465836	2336251	9015216	1704422	41299248	27060652
2021-06-23	69658577	1298677	458888	839789	51158355	5895779	10834246	43528333	27900441	0.523	0.335	7644926	5826686	1124640	1761928	4910112	4346229	944820	1001588	2734814	1480457	179820	760340	44379145	25237778	1770197	29227704	21930651	3494842	2400937	9035590	1798656	41758136	27900441
2021-06-24	70655195	996618	456884	539734	51920286	5982411	10944284	44023234	28440175	0.529	0.342	7644926	5826686	1124640	1761928	4910112	4346229	944820	1001588	2734814	1480457	179820	760340	44778314	25830883	1808214	29628001	22292285	3530291	2452120	9056728	1887556	42215020	28440175
2021-06-25	71536590	881395	350827	530568	52581805	6056676	11052560	44411396	28970743	0.534	0.348	7644926	5826686	1124640	1761928	4910112	4346229	944820	1001588	2734814	1480457	179820	760340	45172964	26314646	1845549	29933234	22648571	3556274	2500402	9076339	1976221	42565847	28970743
2021-06-26	71929350	392760	127586	265174	52825980	6122982	11122988	44550833	29235917	0.536	0.352	7644926	5826686	1124640	1761928	4910112	4346229	944820	1001588	2734814	1480457	179820	760340	45501373	26378225	1857400	30030173	22795807	3581060	2541922	9082200	2040788	42693433	29235917
2021-06-27	72218633	289283	89864	199419	52998615	6180048	11178537	44644730	29435336	0.537	0.354	7644926	5826686	1124640	1761928	4910112	4346229	944820	1001588	2734814	1480457	179820	760340	45764583	26403445	1861433	30097590	22901025	3600287	2579761	9085420	2093117	42783297	29435336
2021-06-28	72806699	588066	220144	367922	53369718	6263894	11289744	44886784	29803258	0.540	0.358	7644926	5826686	1124640	1761928	4910112	4346229	944820	1001588	2734814	1480457	179820	760340	46136155	26617843	1883343	30274922	23094796	3630086	2633808	9098433	2191311	43003441	29803258
