date	dosen_kumulativ	dosen_differenz_zum_vortag	dosen_erst_differenz_zum_vortag	dosen_zweit_differenz_zum_vortag	dosen_biontech_kumulativ	dosen_moderna_kumulativ	dosen_astrazeneca_kumulativ	personen_erst_kumulativ	personen_voll_kumulativ	impf_quote_erst	impf_quote_voll	indikation_alter_dosen	indikation_beruf_dosen	indikation_medizinisch_dosen	indikation_pflegeheim_dosen	indikation_alter_erst	indikation_beruf_erst	indikation_medizinisch_erst	indikation_pflegeheim_erst	indikation_alter_voll	indikation_beruf_voll	indikation_medizinisch_voll	indikation_pflegeheim_voll	dosen_dim_kumulativ	dosen_kbv_kumulativ	dosen_johnson_kumulativ	dosen_biontech_erst_kumulativ	dosen_biontech_zweit_kumulativ	dosen_moderna_erst_kumulativ	dosen_moderna_zweit_kumulativ	dosen_astrazeneca_erst_kumulativ	dosen_astrazeneca_zweit_kumulativ	dosen_erst_kumulativ	dosen_zweit_kumulativ
2020-12-27	24089	24089	24076	13	24087	2	0	24076	13	0.000	0.000	10705	8657	1305	12604	10664	8590	1305	12536	41	67	0	68	24089	0	0	24074	13	2	0	0	0	24076	13
2020-12-28	42081	17992	17831	161	42079	2	0	41907	174	0.001	0.000	18621	15788	1991	21344	18580	15721	1991	21276	41	67	0	68	42081	0	0	41905	174	2	0	0	0	41907	174
2020-12-29	92094	50013	49279	734	92091	2	1	91186	908	0.001	0.000	34989	40734	3107	40508	34724	40420	3107	40099	265	314	0	409	92094	0	0	91183	908	2	0	1	0	91186	908
2020-12-30	155587	63493	63355	138	155584	2	1	154541	1046	0.002	0.000	55510	73365	4901	63206	55243	73050	4901	62794	267	315	0	412	155587	0	0	154538	1046	2	0	1	0	154541	1046
2020-12-31	205277	49690	49601	89	205274	2	1	204142	1135	0.002	0.000	72831	96719	6752	83965	72517	96367	6752	83476	314	352	0	489	205277	0	0	204139	1135	2	0	1	0	204142	1135
2021-01-01	230629	25352	25343	9	230618	7	4	229485	1144	0.003	0.000	81208	105449	7830	92301	80894	105097	7830	91812	314	352	0	489	230629	0	0	229475	1143	7	0	3	1	229485	1144
2021-01-02	278576	47947	47661	286	278565	7	4	277146	1430	0.003	0.000	102774	129731	10350	113258	102365	129304	10350	112629	409	427	0	629	278576	0	0	277136	1429	7	0	3	1	277146	1430
2021-01-03	300988	22412	22407	5	300976	8	4	299553	1435	0.004	0.000	113044	140227	11284	123279	112635	139800	11284	122650	409	427	0	629	300988	0	0	299542	1434	8	0	3	1	299553	1435
2021-01-04	346833	45845	45749	96	346820	9	4	345302	1531	0.004	0.000	129646	164913	13951	139091	129237	164486	13951	138462	409	427	0	629	346833	0	0	345290	1530	9	0	3	1	345302	1531
2021-01-05	399060	52227	51890	337	399046	10	4	397192	1868	0.005	0.000	147987	192565	16489	157656	147576	192117	16489	157025	411	448	0	631	399060	0	0	397179	1867	10	0	3	1	397192	1868
2021-01-06	461573	62513	62420	93	461550	16	7	459612	1961	0.006	0.000	169498	225530	19910	180812	169086	225082	19910	180181	412	448	0	631	461573	0	0	459591	1959	16	0	5	2	459612	1961
2021-01-07	516158	54585	54563	22	516129	19	9	514176	1983	0.006	0.000	189172	254868	22957	197233	188758	254418	22957	196600	414	450	0	633	516158	0	1	514149	1980	19	0	7	2	514175	1983
2021-01-08	578374	62216	62108	108	578293	70	10	576284	2091	0.007	0.000	211521	287315	26324	218219	211009	286711	26320	217449	512	604	4	770	578374	0	1	576205	2088	70	0	8	2	576283	2091
2021-01-09	638377	60003	59855	148	638292	73	11	636139	2239	0.008	0.000	237322	313238	29007	243325	236798	312599	29003	242545	524	639	4	780	638377	0	1	636057	2235	73	0	8	3	636138	2239
2021-01-10	674109	35732	35583	149	674016	81	11	671722	2388	0.008	0.000	252455	327794	30379	256315	251929	327151	30375	255535	526	643	4	780	674109	0	1	671633	2383	80	1	8	3	671721	2388
2021-01-11	741922	67813	67711	102	741813	95	13	739433	2490	0.009	0.000	277513	359176	33587	276774	276967	358513	33583	275968	546	663	4	806	741922	0	1	739334	2479	88	7	10	3	739432	2490
2021-01-12	820467	78545	78481	64	820342	110	14	817914	2554	0.010	0.000	305695	401338	36582	301731	305147	400670	36578	300888	548	668	4	843	820467	0	1	817800	2542	103	7	10	4	817913	2554
2021-01-13	931685	111218	111017	201	930392	1278	14	928931	2755	0.011	0.000	345167	458844	40485	337339	344574	458093	40466	336399	593	751	19	940	931685	0	1	927649	2743	1271	7	10	4	928930	2755
2021-01-14	1015258	83573	83351	222	1008816	6427	14	1012282	2977	0.012	0.000	374803	501101	42769	361463	374094	500254	42750	360452	709	847	19	1011	1015258	0	1	1005895	2921	6376	51	10	4	1012281	2977
2021-01-15	1106239	90981	90135	846	1094526	11693	19	1102417	3823	0.013	0.000	408725	545673	46728	389202	407810	544625	46700	387982	915	1048	28	1220	1106239	0	1	1090759	3767	11642	51	15	4	1102416	3823
2021-01-16	1163714	57475	56470	1005	1150321	13372	20	1158887	4828	0.014	0.000	432983	570627	48859	408798	431664	569232	48767	407047	1319	1395	92	1751	1163714	0	1	1145549	4772	13321	51	16	4	1158886	4828
2021-01-17	1211056	47342	30427	16915	1196400	14633	21	1189315	21743	0.014	0.000	453449	591002	50884	428544	444215	583354	50014	417145	9234	7648	870	11399	1211056	0	2	1174714	21686	14582	51	17	4	1189313	21743
2021-01-18	1293269	82213	66628	15585	1274470	18775	22	1255943	37328	0.015	0.000	482728	633883	53106	448900	467235	619730	51700	430238	15493	14153	1406	18662	1293269	0	2	1237201	37269	18722	53	18	4	1255941	37328
2021-01-19	1412276	119007	83006	36001	1389801	22442	31	1338949	73329	0.016	0.001	519765	695968	56714	479843	492669	666683	54375	447938	27096	29285	2339	31905	1412276	0	2	1316536	73265	22384	58	27	4	1338947	73329
2021-01-20	1543723	131447	78059	53388	1518504	25183	34	1417008	126717	0.017	0.002	568076	760039	60957	522078	522876	706310	57505	469463	45200	53729	3452	52615	1543723	0	2	1391851	126653	25125	58	30	4	1417006	126717
2021-01-21	1648562	104839	64097	40742	1620602	27923	35	1481105	167459	0.018	0.002	610150	808503	65406	556195	549621	735602	60889	487988	60529	72901	4517	68207	1648562	0	2	1453209	167393	27864	59	30	5	1481103	167459
2021-01-22	1749951	101389	68220	33169	1719798	30108	43	1549325	200628	0.019	0.002	654049	853889	69013	590642	579902	764987	63599	506975	74147	88902	5414	83667	1749951	0	2	1519241	200557	30044	64	38	5	1549323	200628
2021-01-23	1836295	86344	40478	45866	1805786	30461	46	1589803	246494	0.019	0.003	691767	890989	72414	617916	599855	780966	64783	516268	91912	110023	7631	101648	1836295	0	2	1559364	246422	30396	65	41	5	1589801	246494
2021-01-24	1883419	47124	25533	21591	1852708	30659	50	1615336	268085	0.019	0.003	715655	910067	73331	632982	614016	789814	65130	521524	101639	120253	8201	111458	1883419	0	2	1584695	268013	30594	65	45	5	1615334	268085
2021-01-25	1974183	90764	52465	38299	1942053	32075	53	1667801	306384	0.020	0.004	756375	951632	76827	658117	642321	811974	66847	534304	114054	139658	9980	123813	1974183	0	2	1635744	306309	32007	68	48	5	1667799	306384
2021-01-26	2071622	97439	50717	46722	2038051	33509	60	1718518	353106	0.021	0.004	796572	997196	80614	684405	667753	831436	68195	545278	128819	165760	12419	139127	2071622	0	2	1685025	353026	33436	73	55	5	1718516	353106
2021-01-27	2180648	109026	50868	58158	2145282	35295	68	1769387	411264	0.021	0.005	839834	1049509	85786	715259	691463	852265	70042	556304	148371	197244	15744	158955	2180648	0	3	1734111	411171	35210	85	63	5	1769384	411264
2021-01-28	2273123	92475	46591	45884	2236126	36923	71	1815978	457148	0.022	0.005	877990	1090332	89974	739697	713483	869115	71590	567469	164507	221217	18384	172228	2273123	0	3	1779159	456967	36750	173	66	5	1815975	457148
2021-01-29	2380863	107740	49995	57745	2342379	38403	78	1865973	514893	0.022	0.006	920894	1138243	95507	769100	735839	888487	73819	578309	185055	249756	21688	190791	2380863	0	3	1827668	514711	38229	174	73	5	1865970	514893
2021-01-30	2468865	88002	34392	53610	2429499	39283	80	1900365	568503	0.023	0.007	957412	1174692	99468	796433	752473	901967	75224	586328	204939	272725	24244	210105	2468865	0	3	1861181	568318	39107	176	74	6	1900362	568503
2021-01-31	2525671	56806	25770	31036	2485924	39659	85	1926135	599539	0.023	0.007	982865	1196922	101575	812430	766590	910861	76411	592657	216275	286061	25164	219773	2525671	0	3	1886579	599345	39475	184	78	7	1926132	599539
2021-02-01	2645090	119419	57973	61446	2603084	41867	136	1984108	660985	0.024	0.008	1026174	1260299	105285	839830	787193	944041	78273	602425	238981	316258	27012	237405	2645090	0	3	1942295	660789	41681	186	129	7	1984105	660985
2021-02-02	2777308	132218	65058	67160	2732227	44929	149	2049166	728145	0.025	0.009	1069633	1330364	110479	870030	806216	982089	80866	611659	263417	348275	29613	258371	2777308	0	3	2004279	727948	44742	187	142	7	2049163	728145
2021-02-03	2939239	161931	64236	97695	2887805	51256	175	2113402	825840	0.025	0.010	1128983	1407775	116405	912544	829819	1014401	83062	623312	299164	393374	33343	289232	2939239	0	3	2062168	825637	51063	193	168	7	2113399	825840
2021-02-04	3073128	133889	61797	72092	3015857	57088	180	2175199	897932	0.026	0.011	1177986	1472437	120972	943857	851937	1046473	85311	632945	326049	425964	35661	310912	3073128	0	3	2118131	897726	56892	196	173	7	2175196	897932
2021-02-05	3219891	146763	68963	77800	3156164	63536	188	2244162	975732	0.027	0.012	1232524	1542580	126293	977786	877231	1080338	86905	644262	355293	462242	39388	333524	3219891	0	3	2180773	975391	63206	330	180	8	2244159	975732
2021-02-06	3313561	93670	45440	48230	3247207	66162	189	2289602	1023962	0.028	0.012	1272514	1588658	130853	1003590	896490	1101898	88782	653957	376024	486760	42071	349633	3313561	0	3	2223586	1023621	65832	330	181	8	2289599	1023962
2021-02-07	3366869	53308	28259	25049	3298186	68488	191	2317862	1049011	0.028	0.013	1298155	1609930	133571	1016823	910800	1112720	90015	659435	387355	497210	43556	357388	3366869	0	4	2249518	1048668	68157	331	183	8	2317858	1049011
2021-02-08	3475735	108866	52828	56038	3403200	72311	219	2370691	1105049	0.029	0.013	1350672	1655734	137545	1035599	942269	1129343	91902	666781	408403	526391	45643	368818	3475735	0	5	2298497	1104703	71978	333	211	8	2370686	1105049
2021-02-09	3609724	133989	60210	73779	3533642	75745	332	2430901	1178828	0.029	0.014	1411842	1714380	141993	1058512	978151	1147503	94639	674792	433691	566877	47354	383720	3609724	0	5	2355350	1178292	75222	523	324	8	2430896	1178828
2021-02-10	3764140	154416	77293	77123	3675484	79981	8670	2508194	1255951	0.030	0.015	1478760	1781046	146001	1087933	1017461	1175177	96286	685176	461299	605869	49715	402757	3764140	0	5	2421063	1254421	78476	1505	8650	20	2508189	1255951
2021-02-11	3907882	143742	75246	68496	3795643	87246	24986	2583442	1324447	0.031	0.016	1539776	1848576	151475	1113070	1052428	1208053	98713	694775	487348	640523	52762	418295	3907882	0	7	2475773	1319870	82710	4536	24952	34	2583435	1324447
2021-02-12	4062981	155099	79532	75567	3927212	96543	39216	2662977	1400014	0.032	0.017	1611268	1919253	157751	1138545	1094198	1240389	101429	704318	517070	678864	56322	434227	4062981	0	10	2536827	1390385	87281	9262	38859	357	2662967	1400014
2021-02-13	4170300	107319	61932	45387	4017925	99800	52564	2724910	1445401	0.033	0.017	1667599	1960972	162355	1156080	1129093	1262877	103231	711418	538506	698095	59124	444662	4170300	0	11	2583706	1434219	88993	10807	52200	364	2724899	1445401
2021-02-14	4235470	65170	39493	25677	4073377	102274	59807	2764404	1471078	0.033	0.018	1706122	1983696	163973	1164146	1153761	1276081	104081	714928	552361	707615	59892	449218	4235470	0	12	2614707	1458670	90263	12011	59422	385	2764392	1471078
2021-02-15	4360727	125257	69598	55659	4177910	107541	75263	2834003	1526737	0.034	0.018	1773591	2031897	168008	1183418	1194859	1300739	106358	721524	578732	731158	61650	461894	4360727	0	13	2666596	1511314	92535	15006	74859	404	2833990	1526737
2021-02-16	4494723	133996	77788	56208	4286161	113693	94855	2911792	1582945	0.035	0.019	1839625	2089928	170683	1200400	1236633	1336138	107879	728440	602992	753790	62804	471960	4494723	0	14	2722079	1564082	95260	18433	94439	416	2911778	1582945
2021-02-17	4645467	150744	94454	56290	4408154	121691	115607	3006247	1639235	0.036	0.020	1920033	2147919	175770	1221928	1292995	1368705	110873	736858	627038	779214	64897	485070	4645467	0	15	2790981	1617173	100073	21618	115178	429	3006232	1639235
2021-02-18	4789707	144240	91255	52985	4520325	129915	139451	3097503	1692220	0.037	0.020	1995907	2206102	179208	1240945	1345328	1403985	112659	744258	650579	802117	66549	496687	4789707	0	16	2853713	1666612	104756	25159	139018	433	3097487	1692220
2021-02-19	4948048	158341	102771	55570	4641282	139876	166873	3200275	1747790	0.038	0.021	2076668	2266444	184080	1258305	1402958	1440066	115287	750941	673710	826378	68793	507364	4948048	0	17	2922217	1719065	111707	28169	166334	539	3200258	1747790
2021-02-20	5060099	112051	75794	36257	4727669	144340	188072	3276070	1784047	0.039	0.021	2138268	2310157	187738	1272296	1445964	1469322	117533	755178	692304	840835	70205	517118	5060099	0	18	2972790	1754879	115739	28601	187523	549	3276052	1784047
2021-02-21	5145861	85762	57384	28378	4794174	147981	203687	3333455	1812425	0.040	0.022	2187054	2340674	190304	1282667	1479917	1489494	118664	757407	707137	851180	71640	525260	5145861	0	19	3011083	1783091	119221	28760	203132	555	3333436	1812425
2021-02-22	5301136	155275	97569	57706	4916859	156954	227303	3431025	1870131	0.041	0.022	2266701	2410287	195201	1300517	1538362	1525084	121627	763642	728339	885203	73574	536875	5301136	0	20	3077843	1839016	126426	30528	226736	567	3431005	1870131
2021-02-23	5470983	169847	109386	60461	5050639	164163	256160	3540412	1930592	0.043	0.023	2346910	2483166	200501	1318387	1598211	1563793	124757	771284	748699	919373	75744	547103	5470983	0	21	3152832	1897807	131977	32186	255582	578	3540391	1930592
2021-02-24	5646668	175685	116543	59142	5182065	171773	292808	3656956	1989734	0.044	0.024	2431789	2557990	207079	1337422	1660503	1608669	128907	778912	771286	949321	78172	558510	5646668	0	22	3226820	1955245	137902	33871	292212	596	3656934	1989734
2021-02-25	5835611	188943	130013	58930	5313402	178531	343656	3786969	2048664	0.046	0.025	2514175	2648479	213515	1355541	1722988	1667176	133470	787131	791187	981303	80045	568410	5835611	0	22	3300769	2012633	143131	35400	343047	609	3786947	2048664
2021-02-26	6048057	212446	145584	66862	5454199	187364	406472	3932553	2115526	0.047	0.025	2602819	2749814	220591	1375230	1787946	1735795	138593	794627	814873	1014019	81998	580603	6048057	0	22	3376392	2077807	150348	37016	405791	681	3932531	2115526
2021-02-27	6195775	147718	107833	39885	5546851	191446	457456	4040386	2155411	0.049	0.026	2666475	2822116	227301	1388101	1833818	1790224	143432	799030	832657	1031892	83869	589071	6195775	0	22	3429899	2116952	153698	37748	456767	689	4040364	2155411
2021-02-28	6298610	102835	78775	24060	5608129	195401	495057	4119162	2179471	0.050	0.026	2714700	2875405	231582	1394762	1868893	1834535	146785	801170	845807	1040870	84797	593592	6298610	0	23	3467490	2140639	157300	38101	494349	708	4119139	2179471
2021-03-01	6496837	198227	148372	49855	5738402	205023	553389	4267534	2229326	0.051	0.027	2817221	2953369	239381	1408021	1943445	1896228	153263	806209	873776	1057141	86118	601812	6496837	0	23	3549945	2188457	164901	40122	552665	724	4267511	2229326
2021-03-02	6715832	218995	166902	52093	5878585	215017	622207	4434436	2281419	0.053	0.027	2927307	3047588	248982	1422628	2022735	1971725	160632	812692	904572	1075863	88350	609936	6715832	0	23	3640931	2237654	172021	42996	621461	746	4434413	2281419
2021-03-03	6962913	247081	176586	70495	6036370	229965	696555	4611022	2351914	0.055	0.028	3047976	3148969	260606	1439862	2105531	2048823	170041	819606	942445	1100146	90565	620256	6962913	0	23	3734149	2302221	181094	48871	695756	799	4610999	2351914
2021-03-04	7207740	244827	182012	62815	6177612	244431	785674	4793034	2414729	0.058	0.029	3159240	3258741	272992	1455625	2181653	2136963	180034	825002	977587	1121778	92958	630623	7207740	0	23	3818006	2359606	190168	54263	784837	837	4793011	2414729
2021-03-05	7482008	274268	207295	66973	6325546	257796	898642	5000330	2481702	0.060	0.030	3277185	3383782	287941	1471072	2258903	2242620	191990	830697	1018282	1141162	95951	640375	7482008	0	24	3904978	2420568	197573	60223	897755	887	5000306	2481702
2021-03-06	7683690	201682	153025	48657	6434774	266236	982656	5153355	2530359	0.062	0.030	3366696	3478463	298371	1480590	2314602	2325555	200824	833966	1052094	1152908	97547	646624	7683690	0	24	3967808	2466966	203775	62461	981748	908	5153331	2530359
2021-03-07	7831228	147538	114057	33481	6514515	272890	1043799	5267412	2563840	0.063	0.031	3437978	3544531	306478	1486155	2360956	2383880	208082	835928	1077022	1160651	98396	650227	7831228	0	24	4016424	2498091	208093	64797	1042871	928	5267388	2563840
2021-03-08	8068663	237435	185856	51579	6648419	283845	1136375	5453268	2615419	0.066	0.031	3556806	3640371	322827	1498475	2442587	2468035	222757	841890	1114219	1172336	100070	656585	8068663	0	24	4102153	2546266	215685	68160	1135406	969	5453244	2615419
2021-03-09	8320866	252203	197408	54795	6788520	296628	1235694	5650676	2670214	0.068	0.032	3677710	3742787	340236	1512022	2524321	2558568	238262	848791	1153389	1184219	101974	663231	8320866	0	24	4190996	2597524	224996	71632	1234660	1034	5650652	2670214
2021-03-10	8609258	288392	221366	67026	6947622	308806	1352805	5872043	2737240	0.071	0.033	3808598	3856306	360962	1530389	2606688	2661880	256906	860000	1201910	1194426	104056	670389	8608287	971	25	4286685	2660937	233615	75191	1351718	1087	5872018	2737240
2021-03-11	8893476	284218	223329	60889	7095258	322523	1475670	6095372	2798129	0.073	0.034	3937470	3976178	382106	1544008	2689957	2769533	276555	867677	1247513	1206645	105551	676331	8891850	1626	25	4377836	2717422	242985	79538	1474526	1144	6095347	2798129
2021-03-12	9219683	326207	255358	70849	7246839	339816	1633003	6350730	2868978	0.076	0.034	4071484	4127850	404783	1559463	2770420	2906954	297406	877132	1301064	1220896	107377	682331	9217847	1836	25	4463362	2783477	255685	84131	1631658	1345	6350705	2868978
2021-03-13	9460239	240556	190297	50259	7362848	349384	1747982	6541027	2919237	0.079	0.035	4181046	4240796	425293	1567511	2840453	3011727	316755	881879	1340593	1229069	108538	685632	9458247	1992	25	4530564	2832284	263913	85471	1746525	1457	6541002	2919237
2021-03-14	9630220	169981	134303	35678	7450907	354896	1824392	6675330	2954915	0.080	0.036	4266043	4307307	441408	1570975	2896461	3072888	331859	883676	1369582	1234419	109549	687299	9628218	2002	25	4583941	2866966	268450	86446	1822914	1478	6675305	2954915
2021-03-15	9877901	247681	188474	59207	7603717	367628	1906531	6863804	3014122	0.083	0.036	4400463	4391447	461474	1582289	2984151	3147219	350790	890548	1416312	1244228	110684	691741	9875616	2285	25	4679334	2924383	279483	88145	1904962	1569	6863779	3014122
2021-03-16	10056813	178912	110722	68190	7770363	378878	1907547	6974526	3082312	0.084	0.037	4527474	4426082	473886	1593025	3059300	3169255	361553	895647	1468174	1256827	112333	697378	10053981	2832	25	4780279	2990084	288248	90630	1905974	1573	6974501	3082312
2021-03-17	10261869	205056	124109	80947	7956683	396869	1908292	7098635	3163259	0.085	0.038	4672447	4463838	487350	1605072	3141952	3193652	373040	902175	1530495	1270186	114310	702897	10258420	3449	25	4890464	3066219	301432	95437	1906714	1578	7098610	3163259
2021-03-18	10455422	193553	117998	75555	8130914	415033	1909450	7216633	3238814	0.087	0.039	4812398	4498757	499905	1615322	3222615	3215628	383588	907340	1589783	1283129	116317	707982	10451550	3872	25	4994340	3136574	314397	100636	1907871	1579	7216608	3238814
2021-03-19	10700426	245004	160771	84233	8316565	435821	1948015	7377404	3323047	0.089	0.040	4961948	4563922	518114	1627194	3306761	3267408	399605	914537	1655187	1296514	118509	712657	10696023	4403	25	5102620	3213945	328380	107441	1946379	1636	7377379	3323047
2021-03-20	10920649	220223	166962	53261	8451948	451111	2017565	7544366	3376308	0.091	0.041	5078536	4641917	537715	1633319	3379545	3337212	417708	917920	1698991	1304705	120007	715399	10915922	4727	25	5188604	3263344	339838	111273	2015899	1666	7544341	3376308
2021-03-21	11085130	164481	126295	38186	8554122	460305	2070678	7670661	3414494	0.092	0.041	5171749	4694283	554274	1635819	3440184	3384099	433219	919244	1731565	1310184	121055	716575	11080403	4727	25	5255862	3298260	345788	114517	2068986	1692	7670636	3414494
2021-03-22	11354334	269204	192799	76405	8720558	484114	2149637	7863460	3490899	0.095	0.042	5329624	4766248	576579	1645397	3534739	3445389	453483	925279	1794885	1320859	123096	720118	11348079	6255	25	5353345	3367213	362198	121916	2147892	1745	7863435	3490899
2021-03-23	11655296	300962	216927	84035	8902245	503845	2249181	8080387	3574934	0.097	0.043	5490190	4854892	604288	1656865	3629814	3521119	478432	932910	1860376	1333773	125856	723955	11644053	11243	25	5456026	3446219	376956	126889	2247380	1801	8080362	3574934
2021-03-24	11994518	339222	249645	89577	9102556	536878	2355059	8330032	3664511	0.100	0.044	5664852	4952071	635971	1672375	3732242	3605792	507202	944863	1932610	1346279	128769	727512	11977483	17035	25	5572141	3530415	404682	132196	2353184	1875	8330007	3664511
2021-03-25	12327231	332713	251561	81152	9288114	564560	2474532	8581593	3745663	0.103	0.045	5830941	5060081	670798	1683452	3832663	3703768	539527	951994	1998278	1356313	131271	731458	12304251	22980	25	5682226	3605888	426796	137764	2472546	1986	8581568	3745663
2021-03-26	12701328	374097	285561	88536	9487921	601738	2611643	8867155	3834199	0.107	0.046	6003833	5184282	710463	1698535	3933360	3816071	576057	962322	2070473	1368211	134406	736213	12672034	29294	26	5800296	3687625	457274	144464	2609559	2084	8867129	3834199
2021-03-27	12982586	281258	218931	62327	9637506	629357	2715696	9086087	3896526	0.109	0.047	6147056	5279869	744190	1703356	4023632	3903670	607441	965464	2123424	1376199	136749	737892	12950942	31644	27	5890722	3746784	481783	147574	2713555	2141	9086060	3896526
2021-03-28	13178975	196389	143170	53219	9752835	647860	2778253	9229257	3949745	0.111	0.047	6253046	5333384	768116	1706823	4085867	3950861	629648	967502	2167179	1382523	138468	739321	13147140	31835	27	5956157	3796678	497012	150848	2776061	2192	9229230	3949745
2021-03-29	13484672	305697	217105	88592	9941571	672857	2870217	9446362	4038337	0.114	0.049	6418833	5404751	806706	1716518	4180272	4010842	665103	973637	2238561	1393909	141603	742881	13446889	37783	27	6063175	3878396	515200	157657	2867960	2257	9446335	4038337
2021-03-30	13813609	328937	236446	92491	10160168	697284	2956130	9682808	4130828	0.116	0.050	6591913	5474211	853024	1727240	4280843	4069380	706095	981320	2311070	1404831	146929	745920	13763690	49919	27	6195799	3964369	533169	164115	2953813	2317	9682781	4130828
2021-03-31	14149823	336214	234757	101457	10407640	733326	3008830	9917565	4232285	0.119	0.051	6774517	5538855	899988	1738789	4384637	4121392	747318	988525	2389880	1417463	152670	750264	14083589	66234	27	6349817	4057823	561244	172082	3006477	2353	9917538	4232285
2021-04-01	14476546	326723	235970	90753	10646586	765779	3064154	10153535	4323038	0.122	0.052	6936269	5606629	944397	1747554	4476928	4175958	787230	994147	2459341	1430671	157167	753407	14390233	86313	27	6505944	4140642	585805	179974	3061759	2395	10153508	4323038
2021-04-02	14702262	225716	157732	67984	10826116	780164	3095955	10311267	4391022	0.124	0.053	7067172	5654574	981393	1749910	4552089	4213818	820223	995356	2515083	1440756	161170	754554	14614425	87837	27	6621857	4204259	595849	184315	3093534	2421	10311240	4391022
2021-04-03	14934211	231949	167535	64414	11000332	795966	3137886	10478802	4455436	0.126	0.054	7198861	5698683	1018737	1753036	4633025	4248782	853330	997097	2565836	1449901	165407	755939	14844975	89236	27	6736543	4263789	606805	189161	3135427	2459	10478775	4455436
2021-04-04	15127163	192952	142596	50356	11132536	806028	3188572	10621398	4505792	0.128	0.054	7309766	5731715	1048001	1754173	4704262	4274251	879171	997551	2605504	1457464	168830	756622	15037791	89372	27	6822323	4310213	612978	193050	3186070	2502	10621371	4505792
2021-04-05	15375020	247857	177654	70203	11297530	823889	3253574	10799052	4575995	0.130	0.055	7456036	5770066	1081529	1756372	4794323	4302940	907924	998846	2661713	1467126	173605	757526	15284338	90682	27	6921925	4375605	626059	197830	3251041	2533	10799025	4575995
2021-04-06	15748780	373760	279078	94682	11552464	856106	3340181	11078132	4670677	0.133	0.056	7644926	5826686	1124640	1761928	4910112	4346229	944820	1001588	2734814	1480457	179820	760340	15621471	127309	29	7090939	4461525	649584	206522	3337580	2601	11078103	4670677
2021-04-07	16416775	667995	571658	96337	12094623	893150	3428973	11649790	4767014	0.140	0.057	7644926	5826686	1124640	1761928	4910112	4346229	944820	1001588	2734814	1480457	179820	760340	15983802	432973	29	7545447	4549176	678025	215125	3426289	2684	11649761	4767014
2021-04-08	17115641	698866	611162	87704	12666146	928783	3520683	12260952	4854718	0.147	0.058	7644926	5826686	1124640	1761928	4910112	4346229	944820	1001588	2734814	1480457	179820	760340	16357790	757851	29	8038320	4627826	704684	224099	3517919	2764	12260923	4854718
2021-04-09	17747768	632127	543213	88914	13156557	965374	3625808	12804165	4943632	0.154	0.059	7644926	5826686	1124640	1761928	4910112	4346229	944820	1001588	2734814	1480457	179820	760340	16750414	997354	29	8451335	4705222	729840	235534	3622961	2847	12804136	4943632
2021-04-10	18120352	372584	307533	65051	13405042	988598	3726683	13111698	5008683	0.158	0.060	7644926	5826686	1124640	1761928	4910112	4346229	944820	1001588	2734814	1480457	179820	760340	17089952	1030400	29	8642513	4762529	745383	243215	3723773	2910	13111669	5008683
2021-04-11	18384264	263912	213594	50318	13575408	1007264	3801563	13325292	5059001	0.160	0.061	7644926	5826686	1124640	1761928	4910112	4346229	944820	1001588	2734814	1480457	179820	760340	17348785	1035479	29	8766582	4808826	760104	247160	3798577	2986	13325263	5059001
2021-04-12	18802907	418643	342273	76370	13854279	1036497	3912101	13667566	5135371	0.164	0.062	7644926	5826686	1124640	1761928	4910112	4346229	944820	1001588	2734814	1480457	179820	760340	17718921	1083986	30	8977607	4876672	780867	255630	3909062	3039	13667536	5135371
2021-04-13	19379783	576876	503186	73690	14286550	1063738	4029465	14170752	5209061	0.170	0.063	7644926	5826686	1124640	1761928	4910112	4346229	944820	1001588	2734814	1480457	179820	760340	18099667	1280116	30	9341825	4944725	802666	261072	4026231	3234	14170722	5209061
2021-04-14	20154716	774933	691727	83206	14902954	1097290	4154442	14862479	5292267	0.179	0.064	7644926	5826686	1124640	1761928	4910112	4346229	944820	1001588	2734814	1480457	179820	760340	18500803	1653913	30	9884085	5018869	827714	269576	4150650	3792	14862449	5292267
2021-04-15	20834997	680281	609974	70307	15437026	1133448	4264492	15472454	5362574	0.186	0.064	7644926	5826686	1124640	1761928	4910112	4346229	944820	1001588	2734814	1480457	179820	760340	18885455	1949542	31	10357410	5079616	855259	278189	4259754	4738	15472423	5362574
2021-04-16	21431596	596599	522409	74190	15875199	1166010	4390356	15994863	5436764	0.192	0.065	7644926	5826686	1124640	1761928	4910112	4346229	944820	1001588	2734814	1480457	179820	760340	19287215	2144381	31	10730628	5144571	879391	286619	4384813	5543	15994832	5436764
2021-04-17	21797612	366016	309404	56612	16100068	1188695	4508818	16304267	5493376	0.196	0.066	7644926	5826686	1124640	1761928	4910112	4346229	944820	1001588	2734814	1480457	179820	760340	19631427	2166185	31	10907503	5192565	894939	293756	4501794	7024	16304236	5493376
2021-04-18	22067145	269533	230528	39005	16272121	1204084	4590909	16534795	5532381	0.199	0.067	7644926	5826686	1124640	1761928	4910112	4346229	944820	1001588	2734814	1480457	179820	760340	19896349	2170796	31	11045615	5226506	906430	297654	4582719	8190	16534764	5532381
2021-04-19	22469474	402329	340915	61414	16565945	1237017	4666480	16875711	5593795	0.203	0.067	7644926	5826686	1124640	1761928	4910112	4346229	944820	1001588	2734814	1480457	179820	760340	20254347	2215127	32	11287267	5278678	931439	305578	4656973	9507	16875679	5593795
2021-04-20	23030289	560815	498044	62771	16947882	1276263	4806111	17373756	5656566	0.209	0.068	7644926	5826686	1124640	1761928	4910112	4346229	944820	1001588	2734814	1480457	179820	760340	20620711	2409578	33	11615180	5332702	964020	312243	4794523	11588	17373723	5656566
2021-04-21	23751365	721076	647941	73135	17402166	1317976	5031190	18021697	5729701	0.217	0.069	7644926	5826686	1124640	1761928	4910112	4346229	944820	1001588	2734814	1480457	179820	760340	21002639	2748726	33	12006911	5395255	997601	320375	5017152	14038	18021664	5729701
2021-04-22	24389996	638631	571437	67194	17783946	1361653	5244364	18593134	5796895	0.224	0.070	7644926	5826686	1124640	1761928	4910112	4346229	944820	1001588	2734814	1480457	179820	760340	21374011	3015985	33	12332798	5451148	1033598	328055	5226705	17659	18593101	5796895
2021-04-23	24946432	556436	487502	68934	18137250	1405245	5403904	19080636	5865829	0.229	0.071	7644926	5826686	1124640	1761928	4910112	4346229	944820	1001588	2734814	1480457	179820	760340	21762252	3184180	33	12631245	5506005	1066666	338579	5382692	21212	19080603	5865829
2021-04-24	25312083	365651	306710	58941	18372227	1454576	5485247	19387346	5924770	0.233	0.071	7644926	5826686	1124640	1761928	4910112	4346229	944820	1001588	2734814	1480457	179820	760340	22110992	3201091	33	12825005	5547222	1100627	353949	5461681	23566	19387313	5924770
2021-04-25	25595057	282974	233935	49039	18560008	1488248	5546768	19621281	5973809	0.236	0.072	7644926	5826686	1124640	1761928	4910112	4346229	944820	1001588	2734814	1480457	179820	760340	22388152	3206905	33	12975392	5584616	1124439	363809	5521417	25351	19621248	5973809
2021-04-26	26028169	433112	359104	74008	18877937	1530748	5619381	19980455	6047817	0.240	0.073	7644926	5826686	1124640	1761928	4910112	4346229	944820	1001588	2734814	1480457	179820	760340	22734672	3293497	103	13231783	5646154	1158540	372208	5590029	29352	19980352	6047817
2021-04-27	26813636	785467	693447	92020	19554656	1582254	5676070	20674455	6139837	0.249	0.074	7644926	5826686	1124640	1761928	4910112	4346229	944820	1001588	2734814	1480457	179820	760340	23105259	3708377	656	13830646	5724010	1200913	381341	5642240	33830	20673799	6139837
2021-04-28	27936885	1123249	996179	127070	20562888	1642980	5729529	21671466	6266907	0.261	0.075	7644926	5826686	1124640	1761928	4910112	4346229	944820	1001588	2734814	1480457	179820	760340	23499425	4437460	1488	14730289	5832599	1249099	393881	5690590	38939	21669978	6266907
2021-04-29	28883333	946448	812956	133492	21387302	1706921	5786713	22485331	6400399	0.270	0.077	7644926	5826686	1124640	1761928	4910112	4346229	944820	1001588	2734814	1480457	179820	760340	23887805	4995528	2397	15442414	5944888	1300646	406275	5739874	46839	22482934	6400399
2021-04-30	29687156	803823	666743	137080	22065731	1764230	5853923	23152949	6537479	0.278	0.079	7644926	5826686	1124640	1761928	4910112	4346229	944820	1001588	2734814	1480457	179820	760340	24291782	5395374	3272	16009280	6056451	1342697	421533	5797700	56223	23149677	6537479
2021-05-01	30023448	336292	260060	76232	22318566	1805722	5893314	23415583	6613711	0.282	0.080	7644926	5826686	1124640	1761928	4910112	4346229	944820	1001588	2734814	1480457	179820	760340	24603424	5420024	5846	16200878	6117688	1377784	427938	5831075	62239	23409737	6613711
2021-05-02	30288441	264993	197625	67368	22514141	1843231	5923416	23615015	6681079	0.284	0.080	7644926	5826686	1124640	1761928	4910112	4346229	944820	1001588	2734814	1480457	179820	760340	24860762	5427679	7653	16340719	6173422	1410042	433189	5856601	66815	23607362	6681079
2021-05-03	30740249	451808	335405	116403	22832096	1913830	5985084	23952006	6797482	0.288	0.082	7644926	5826686	1124640	1761928	4910112	4346229	944820	1001588	2734814	1480457	179820	760340	25218710	5521539	9239	16567670	6264426	1467433	446397	5907664	77420	23942767	6797482
2021-05-04	31583339	843090	681377	161713	23458454	1977343	6135342	24636344	6959195	0.296	0.084	7644926	5826686	1124640	1761928	4910112	4346229	944820	1001588	2734814	1480457	179820	760340	25594548	5988791	12200	17062223	6396231	1517700	459643	6044221	91121	24624144	6959195
2021-05-05	32730557	1147218	914971	232247	24309752	2056307	6347827	25555786	7191442	0.307	0.086	7644926	5826686	1124640	1761928	4910112	4346229	944820	1001588	2734814	1480457	179820	760340	26015802	6714755	16671	17728138	6581614	1571160	485147	6239817	108010	25539115	7191442
2021-05-06	33721556	990999	767387	223612	25002519	2148429	6549386	26327724	7415054	0.317	0.089	7644926	5826686	1124640	1761928	4910112	4346229	944820	1001588	2734814	1480457	179820	760340	26431690	7289866	21222	18243715	6758804	1640867	507562	6421920	127466	26306502	7415054
2021-05-07	34612738	891182	652755	238427	25590354	2235128	6761831	26984682	7653481	0.324	0.092	7644926	5826686	1124640	1761928	4910112	4346229	944820	1001588	2734814	1480457	179820	760340	26878856	7733882	25425	18657555	6932799	1696600	538528	6605102	156729	26959257	7653481
2021-05-08	35038524	425786	271732	154054	25858028	2306902	6846452	27258131	7807535	0.328	0.094	7644926	5826686	1124640	1761928	4910112	4346229	944820	1001588	2734814	1480457	179820	760340	27244151	7794373	27142	18812338	7045690	1748546	558356	6670105	176347	27230989	7807535
2021-05-09	35324705	286181	183645	102536	26051918	2363459	6881119	27442843	7910071	0.330	0.095	7644926	5826686	1124640	1761928	4910112	4346229	944820	1001588	2734814	1480457	179820	760340	27519297	7805408	28209	18926970	7124948	1794310	569149	6693354	187765	27414634	7910071
2021-05-10	35914078	589373	395849	193524	26425107	2445251	7011782	27842421	8103595	0.335	0.097	7644926	5826686	1124640	1761928	4910112	4346229	944820	1001588	2734814	1480457	179820	760340	27919772	7994306	31938	19158378	7266729	1853929	591322	6798176	213606	27810483	8103595
2021-05-11	36999932	1085854	798037	287817	27251028	2525155	7188170	28644099	8391412	0.344	0.101	7644926	5826686	1124640	1761928	4910112	4346229	944820	1001588	2734814	1480457	179820	760340	28351931	8648001	35579	19751435	7499593	1911668	613487	6945417	242753	28608520	8391412
2021-05-12	38415975	1416043	1049349	366694	28344382	2616825	7413437	29699200	8758106	0.357	0.105	7644926	5826686	1124640	1761928	4910112	4346229	944820	1001588	2734814	1480457	179820	760340	28811991	9603984	41331	20548357	7796025	1972786	644039	7136726	276711	29657869	8758106
2021-05-13	38845220	429245	268402	160843	28659697	2683597	7457948	29970249	8918949	0.360	0.107	7644926	5826686	1124640	1761928	4910112	4346229	944820	1001588	2734814	1480457	179820	760340	29167757	9677463	43978	20735903	7923794	2024347	659250	7166021	291927	29926271	8918949
2021-05-14	39601745	756525	526143	230382	29204918	2748521	7596536	30504184	9149331	0.367	0.110	7644926	5826686	1124640	1761928	4910112	4346229	944820	1001588	2734814	1480457	179820	760340	29572945	10028800	51770	21100671	8104247	2074083	674438	7277660	318876	30452414	9149331
2021-05-15	40002035	400290	234682	165608	29484103	2808900	7652982	30743146	9314939	0.370	0.112	7644926	5826686	1124640	1761928	4910112	4346229	944820	1001588	2734814	1480457	179820	760340	29925569	10076466	56050	21257477	8226626	2118038	690862	7311581	341401	30687096	9314939
2021-05-16	40284168	282133	160540	121593	29683858	2861627	7677909	30908410	9436532	0.372	0.113	7644926	5826686	1124640	1761928	4910112	4346229	944820	1001588	2734814	1480457	179820	760340	30191697	10092471	60774	21363860	8319998	2160882	700745	7322894	355015	30847636	9436532
2021-05-17	40839399	555231	349339	205892	30022139	2947312	7799417	31267506	9642424	0.376	0.116	7644926	5826686	1124640	1761928	4910112	4346229	944820	1001588	2734814	1480457	179820	760340	30577610	10261789	70531	21556776	8465363	2222154	725158	7418045	381372	31196975	9642424
2021-05-18	41711301	871902	517433	354469	30611646	3048407	7972945	31792711	9996893	0.382	0.120	7644926	5826686	1124640	1761928	4910112	4346229	944820	1001588	2734814	1480457	179820	760340	30994508	10716793	78303	21856217	8755429	2294662	753745	7563529	409416	31714408	9996893
2021-05-19	42809200	1097899	563788	534111	31415819	3148498	8154424	32368655	10531004	0.389	0.127	7644926	5826686	1124640	1761928	4910112	4346229	944820	1001588	2734814	1480457	179820	760340	31412629	11396571	90459	22200245	9215574	2360904	787594	7717047	437377	32278196	10531004
2021-05-20	43756750	947550	455631	491919	32099438	3244968	8311048	32835123	11022923	0.395	0.133	7644926	5826686	1124640	1761928	4910112	4346229	944820	1001588	2734814	1480457	179820	760340	31829236	11927514	101296	22461209	9638229	2426415	818553	7846203	464845	32733827	11022923
2021-05-21	44607917	851167	406069	445098	32695625	3330666	8468451	33253071	11468021	0.400	0.138	7644926	5826686	1124640	1761928	4910112	4346229	944820	1001588	2734814	1480457	179820	760340	32257683	12350234	113175	22683774	10011851	2482798	847868	7973324	495127	33139896	11468021
2021-05-22	45081817	473900	214977	258923	33001844	3400167	8552354	33482325	11726944	0.403	0.141	7644926	5826686	1124640	1761928	4910112	4346229	944820	1001588	2734814	1480457	179820	760340	32602653	12479164	127452	22782313	10219531	2531104	869063	8041456	510898	33354873	11726944
2021-05-23	45366882	285065	124761	160304	33194752	3459553	8576261	33615950	11887248	0.404	0.143	7644926	5826686	1124640	1761928	4910112	4346229	944820	1001588	2734814	1480457	179820	760340	32869597	12497285	136316	22847974	10346778	2575402	884151	8056258	520003	33479634	11887248
2021-05-24	45692848	325966	141145	184821	33430468	3521096	8596929	33765134	12072069	0.406	0.145	7644926	5826686	1124640	1761928	4910112	4346229	944820	1001588	2734814	1480457	179820	760340	33180038	12512810	144355	22930596	10499872	2621950	899146	8068233	528696	33620779	12072069
2021-05-25	46348327	655479	272155	383324	33877088	3600774	8700998	34062401	12455393	0.410	0.150	7644926	5826686	1124640	1761928	4910112	4346229	944820	1001588	2734814	1480457	179820	760340	33576574	12771753	169467	23072331	10804757	2673402	927372	8147201	553797	33892934	12455393
2021-05-26	47528271	1179944	469605	710339	34762260	3683147	8835124	34610279	13165732	0.416	0.158	7644926	5826686	1124640	1761928	4910112	4346229	944820	1001588	2734814	1480457	179820	760340	33993103	13535168	247740	23387215	11375045	2725993	957154	8249331	585793	34362539	13165732
2021-05-27	48569052	1040781	404181	636600	35501356	3772073	8966760	35095583	13802332	0.422	0.166	7644926	5826686	1124640	1761928	4910112	4346229	944820	1001588	2734814	1480457	179820	760340	34412047	14157005	328863	23645077	11856279	2777618	994455	8344025	622735	34766720	13802332
2021-05-28	49472908	903856	356351	547505	36104803	3858203	9097284	35535689	14349837	0.427	0.173	7644926	5826686	1124640	1761928	4910112	4346229	944820	1001588	2734814	1480457	179820	760340	34847942	14624966	412618	23861897	12242906	2828140	1030063	8433034	664250	35123071	14349837
2021-05-29	49883079	410171	151733	258438	36366625	3920795	9155249	35715214	14608275	0.429	0.176	7644926	5826686	1124640	1761928	4910112	4346229	944820	1001588	2734814	1480457	179820	760340	35183704	14699375	440410	23941744	12424881	2864995	1055800	8468065	687184	35274804	14608275
2021-05-30	50166616	283537	97726	185811	36563767	3967806	9183601	35823972	14794086	0.431	0.178	7644926	5826686	1124640	1761928	4910112	4346229	944820	1001588	2734814	1480457	179820	760340	35445423	14721193	451442	24000955	12562812	2892347	1075459	8479228	704373	35372530	14794086
2021-05-31	50713313	546697	178382	368315	36930941	4035235	9253217	36044832	15162401	0.433	0.182	7644926	5826686	1124640	1761928	4910112	4346229	944820	1001588	2734814	1480457	179820	760340	35834351	14878962	493920	24112718	12818223	2920031	1115204	8518163	735054	35550912	15162401
2021-06-01	51701619	988306	400062	588244	37664388	4115030	9343728	36529447	15750645	0.439	0.189	7644926	5826686	1124640	1761928	4910112	4346229	944820	1001588	2734814	1480457	179820	760340	36232184	15469435	578473	24428891	13235497	2949784	1165246	8572299	771429	35950974	15750645
2021-06-02	52950238	1248619	516833	731786	38653360	4187603	9425952	37151130	16482431	0.447	0.198	7644926	5826686	1124640	1761928	4910112	4346229	944820	1001588	2734814	1480457	179820	760340	36640525	16309713	683323	24878289	13775071	2974253	1213350	8615265	810687	36467807	16482431
2021-06-03	53592896	642658	230401	412257	39128289	4251910	9476172	37434733	16894688	0.450	0.203	7644926	5826686	1124640	1761928	4910112	4346229	944820	1001588	2734814	1480457	179820	760340	37003770	16589126	736525	25058120	14070169	3003960	1247950	8636128	840044	36698208	16894688
2021-06-04	54403894	810998	291267	519731	39713962	4323144	9553048	37803215	17414419	0.455	0.209	7644926	5826686	1124640	1761928	4910112	4346229	944820	1001588	2734814	1480457	179820	760340	37412280	16991614	813740	25286197	14427765	3032654	1290490	8670624	882424	36989475	17414419
2021-06-05	54816747	412853	96342	316511	39985057	4390107	9597230	37930170	17730930	0.456	0.213	7644926	5826686	1124640	1761928	4910112	4346229	944820	1001588	2734814	1480457	179820	760340	37761589	17055158	844353	25345323	14639734	3058949	1331158	8681545	915685	37085817	17730930
2021-06-06	55108943	292196	59466	232730	40190769	4431102	9624478	38007877	17963660	0.457	0.216	7644926	5826686	1124640	1761928	4910112	4346229	944820	1001588	2734814	1480457	179820	760340	38024076	17084867	862594	25389272	14801497	3070923	1360179	8685088	939390	37145283	17963660
2021-06-07	55723143	614200	193131	421069	40592905	4516169	9696993	38255490	18384729	0.460	0.221	7644926	5826686	1124640	1761928	4910112	4346229	944820	1001588	2734814	1480457	179820	760340	38398992	17323248	917076	25523683	15069222	3098491	1417678	8716240	980753	37338414	18384729
2021-06-08	56776350	1053207	341236	711971	41439433	4591546	9759947	38665074	19096700	0.465	0.230	7644926	5826686	1124640	1761928	4910112	4346229	944820	1001588	2734814	1480457	179820	760340	38804378	17968865	985424	25806384	15633049	3124727	1466819	8748539	1011408	37679650	19096700
2021-06-09	58199761	1423411	448762	974649	42615822	4678787	9823951	39209613	20071349	0.471	0.241	7644926	5826686	1124640	1761928	4910112	4346229	944820	1001588	2734814	1480457	179820	760340	39237060	18956810	1081201	26194326	16421496	3153136	1525651	8780950	1043001	38128412	20071349
2021-06-10	59390995	1191234	404645	786589	43573018	4768597	9879736	39702701	20857938	0.477	0.251	7644926	5826686	1124640	1761928	4910112	4346229	944820	1001588	2734814	1480457	179820	760340	39676753	19705530	1169644	26540026	17032992	3185170	1583427	8807861	1071875	38533057	20857938
2021-06-11	60453369	1062374	364230	698144	44380480	4857616	9948854	40163706	21556082	0.483	0.259	7644926	5826686	1124640	1761928	4910112	4346229	944820	1001588	2734814	1480457	179820	760340	40123351	20318630	1266419	26846428	17534052	3213388	1644228	8837471	1111383	38897287	21556082
2021-06-12	60888557	435188	123754	311434	44665129	4929477	9992293	40322699	21867516	0.485	0.263	7644926	5826686	1124640	1761928	4910112	4346229	944820	1001588	2734814	1480457	179820	760340	40455442	20420893	1301658	26938316	17726813	3232111	1697366	8850614	1141679	39021041	21867516
2021-06-13	61171522	282965	64747	218218	44844992	4992979	10018106	40401233	22085734	0.486	0.266	7644926	5826686	1124640	1761928	4910112	4346229	944820	1001588	2734814	1480457	179820	760340	40702747	20456247	1315445	26982488	17862504	3248046	1744933	8855254	1162852	39085788	22085734
2021-06-14	61826416	654894	213899	440995	45275901	5094298	10085535	40670369	22526729	0.489	0.271	7644926	5826686	1124640	1761928	4910112	4346229	944820	1001588	2734814	1480457	179820	760340	41115130	20696780	1370682	27155128	18120773	3271674	1822624	8872885	1212650	39299687	22526729
2021-06-15	62872670	1046254	346490	699764	46073845	5198929	10170130	41075943	23226493	0.494	0.279	7644926	5826686	1124640	1761928	4910112	4346229	944820	1001588	2734814	1480457	179820	760340	41571205	21283470	1429766	27453409	18620436	3300217	1898712	8892551	1277579	39646177	23226493
2021-06-16	64253837	1381167	465304	915863	47175535	5305442	10266806	41617535	24142356	0.500	0.290	7644926	5826686	1124640	1761928	4910112	4346229	944820	1001588	2734814	1480457	179820	760340	42049799	22182018	1506054	27860759	19314776	3332616	1972826	8918106	1348700	40111481	24142356
2021-06-17	65400611	1146774	398656	748118	48058313	5408975	10359012	42084448	24890474	0.506	0.299	7644926	5826686	1124640	1761928	4910112	4346229	944820	1001588	2734814	1480457	179820	760340	42523003	22852215	1574311	28207395	19850918	3362339	2046636	8940403	1418609	40510137	24890474
2021-06-18	66391772	991161	344164	646997	48789911	5503380	10455336	42497446	25537471	0.511	0.307	7644926	5826686	1124640	1761928	4910112	4346229	944820	1001588	2734814	1480457	179820	760340	42981177	23382503	1643145	28498226	20291685	3393600	2109780	8962475	1492861	40854301	25537471
2021-06-19	66818707	426935	119584	307351	49062708	5585458	10506254	42638172	25844822	0.513	0.311	7644926	5826686	1124640	1761928	4910112	4346229	944820	1001588	2734814	1480457	179820	760340	43322371	23466988	1664287	28590283	20472425	3414582	2170876	8969020	1537234	40973885	25844822
2021-06-20	67113760	295053	67860	227193	49241510	5657050	10538101	42718844	26072015	0.514	0.313	7644926	5826686	1124640	1761928	4910112	4346229	944820	1001588	2734814	1480457	179820	760340	43587519	23496614	1677099	28639497	20602013	3430610	2226440	8971638	1566463	41041745	26072015
2021-06-21	67744082	630322	209085	421237	49652435	5754652	10623547	42964278	26493252	0.517	0.319	7644926	5826686	1124640	1761928	4910112	4346229	944820	1001588	2734814	1480457	179820	760340	43986291	23726147	1713448	28809546	20842889	3455656	2298996	8985628	1637919	41250830	26493252
2021-06-22	68819264	1075182	374094	701088	50494973	5850620	10726102	43372493	27194340	0.522	0.327	7644926	5826686	1124640	1761928	4910112	4346229	944820	1001588	2734814	1480457	179820	760340	44428769	24354112	1747569	29136753	21358220	3486313	2364307	9001858	1724244	41624924	27194340
2021-06-23	70152531	1333267	487072	846195	51582099	5946647	10841721	43894060	28040535	0.528	0.337	7644926	5826686	1124640	1761928	4910112	4346229	944820	1001588	2734814	1480457	179820	760340	44873099	25237778	1782064	29573077	22009022	3516401	2430246	9022518	1819203	42111996	28040535
2021-06-24	71186630	1034099	488086	546013	52377878	6033989	10952434	44422411	28586548	0.534	0.344	7644926	5826686	1124640	1761928	4910112	4346229	944820	1001588	2734814	1480457	179820	760340	45309749	25830883	1822329	30004520	22373358	3551803	2482186	9043759	1908675	42600082	28586548
2021-06-25	72105744	919114	379134	539980	53070376	6110576	11062339	44841669	29126528	0.539	0.350	7644926	5826686	1124640	1761928	4910112	4346229	944820	1001588	2734814	1480457	179820	760340	45742118	26314646	1862453	30336953	22733423	3578636	2531940	9063627	1998712	42979216	29126528
2021-06-26	72515201	409457	136439	273018	53324946	6179651	11134890	44991369	29399546	0.541	0.354	7644926	5826686	1124640	1761928	4910112	4346229	944820	1001588	2734814	1480457	179820	760340	46087224	26378225	1875714	30441475	22883471	3604253	2575398	9069927	2064963	43115655	29399546
2021-06-27	72807076	291875	89970	201905	53497832	6237765	11191644	45085460	29601451	0.542	0.356	7644926	5826686	1124640	1761928	4910112	4346229	944820	1001588	2734814	1480457	179820	760340	46353026	26403445	1879835	30508727	22989105	3623570	2614195	9073328	2118316	43205625	29601451
2021-06-28	73435685	628609	243668	384941	53898261	6327803	11305408	45353506	29986392	0.545	0.361	7644926	5826686	1124640	1761928	4910112	4346229	944820	1001588	2734814	1480457	179820	760340	46765141	26617843	1904213	30706224	23192037	3655990	2671813	9087079	2218329	43449293	29986392
2021-06-29	74367409	931724	388337	543387	54581919	6420750	11438127	45764243	30529779	0.550	0.367	7644926	5826686	1124640	1761928	4910112	4346229	944820	1001588	2734814	1480457	179820	760340	47196223	27113831	1926613	31049781	23532138	3689029	2731721	9098820	2339307	43837630	30529779
2021-06-30	75388926	1021517	450621	570896	55349984	6514896	11574737	46237560	31100675	0.556	0.374	7644926	5826686	1124640	1761928	4910112	4346229	944820	1001588	2734814	1480457	179820	760340	47628380	27697962	1949309	31451066	23898918	3723867	2791029	9113318	2461419	44288251	31100675
2021-07-01	76370699	981773	452354	529419	56092838	6598418	11707543	46712505	31630094	0.562	0.380	7644926	5826686	1124640	1761928	4910112	4346229	944820	1001588	2734814	1480457	179820	760340	48035584	28268207	1971900	31859294	24233544	3754465	2843953	9126846	2580697	44740605	31630094
2021-07-02	77216837	846138	379802	466336	56742751	6693305	11786735	47114453	32096430	0.567	0.386	7644926	5826686	1124640	1761928	4910112	4346229	944820	1001588	2734814	1480457	179820	760340	48436585	28709971	1994046	32198051	24544700	3786290	2907015	9136066	2650669	45120407	32096430
2021-07-03	77594058	377221	149158	228063	56998303	6772625	11813876	47278819	32324493	0.568	0.389	7644926	5826686	1124640	1761928	4910112	4346229	944820	1001588	2734814	1480457	179820	760340	48746809	28776252	2009254	32319758	24678545	3810939	2961686	9138868	2675008	45269565	32324493
2021-07-04	77867309	273251	93066	180185	57179951	6840781	11828405	47380803	32504678	0.570	0.391	7644926	5826686	1124640	1761928	4910112	4346229	944820	1001588	2734814	1480457	179820	760340	48992541	28803194	2018172	32392892	24787059	3829415	3011366	9140324	2688081	45362631	32504678
2021-07-05	78403047	535738	195991	339747	57566883	6935184	11867956	47591646	32844425	0.572	0.395	7644926	5826686	1124640	1761928	4910112	4346229	944820	1001588	2734814	1480457	179820	760340	49336224	28993153	2033024	32558418	25008465	3855524	3079660	9144680	2723276	45558622	32844425
2021-07-06	79180168	777121	269947	507174	58183891	7034323	11913251	47877272	33351599	0.576	0.401	7644926	5826686	1124640	1761928	4910112	4346229	944820	1001588	2734814	1480457	179820	760340	49679673	29423099	2048703	32798472	25385419	3880810	3153513	9149287	2763964	45828569	33351599
2021-07-07	80175392	995224	323566	671658	59012900	7130182	11964563	48219882	34023257	0.580	0.409	7644926	5826686	1124640	1761928	4910112	4346229	944820	1001588	2734814	1480457	179820	760340	50036668	30056482	2067747	33092002	25920898	3905436	3224746	9154697	2809866	46152135	34023257
2021-07-08	81022745	847353	262933	584420	59696745	7231655	12007196	48502217	34607677	0.583	0.416	7644926	5826686	1124640	1761928	4910112	4346229	944820	1001588	2734814	1480457	179820	760340	50384819	30551427	2087149	33328168	26368577	3927916	3303739	9158984	2848212	46415068	34607677
2021-07-09	81780045	757300	219475	537825	60291378	7330534	12050400	48742276	35145502	0.586	0.423	7644926	5826686	1124640	1761928	4910112	4346229	944820	1001588	2734814	1480457	179820	760340	50733079	30956968	2107733	33525302	26766076	3945815	3384719	9163426	2886974	46634543	35145502
2021-07-10	82123376	343331	95782	247549	60519622	7414726	12071514	48847839	35393051	0.587	0.426	7644926	5826686	1124640	1761928	4910112	4346229	944820	1001588	2734814	1480457	179820	760340	51007501	31025280	2117514	33601482	26918140	3963974	3450752	9164869	2906645	46730325	35393051
2021-07-11	82351272	227896	61107	166789	60665396	7478266	12081803	48917239	35559840	0.588	0.428	7644926	5826686	1124640	1761928	4910112	4346229	944820	1001588	2734814	1480457	179820	760340	51216103	31044204	2125807	33647313	27018083	3978780	3499486	9165339	2916464	46791432	35559840
2021-07-12	82818979	467707	150936	316771	61015499	7557744	12105836	49082268	35876611	0.590	0.431	7644926	5826686	1124640	1761928	4910112	4346229	944820	1001588	2734814	1480457	179820	760340	51485357	31240232	2139900	33767416	27248083	4007743	3550001	9167209	2938627	46942368	35876611
2021-07-13	83579101	760122	180038	580084	61643204	7635626	12140449	49282228	36456695	0.593	0.438	7644926	5826686	1124640	1761928	4910112	4346229	944820	1001588	2734814	1480457	179820	760340	51742220	31739362	2159822	33919168	27724036	4033767	3601859	9169471	2970978	47122406	36456695
2021-07-14	84553457	974356	203112	771244	62475435	7707714	12187591	49508235	37227939	0.595	0.448	7644926	5826686	1124640	1761928	4910112	4346229	944820	1001588	2734814	1480457	179820	760340	52022035	32429200	2182717	34097343	28378092	4055034	3652680	9173141	3014450	47325518	37227939
2021-07-15	85319791	766334	170839	595495	63109509	7778858	12226155	49701626	37823434	0.598	0.455	7644926	5826686	1124640	1761928	4910112	4346229	944820	1001588	2734814	1480457	179820	760340	52282258	32931568	2205269	34246072	28863437	4074269	3704589	9176016	3050139	47496357	37823434
2021-07-16	85978860	659069	151520	507549	63649942	7843324	12258118	49875353	38330983	0.600	0.461	7644926	5826686	1124640	1761928	4910112	4346229	944820	1001588	2734814	1480457	179820	760340	52540769	33328254	2227476	34378405	29271537	4091533	3751791	9177939	3080179	47647877	38330983
2021-07-17	86250183	271323	71007	200316	63823841	7906526	12273765	49964935	38531299	0.601	0.463	7644926	5826686	1124640	1761928	4910112	4346229	944820	1001588	2734814	1480457	179820	760340	52753715	33384580	2246051	34432794	29391047	4107265	3799261	9178825	3094940	47718884	38531299
2021-07-18	86450052	199869	59660	140209	63959424	7948109	12285221	50035842	38671508	0.602	0.465	7644926	5826686	1124640	1761928	4910112	4346229	944820	1001588	2734814	1480457	179820	760340	52924960	33412623	2257298	34482890	29476534	4116552	3831557	9179102	3106119	47778544	38671508
2021-07-19	86830449	380397	91480	288917	64255295	7998615	12305001	50141562	38960425	0.603	0.468	7644926	5826686	1124640	1761928	4910112	4346229	944820	1001588	2734814	1480457	179820	760340	53123316	33592649	2271538	34560101	29695194	4129490	3869125	9180433	3124568	47870024	38960425
2021-07-20	87434603	604154	126288	477866	64774865	8046954	12326931	50282165	39438291	0.605	0.474	7644926	5826686	1124640	1761928	4910112	4346229	944820	1001588	2734814	1480457	179820	760340	53345358	33970767	2285853	34668254	30106611	4145096	3901858	9182962	3143969	47996312	39438291
2021-07-21	88186534	751931	154902	597029	65444086	8093000	12349715	50450947	40035320	0.607	0.481	7644926	5826686	1124640	1761928	4910112	4346229	944820	1001588	2734814	1480457	179820	760340	53585895	34477235	2299733	34808603	30635483	4158054	3934946	9184557	3165158	48151214	40035320
2021-07-22	88804811	618277	121214	497063	65986511	8136432	12368559	50585737	40532383	0.608	0.487	7644926	5826686	1124640	1761928	4910112	4346229	944820	1001588	2734814	1480457	179820	760340	53819056	34857754	2313309	34918337	31068174	4168142	3968290	9185949	3182610	48272428	40532383
2021-07-23	89371308	566497	113391	453106	66474037	8178724	12387112	50717254	40985489	0.610	0.493	7644926	5826686	1124640	1761928	4910112	4346229	944820	1001588	2734814	1480457	179820	760340	54054701	35185498	2331435	35020426	31453611	4178105	4000619	9187288	3199824	48385819	40985489
2021-07-24	89581425	210117	52519	157598	66627101	8216191	12394854	50781617	41143087	0.611	0.495	7644926	5826686	1124640	1761928	4910112	4346229	944820	1001588	2734814	1480457	179820	760340	54208859	35239989	2343279	35064908	31562193	4185378	4030813	9188052	3206802	48438338	41143087
2021-07-25	89705664	124239	31969	92270	66710872	8247633	12398130	50819336	41235357	0.611	0.496	7644926	5826686	1124640	1761928	4910112	4346229	944820	1001588	2734814	1480457	179820	760340	54313254	35258381	2349029	35090502	31620370	4191636	4055997	9188169	3209961	48470307	41235357
2021-07-26	90041322	335658	71392	264266	66983367	8287413	12410463	50901778	41499623	0.612	0.499	7644926	5826686	1124640	1761928	4910112	4346229	944820	1001588	2734814	1480457	179820	760340	54498668	35406924	2360079	35151180	31832187	4201194	4086219	9189325	3221138	48541699	41499623
2021-07-27	90588084	546762	97703	449059	67455289	8329551	12430342	51012304	41948682	0.613	0.504	7644926	5826686	1124640	1761928	4910112	4346229	944820	1001588	2734814	1480457	179820	760340	54708787	35739285	2372902	35238904	32216385	4209860	4119691	9190638	3239704	48639402	41948682
2021-07-28	91271450	683366	121466	561900	68054782	8376382	12453672	51147482	42510582	0.615	0.511	7644926	5826686	1124640	1761928	4910112	4346229	944820	1001588	2734814	1480457	179820	760340	54941997	36185608	2386614	35349706	32705076	4219290	4157092	9191872	3261800	48760868	42510582
2021-07-29	91843967	572517	104759	467758	68549467	8419817	12473457	51266853	42978340	0.616	0.517	7644926	5826686	1124640	1761928	4910112	4346229	944820	1001588	2734814	1480457	179820	760340	55154583	36541536	2401226	35444074	33105393	4228465	4191352	9193088	3280369	48865627	42978340
2021-07-30	92335793	491826	93858	397968	68962856	8465068	12490620	51376734	43376308	0.618	0.522	7644926	5826686	1124640	1761928	4910112	4346229	944820	1001588	2734814	1480457	179820	760340	55366843	36818387	2417249	35527861	33434995	4237467	4227601	9194157	3296463	48959485	43376308
2021-07-31	92529674	193881	46984	146897	69102457	8500920	12496637	51436129	43523205	0.618	0.523	7644926	5826686	1124640	1761928	4910112	4346229	944820	1001588	2734814	1480457	179820	760340	55522230	36856357	2429660	35568450	33534007	4243707	4257213	9194312	3302325	49006469	43523205
2021-08-01	92646152	116478	30382	86096	69185680	8525988	12498952	51472383	43609301	0.619	0.524	7644926	5826686	1124640	1761928	4910112	4346229	944820	1001588	2734814	1480457	179820	760340	55621966	36872662	2435532	35594574	33591106	4247883	4278105	9194394	3304558	49036851	43609301
2021-08-02	92936096	289944	58187	231757	69422011	8559364	12508077	51541682	43841058	0.620	0.527	7644926	5826686	1124640	1761928	4910112	4346229	944820	1001588	2734814	1480457	179820	760340	55789862	36992897	2446644	35647057	33774954	4253015	4306349	9194966	3313111	49095038	43841058
2021-08-03	93391902	455806	76197	379609	69814447	8597676	12520011	51631003	44220667	0.621	0.532	7644926	5826686	1124640	1761928	4910112	4346229	944820	1001588	2734814	1480457	179820	760340	55975877	37259593	2459768	35717646	34096801	4257898	4339778	9195691	3324320	49171235	44220667
2021-08-04	93956930	565028	96108	468920	70319361	8633927	12531269	51739716	44689587	0.622	0.537	7644926	5826686	1124640	1761928	4910112	4346229	944820	1001588	2734814	1480457	179820	760340	56182248	37614993	2472373	35807616	34511745	4263537	4370390	9196190	3335079	49267343	44689587
2021-08-05	94467283	510353	84989	425364	70767926	8673569	12539210	51838910	45114951	0.623	0.542	7644926	5826686	1124640	1761928	4910112	4346229	944820	1001588	2734814	1480457	179820	760340	56393789	37910549	2486578	35886786	34881140	4268749	4404820	9196797	3342413	49352332	45114951
2021-08-06	94902185	434902	80447	354455	71144743	8709326	12546511	51934384	45469406	0.624	0.547	7644926	5826686	1124640	1761928	4910112	4346229	944820	1001588	2734814	1480457	179820	760340	56609435	38127512	2501605	35961085	35183658	4274467	4434859	9197227	3349284	49432779	45469406
2021-08-07	95085042	182857	40426	142431	71281380	8741146	12548053	51987668	45611837	0.625	0.548	7644926	5826686	1124640	1761928	4910112	4346229	944820	1001588	2734814	1480457	179820	760340	56767292	38151629	2514463	35996737	35284643	4279162	4461984	9197306	3350747	49473205	45611837
2021-08-08	95200712	115670	23313	92357	71370386	8762900	12548973	52014971	45704194	0.625	0.550	7644926	5826686	1124640	1761928	4910112	4346229	944820	1001588	2734814	1480457	179820	760340	56871312	38163142	2518453	36017251	35353135	4281919	4480981	9197348	3351625	49496518	45704194
2021-08-09	95490858	290146	50714	239432	71604884	8804315	12554299	52074592	45943626	0.626	0.552	7644926	5826686	1124640	1761928	4910112	4346229	944820	1001588	2734814	1480457	179820	760340	57058342	38264866	2527360	36063178	35541706	4286399	4517916	9197655	3356644	49547232	45943626
2021-08-10	95913883	423025	73434	349591	71966434	8846892	12562162	52159061	46293217	0.627	0.557	7644926	5826686	1124640	1761928	4910112	4346229	944820	1001588	2734814	1480457	179820	760340	57247195	38496745	2538395	36131085	35835349	4291360	4555532	9198221	3363941	49620666	46293217
2021-08-11	96446434	532551	102615	429936	72427428	8893687	12571849	52276751	46723153	0.629	0.562	7644926	5826686	1124640	1761928	4910112	4346229	944820	1001588	2734814	1480457	179820	760340	57466006	38807109	2553470	36225402	36202026	4298989	4594698	9198890	3372959	49723281	46723153
2021-08-12	96905738	459304	97081	362223	72824866	8931399	12578813	52391022	47085376	0.630	0.566	7644926	5826686	1124640	1761928	4910112	4346229	944820	1001588	2734814	1480457	179820	760340	57670955	39058964	2570660	36315567	36509299	4305405	4625994	9199390	3379423	49820362	47085376
2021-08-13	97309930	404192	89842	314350	73165618	8971334	12585308	52497874	47399726	0.631	0.570	7644926	5826686	1124640	1761928	4910112	4346229	944820	1001588	2734814	1480457	179820	760340	57881169	39251353	2587670	36398233	36767385	4312107	4659227	9199864	3385444	49910204	47399726
2021-08-14	97492195	182265	46369	135896	73303734	9002477	12586668	52555889	47535622	0.632	0.572	7644926	5826686	1124640	1761928	4910112	4346229	944820	1001588	2734814	1480457	179820	760340	58044403	39269532	2599316	36439964	36863770	4316677	4685800	9199932	3386736	49956573	47535622
2021-08-15	97582764	90569	22909	67660	73372095	9019188	12587308	52583655	47603282	0.632	0.572	7644926	5826686	1124640	1761928	4910112	4346229	944820	1001588	2734814	1480457	179820	760340	58126785	39277544	2604173	36460560	36911535	4318972	4700216	9199950	3387358	49979482	47603282
