date	dosen_kumulativ	dosen_differenz_zum_vortag	dosen_erst_differenz_zum_vortag	dosen_zweit_differenz_zum_vortag	dosen_biontech_kumulativ	dosen_moderna_kumulativ	dosen_astrazeneca_kumulativ	personen_erst_kumulativ	personen_voll_kumulativ	impf_quote_erst	impf_quote_voll	indikation_alter_dosen	indikation_beruf_dosen	indikation_medizinisch_dosen	indikation_pflegeheim_dosen	indikation_alter_erst	indikation_beruf_erst	indikation_medizinisch_erst	indikation_pflegeheim_erst	indikation_alter_voll	indikation_beruf_voll	indikation_medizinisch_voll	indikation_pflegeheim_voll	dosen_dim_kumulativ	dosen_kbv_kumulativ	dosen_johnson_kumulativ	dosen_biontech_erst_kumulativ	dosen_biontech_zweit_kumulativ	dosen_moderna_erst_kumulativ	dosen_moderna_zweit_kumulativ	dosen_astrazeneca_erst_kumulativ	dosen_astrazeneca_zweit_kumulativ	dosen_erst_kumulativ	dosen_zweit_kumulativ
2020-12-27	23454	23454	23437	17	23452	2	0	23437	17	0.000	0.000	10705	8657	1305	12604	10664	8590	1305	12536	41	67	0	68	23454	0	0	23435	17	2	0	0	0	23437	17
2020-12-28	41266	17812	17672	140	41264	2	0	41109	157	0.000	0.000	18621	15788	1991	21344	18580	15721	1991	21276	41	67	0	68	41266	0	0	41107	157	2	0	0	0	41109	157
2020-12-29	90692	49426	48702	724	90689	2	1	89811	881	0.001	0.000	34989	40734	3107	40508	34724	40420	3107	40099	265	314	0	409	90692	0	0	89808	881	2	0	1	0	89811	881
2020-12-30	153480	62788	62660	128	153477	2	1	152471	1009	0.002	0.000	55510	73365	4901	63206	55243	73050	4901	62794	267	315	0	412	153480	0	0	152468	1009	2	0	1	0	152471	1009
2020-12-31	202673	49193	49044	149	202670	2	1	201515	1158	0.002	0.000	72831	96719	6752	83965	72517	96367	6752	83476	314	352	0	489	202673	0	0	201512	1158	2	0	1	0	201515	1158
2021-01-01	227888	25215	25201	14	227877	7	4	226716	1172	0.003	0.000	81208	105449	7830	92301	80894	105097	7830	91812	314	352	0	489	227888	0	0	226706	1171	7	0	3	1	226716	1172
2021-01-02	275539	47651	47365	286	275528	7	4	274081	1458	0.003	0.000	102774	129731	10350	113258	102365	129304	10350	112629	409	427	0	629	275539	0	0	274071	1457	7	0	3	1	274081	1458
2021-01-03	297680	22141	22133	8	297668	8	4	296214	1466	0.004	0.000	113044	140227	11284	123279	112635	139800	11284	122650	409	427	0	629	297680	0	0	296203	1465	8	0	3	1	296214	1466
2021-01-04	343171	45491	45438	53	343158	9	4	341652	1519	0.004	0.000	129646	164913	13951	139091	129237	164486	13951	138462	409	427	0	629	343171	0	0	341640	1518	9	0	3	1	341652	1519
2021-01-05	394810	51639	51355	284	394796	10	4	393007	1803	0.005	0.000	147987	192565	16489	157656	147576	192117	16489	157025	411	448	0	631	394810	0	0	392994	1802	10	0	3	1	393007	1803
2021-01-06	457047	62237	62226	11	457025	16	6	455233	1814	0.005	0.000	169498	225530	19910	180812	169086	225082	19910	180181	412	448	0	631	457047	0	0	455212	1813	16	0	5	1	455233	1814
2021-01-07	510773	53726	53705	21	510747	19	7	508938	1835	0.006	0.000	189172	254868	22957	197233	188758	254418	22957	196600	414	450	0	633	510773	0	0	508913	1834	19	0	6	1	508938	1835
2021-01-08	572454	61681	61347	334	572376	70	8	570285	2169	0.007	0.000	211521	287315	26324	218219	211009	286711	26320	217449	512	604	4	770	572454	0	0	570208	2168	70	0	7	1	570285	2169
2021-01-09	632154	59700	59553	147	632073	73	8	629838	2316	0.008	0.000	237322	313238	29007	243325	236798	312599	29003	242545	524	639	4	780	632154	0	0	629758	2315	73	0	7	1	629838	2316
2021-01-10	667260	35106	34956	150	667171	81	8	664794	2466	0.008	0.000	252455	327794	30379	256315	251929	327151	30375	255535	526	643	4	780	667260	0	0	664707	2464	80	1	7	1	664794	2466
2021-01-11	734586	67326	67219	107	734483	93	10	732013	2573	0.009	0.000	277513	359176	33587	276774	276967	358513	33583	275968	546	663	4	806	734586	0	0	731918	2565	86	7	9	1	732013	2573
2021-01-12	812627	78041	77974	67	812509	108	10	809987	2640	0.010	0.000	305695	401338	36582	301731	305147	400670	36578	300888	548	668	4	843	812627	0	0	809877	2632	101	7	9	1	809987	2640
2021-01-13	922923	110296	110094	202	921635	1278	10	920081	2842	0.011	0.000	345167	458844	40485	337339	344574	458093	40466	336399	593	751	19	940	922923	0	0	918801	2834	1271	7	9	1	920081	2842
2021-01-14	1005681	82758	82568	190	999253	6418	10	1002649	3032	0.012	0.000	374803	501101	42769	361463	374094	500254	42750	360452	709	847	19	1011	1005681	0	0	996273	2980	6367	51	9	1	1002649	3032
2021-01-15	1095832	90151	89301	850	1084138	11679	15	1091950	3882	0.013	0.000	408725	545673	46728	389202	407810	544625	46700	387982	915	1048	28	1220	1095832	0	0	1080308	3830	11628	51	14	1	1091950	3882
2021-01-16	1152974	57142	56120	1022	1139599	13359	16	1148070	4904	0.014	0.000	432983	570627	48859	408798	431664	569232	48767	407047	1319	1395	92	1751	1152974	0	0	1134747	4852	13308	51	15	1	1148070	4904
2021-01-17	1201032	48058	30286	17772	1186397	14618	17	1178356	22676	0.014	0.000	453449	591002	50884	428544	444215	583354	50014	417145	9234	7648	870	11399	1201032	0	0	1163773	22624	14567	51	16	1	1178356	22676
2021-01-18	1282849	81817	66037	15780	1264071	18760	18	1244393	38456	0.015	0.000	482728	633883	53106	448900	467235	619730	51700	430238	15493	14153	1406	18662	1282849	0	0	1225669	38402	18707	53	17	1	1244393	38456
2021-01-19	1401803	118954	82528	36426	1379355	22422	26	1326921	74882	0.016	0.001	519765	695968	56714	479843	492669	666683	54375	447938	27096	29285	2339	31905	1401803	0	0	1304531	74824	22365	57	25	1	1326921	74882
2021-01-20	1534306	132503	77965	54538	1509115	25162	29	1404886	129420	0.017	0.002	568076	760039	60957	522078	522876	706310	57505	469463	45200	53729	3452	52615	1534306	0	0	1379753	129362	25105	57	28	1	1404886	129420
2021-01-21	1639611	105305	64031	41274	1611685	27897	29	1468917	170694	0.018	0.002	610150	808503	65406	556195	549621	735602	60889	487988	60529	72901	4517	68207	1639611	0	0	1441050	170635	27839	58	28	1	1468917	170694
2021-01-22	1741291	101680	68242	33438	1711171	30083	37	1537159	204132	0.018	0.002	654049	853889	69013	590642	579902	764987	63599	506975	74147	88902	5414	83667	1741291	0	0	1507102	204069	30021	62	36	1	1537159	204132
2021-01-23	1828002	86711	40703	46008	1797524	30438	40	1577862	250140	0.019	0.003	691767	890989	72414	617916	599855	780966	64783	516268	91912	110023	7631	101648	1828002	0	0	1547448	250076	30375	63	39	1	1577862	250140
2021-01-24	1875488	47486	25654	21832	1844807	30637	44	1603516	271972	0.019	0.003	715655	910067	73331	632982	614016	789814	65130	521524	101639	120253	8201	111458	1875488	0	0	1572899	271908	30574	63	43	1	1603516	271972
2021-01-25	1966443	90955	52285	38670	1934344	32052	47	1655801	310642	0.020	0.004	756375	951632	76827	658117	642321	811974	66847	534304	114054	139658	9980	123813	1966443	0	0	1623769	310575	31986	66	46	1	1655801	310642
2021-01-26	2063803	97360	50597	46763	2030261	33488	54	1706398	357405	0.021	0.004	796572	997196	80614	684405	667753	831436	68195	545278	128819	165760	12419	139127	2063803	0	0	1672928	357333	33417	71	53	1	1706398	357405
2021-01-27	2172934	109131	50676	58455	2137597	35275	62	1757074	415860	0.021	0.005	839834	1049509	85786	715259	691463	852265	70042	556304	148371	197244	15744	158955	2172934	0	0	1721820	415777	35193	82	61	1	1757074	415860
2021-01-28	2265104	92170	46291	45879	2228136	36903	65	1803365	461739	0.022	0.006	877990	1090332	89974	739697	713483	869115	71590	567469	164507	221217	18384	172228	2265104	0	0	1766568	461568	36733	170	64	1	1803365	461739
2021-01-29	2372494	107390	49927	57463	2334041	38382	71	1853292	519202	0.022	0.006	920894	1138243	95507	769100	735839	888487	73819	578309	185055	249756	21688	190791	2372494	0	0	1815011	519030	38211	171	70	1	1853292	519202
2021-01-30	2460597	88103	34441	53662	2421263	39261	73	1887733	572864	0.023	0.007	957412	1174692	99468	796433	752473	901967	75224	586328	204939	272725	24244	210105	2460597	0	0	1848574	572689	39088	173	71	2	1887733	572864
2021-01-31	2517571	56974	25853	31121	2477856	39637	78	1913586	603985	0.023	0.007	982865	1196922	101575	812430	766590	910861	76411	592657	216275	286061	25164	219773	2517571	0	0	1874055	603801	39456	181	75	3	1913586	603985
2021-02-01	2637220	119649	57955	61694	2595245	41846	129	1971541	665679	0.024	0.008	1026174	1260299	105285	839830	787193	944041	78273	602425	238981	316258	27012	237405	2637220	0	0	1929752	665493	41663	183	126	3	1971541	665679
2021-02-02	2769218	131998	64755	67243	2724175	44902	141	2036296	732922	0.024	0.009	1069633	1330364	110479	870030	806216	982089	80866	611659	263417	348275	29613	258371	2769218	0	0	1991440	732735	44718	184	138	3	2036296	732922
2021-02-03	2930387	161169	63609	97560	2878990	51229	167	2099906	830482	0.025	0.010	1128983	1407775	116405	912544	829819	1014401	83062	623312	299164	393374	33343	289232	2930387	0	1	2048702	830288	51039	190	164	3	2099905	830482
2021-02-04	3063522	133135	61292	71843	3006291	57058	172	2161198	902325	0.026	0.011	1177986	1472437	120972	943857	851937	1046473	85311	632945	326049	425964	35661	310912	3063522	0	1	2104163	902128	56865	193	169	3	2161197	902325
2021-02-05	3209942	146420	69010	77410	3146252	63510	179	2230208	979735	0.027	0.012	1232524	1542580	126293	977786	877231	1080338	86905	644262	355293	462242	39388	333524	3209942	0	1	2166849	979403	63183	327	175	4	2230207	979735
2021-02-06	3303533	93591	45348	48243	3237215	66137	180	2275556	1027978	0.027	0.012	1272514	1588658	130853	1003590	896490	1101898	88782	653957	376024	486760	42071	349633	3303533	0	1	2209569	1027646	65810	327	176	4	2275555	1027978
2021-02-07	3356806	53273	28221	25052	3288159	68464	182	2303777	1053030	0.028	0.013	1298155	1609930	133571	1016823	910800	1112720	90015	659435	387355	497210	43556	357388	3356806	0	1	2235462	1052697	68136	328	178	4	2303776	1053030
2021-02-08	3465705	108899	52979	55920	3393210	72286	208	2356756	1108950	0.028	0.013	1350672	1655734	137545	1035599	942269	1129343	91902	666781	408403	526391	45643	368818	3465705	0	1	2284594	1108616	71957	329	204	4	2356755	1108950
2021-02-09	3599749	134044	60221	73823	3523708	75719	321	2416977	1182773	0.029	0.014	1411842	1714380	141993	1058512	978151	1147503	94639	674792	433691	566877	47354	383720	3599749	0	1	2341459	1182249	75200	519	317	4	2416976	1182773
2021-02-10	3753953	154204	77384	76820	3665402	79950	8600	2494361	1259593	0.030	0.015	1478760	1781046	146001	1087933	1017461	1175177	96286	685176	461299	605869	49715	402757	3753953	0	1	2407325	1258077	78450	1500	8585	15	2494360	1259593
2021-02-11	3897399	143446	75125	68321	3785304	87215	24877	2569488	1327914	0.031	0.016	1539776	1848576	151475	1113070	1052428	1208053	98713	694775	487348	640523	52762	418295	3897399	0	3	2461947	1323357	82686	4529	24852	25	2569485	1327914
2021-02-12	4052420	155021	79489	75532	3916869	96513	39032	2648980	1403446	0.032	0.017	1611268	1919253	157751	1138545	1094198	1240389	101429	704318	517070	678864	56322	434227	4052420	0	6	2523031	1393838	87258	9255	38685	347	2648974	1403446
2021-02-13	4159633	107213	61768	45445	4007628	99770	52228	2710749	1448891	0.033	0.017	1667599	1960972	162355	1156080	1129093	1262877	103231	711418	538506	698095	59124	444662	4159633	0	7	2569898	1437730	88970	10800	51874	354	2710742	1448891
2021-02-14	4224863	65230	39516	25714	4063158	102245	59452	2750266	1474605	0.033	0.018	1706122	1983696	163973	1164146	1153761	1276081	104081	714928	552361	707615	59892	449218	4224863	0	8	2600941	1462217	90240	12005	59077	375	2750258	1474605
2021-02-15	4350123	125260	69522	55738	4167784	107472	74858	2819789	1530343	0.034	0.018	1773591	2031897	168008	1183418	1194859	1300739	106358	721524	578732	731158	61650	461894	4350123	0	9	2652804	1514980	92510	14962	74466	392	2819780	1530343
2021-02-16	4484068	133945	77669	56276	4276120	113538	94400	2897459	1586619	0.035	0.019	1839625	2089928	170683	1200400	1236633	1336138	107879	728440	602992	753790	62804	471960	4484068	0	10	2708224	1567896	95227	18311	93998	402	2897449	1586619
2021-02-17	4634657	150589	94309	56280	4398044	121533	115069	2991769	1642899	0.036	0.020	1920033	2147919	175770	1221928	1292995	1368705	110873	736858	627038	779214	64897	485070	4634657	0	11	2777064	1620980	100037	21496	114657	412	2991758	1642899
2021-02-18	4778790	144133	91155	52978	4510231	129754	138793	3082925	1695877	0.037	0.020	1995907	2206102	179208	1240945	1345328	1403985	112659	744258	650579	802117	66549	496687	4778790	0	12	2839820	1670411	104716	25038	138377	416	3082913	1695877
2021-02-19	4936845	158055	102641	55414	4631014	139711	166107	3185567	1751291	0.038	0.021	2076668	2266444	184080	1258305	1402958	1440066	115287	750941	673710	826378	68793	507364	4936845	0	13	2908305	1722709	111663	28048	165586	521	3185554	1751291
2021-02-20	5048783	111938	75686	36252	4717348	144169	187252	3261254	1787543	0.039	0.021	2138268	2310157	187738	1272296	1445964	1469322	117533	755178	692304	840835	70205	517118	5048783	0	14	2958830	1758518	115688	28481	186722	530	3261240	1787543
2021-02-21	5134501	85718	57353	28365	4783820	147798	202868	3318608	1815908	0.040	0.022	2187054	2340674	190304	1282667	1479917	1489494	118664	757407	707137	851180	71640	525260	5134501	0	15	2997102	1786718	119158	28640	202333	535	3318593	1815908
2021-02-22	5289532	155031	97593	57438	4906362	156781	226373	3416202	1873346	0.041	0.023	2266701	2410287	195201	1300517	1538362	1525084	121627	763642	728339	885203	73574	536875	5289532	0	16	3063986	1842376	126373	30408	225827	546	3416186	1873346
2021-02-23	5458889	169357	108963	60394	5039890	163884	255098	3525166	1933740	0.042	0.023	2346910	2483166	200501	1318387	1598211	1563793	124757	771284	748699	919373	75744	547103	5458889	0	17	3138790	1901100	131817	32067	254542	556	3525149	1933740
2021-02-24	5634307	175418	116300	59118	5171178	171487	291624	3641467	1992858	0.044	0.024	2431789	2557990	207079	1337422	1660503	1608669	128907	778912	771286	949321	78172	558510	5634307	0	18	3212662	1958516	137734	33753	291053	571	3641449	1992858
2021-02-25	5822973	188666	129525	59141	5302389	178243	342323	3770992	2051999	0.045	0.025	2514175	2648479	213515	1355541	1722988	1667176	133470	787131	791187	981303	80045	568410	5822973	0	18	3286272	2016117	142961	35282	341741	582	3770974	2051999
2021-02-26	6035013	212040	145197	66843	5442957	187082	404956	3916189	2118842	0.047	0.025	2602819	2749814	220591	1375230	1787946	1735795	138593	794627	814873	1014019	81998	580603	6035013	0	18	3361692	2081265	150177	36905	404302	654	3916171	2118842
2021-02-27	6182642	147629	107735	39894	5535604	191153	455867	4023924	2158736	0.048	0.026	2666475	2822116	227301	1388101	1833818	1790224	143432	799030	832657	1031892	83869	589071	6182642	0	18	3415186	2120418	153516	37637	455204	663	4023906	2158736
2021-02-28	6285380	102738	78669	24069	5596840	195099	493422	4102594	2182805	0.049	0.026	2714700	2875405	231582	1394762	1868893	1834535	146785	801170	845807	1040870	84797	593592	6285380	0	19	3452724	2144116	157110	37989	492741	681	4102575	2182805
2021-03-01	6483290	197910	148134	49776	5726934	204689	551648	4250728	2232581	0.051	0.027	2817221	2953369	239381	1408021	1943445	1896228	153263	806209	873776	1057141	86118	601812	6483290	0	19	3535077	2191857	164678	40011	550954	694	4250709	2232581
2021-03-02	6701825	218535	166440	52095	5866720	214681	620405	4417168	2284676	0.053	0.027	2927307	3047588	248982	1422628	2022735	1971725	160632	812692	904572	1075863	88350	609936	6701825	0	19	3625662	2241058	171794	42887	619693	712	4417149	2284676
2021-03-03	6947805	245980	175757	70223	6023524	229618	694644	4592925	2354899	0.055	0.028	3047976	3148969	260606	1439862	2105531	2048823	170041	819606	942445	1100146	90565	620256	6947805	0	19	3718192	2305332	180855	48763	693859	785	4592906	2354899
2021-03-04	7191997	244192	181385	62807	6164555	244082	783341	4774310	2417706	0.057	0.029	3159240	3258741	272992	1455625	2181653	2136963	180034	825002	977587	1121778	92958	630623	7191997	0	19	3801852	2362703	189923	54159	782516	825	4774291	2417706
2021-03-05	7467364	275367	206939	68428	6313948	257444	895952	4981250	2486134	0.060	0.030	3277185	3383782	287941	1471072	2258903	2242620	191990	830697	1018282	1141162	95951	640375	7467364	0	20	3888824	2425124	197324	60120	895082	870	4981230	2486134
2021-03-06	7668952	201588	152939	48649	6423201	265870	979861	5134189	2534783	0.062	0.030	3366696	3478463	298371	1480590	2314602	2325555	200824	833966	1052094	1152908	97547	646624	7668952	0	20	3951685	2471516	203511	62359	978973	888	5134169	2534783
2021-03-07	7816430	147478	114001	33477	6502961	272513	1040936	5248190	2568260	0.063	0.031	3437978	3544531	306478	1486155	2360956	2383880	208082	835928	1077022	1160651	98396	650227	7816430	0	20	4000323	2502638	207817	64696	1040030	906	5248170	2568260
2021-03-08	8053778	237348	185755	51593	6636899	283436	1133423	5433945	2619853	0.065	0.032	3556806	3640371	322827	1498475	2442587	2468035	222757	841890	1114219	1172336	100070	656585	8053778	0	20	4086071	2550828	215377	68059	1132477	946	5433925	2619853
2021-03-09	8305824	252046	197200	54846	6776953	296209	1232642	5631145	2674699	0.068	0.032	3677710	3742787	340236	1512022	2524321	2558568	238262	848791	1153389	1184219	101974	663231	8305824	0	20	4174812	2602141	224677	71532	1231636	1006	5631125	2674699
2021-03-10	8593707	287883	220845	67038	6935916	308204	1349567	5851990	2741737	0.070	0.033	3808598	3856306	360962	1530389	2606688	2661880	256906	860000	1201910	1194426	104056	670389	8592736	971	20	4270347	2665569	233115	75089	1348508	1059	5851970	2741737
2021-03-11	8877722	284015	223136	60879	7083550	321919	1472233	6075126	2802616	0.073	0.034	3937470	3976178	382106	1544008	2689957	2769533	276555	867677	1247513	1206645	105551	676331	8876096	1626	20	4361509	2722041	242481	79438	1471116	1117	6075106	2802616
2021-03-12	9203954	326232	255396	70836	7235114	339188	1629632	6330522	2873452	0.076	0.035	4071484	4127850	404783	1559463	2770420	2906954	297406	877132	1301064	1220896	107377	682331	9202118	1836	20	4447012	2788102	255172	84016	1628318	1314	6330502	2873452
2021-03-13	9444448	240494	190218	50276	7351146	348737	1744545	6520740	2923728	0.078	0.035	4181046	4240796	425293	1567511	2840453	3011727	316755	881879	1340593	1229069	108538	685632	9442456	1992	20	4514220	2836926	263380	85357	1743120	1425	6520720	2923728
2021-03-14	9614354	169906	134259	35647	7439129	354246	1820959	6654999	2959375	0.080	0.036	4266043	4307307	441408	1570975	2896461	3072888	331859	883676	1369582	1234419	109549	687299	9612352	2002	20	4567553	2871576	267914	86332	1819512	1447	6654979	2959375
2021-03-15	9861971	247617	188384	59233	7591908	366957	1903086	6843383	3018608	0.082	0.036	4400463	4391447	461474	1582289	2984151	3147219	350790	890548	1416312	1244228	110684	691741	9859686	2285	20	4662894	2929014	278919	88038	1901550	1536	6843363	3018608
2021-03-16	10040837	178866	110731	68135	7758534	378184	1904099	6954114	3086743	0.084	0.037	4527474	4426082	473886	1593025	3059300	3169255	361553	895647	1468174	1256827	112333	697378	10038005	2832	20	4763874	2994660	287660	90524	1902560	1539	6954094	3086743
2021-03-17	10245773	204936	124070	80866	7944751	396159	1904843	7078184	3167609	0.085	0.038	4672447	4463838	487350	1605072	3141952	3193652	373040	902175	1530495	1270186	114310	702897	10242324	3449	20	4874037	3070714	300828	95331	1903299	1544	7078164	3167609
2021-03-18	10439102	193329	117925	75404	8118796	414284	1906002	7196109	3243013	0.087	0.039	4812398	4498757	499905	1615322	3222615	3215628	383588	907340	1589783	1283129	116317	707982	10435230	3872	20	4977879	3140917	313753	100531	1904457	1545	7196089	3243013
2021-03-19	10683884	244782	160666	84116	8304299	435036	1944529	7356775	3327129	0.088	0.040	4961948	4563922	518114	1627194	3306761	3267408	399605	914537	1655187	1296514	118509	712657	10679481	4403	20	5086099	3218200	327729	107307	1942927	1602	7356755	3327129
2021-03-20	10904117	220233	166977	53256	8439723	450309	2014065	7523752	3380385	0.090	0.041	5078536	4641917	537715	1633319	3379545	3337212	417708	917920	1698991	1304705	120007	715399	10899390	4727	20	5172126	3267597	339174	111135	2012432	1633	7523732	3380385
2021-03-21	11068656	164539	126355	38184	8541997	459507	2067132	7650107	3418569	0.092	0.041	5171749	4694283	554274	1635819	3440184	3384099	433219	919244	1731565	1310184	121055	716575	11063929	4727	20	5239485	3302512	345128	114379	2065474	1658	7650087	3418569
2021-03-22	11337826	269170	192787	76383	8708490	483277	2146039	7842894	3494952	0.094	0.042	5329624	4766248	576579	1645397	3534739	3445389	453483	925279	1794885	1320859	123096	720118	11331571	6255	20	5337048	3371442	361496	121781	2144330	1709	7842874	3494952
2021-03-23	11638352	300526	216784	83742	8889908	502913	2245511	8059678	3578694	0.097	0.043	5490190	4854892	604288	1656865	3629814	3521119	478432	932910	1860376	1333773	125856	723955	11627109	11243	20	5439693	3450215	376217	126696	2243748	1763	8059658	3578694
2021-03-24	11977169	338817	249220	89597	9089954	535903	2351292	8308898	3668291	0.100	0.044	5664852	4952071	635971	1672375	3732242	3605792	507202	944863	1932610	1346279	128769	727512	11960134	17035	20	5555516	3534438	403901	132002	2349461	1831	8308878	3668291
2021-03-25	12309659	332490	251350	81140	9275386	563549	2470704	8560248	3749431	0.103	0.045	5830941	5060081	670798	1683452	3832663	3703768	539527	951994	1998278	1356313	131271	731458	12286679	22980	20	5665488	3609898	425975	137574	2468765	1939	8560228	3749431
2021-03-26	12683106	373447	285075	88372	9474779	600656	2607651	8845323	3837803	0.106	0.046	6003833	5184282	710463	1698535	3933360	3816071	576057	962322	2070473	1368211	134406	736213	12653812	29294	20	5783291	3691488	456383	144273	2605629	2022	8845303	3837803
2021-03-27	12964231	281125	218801	62324	9624311	628268	2711631	9064125	3900127	0.109	0.047	6147056	5279869	744190	1703356	4023632	3903670	607441	965464	2123424	1376199	136749	737892	12932587	31644	21	5873665	3750646	480884	147384	2709555	2076	9064104	3900127
2021-03-28	13160550	196319	143068	53251	9739642	646754	2774131	9207195	3953378	0.111	0.048	6253046	5333384	768116	1706823	4085867	3950861	629648	967502	2167179	1382523	138468	739321	13128715	31835	23	5939072	3800570	496097	150657	2772003	2128	9207172	3953378
2021-03-29	13465917	305367	216810	88557	9928310	671618	2865966	9424005	4041935	0.113	0.049	6418833	5404751	806706	1716518	4180272	4010842	665103	973637	2238561	1393909	141603	742881	13428134	37783	23	6046047	3882263	514158	157460	2863777	2189	9423982	4041935
2021-03-30	13794788	328871	236343	92528	10147011	696024	2951730	9660348	4134463	0.116	0.050	6591913	5474211	853024	1727240	4280843	4069380	706095	981320	2311070	1404831	146929	745920	13744869	49919	23	6178705	3968306	532138	163886	2949482	2248	9660325	4134463
2021-03-31	14131018	336230	234744	101486	10394559	732061	3004375	9895092	4235949	0.119	0.051	6774517	5538855	899988	1738789	4384637	4121392	747318	988525	2389880	1417463	152670	750264	14064784	66234	23	6332766	4061793	560212	171849	3002091	2284	9895069	4235949
2021-04-01	14457361	326343	235844	90499	10633205	764492	3059641	10130936	4326448	0.122	0.052	6936269	5606629	944397	1747554	4476928	4175958	787230	994147	2459341	1430671	157167	753407	14371048	86313	23	6488852	4144353	584746	179746	3057315	2326	10130913	4326448
2021-04-02	14683041	225680	157720	67960	10812748	778874	3091396	10288656	4394408	0.124	0.053	7067172	5654574	981393	1749910	4552089	4213818	820223	995356	2515083	1440756	161170	754554	14595204	87837	23	6604804	4207944	594786	184088	3089043	2353	10288633	4394408
2021-04-03	14914755	231714	167401	64313	10986797	794689	3133246	10456057	4458721	0.126	0.054	7198861	5698683	1018737	1753036	4633025	4248782	853330	997097	2565836	1449901	165407	755939	14825519	89236	23	6719425	4267372	605754	188935	3130855	2391	10456034	4458721
2021-04-04	15107742	192987	142622	50365	11119048	804767	3183904	10598679	4509086	0.127	0.054	7309766	5731715	1048001	1754173	4704262	4274251	879171	997551	2605504	1457464	168830	756622	15018370	89372	23	6805246	4313802	611940	192827	3181470	2434	10598656	4509086
2021-04-05	15355538	247796	177628	70168	11284030	822650	3248835	10776307	4579254	0.130	0.055	7456036	5770066	1081529	1756372	4794323	4302940	907924	998846	2661713	1467126	173605	757526	15264856	90682	23	6904870	4379160	625044	197606	3246370	2465	10776284	4579254
2021-04-06	15729185	373647	278987	94660	11538929	854862	3335371	11055294	4673914	0.133	0.056	7644926	5826686	1124640	1761928	4910112	4346229	944820	1001588	2734814	1480457	179820	760340	15601876	127309	23	7073866	4465063	648567	206295	3332838	2533	11055271	4673914
2021-04-07	16396833	667648	571362	96286	12080953	891685	3424172	11626656	4770200	0.140	0.057	7644926	5826686	1124640	1761928	4910112	4346229	944820	1001588	2734814	1480457	179820	760340	15963860	432973	23	7528215	4552738	676860	214825	3421558	2614	11626633	4770200
2021-04-08	17095028	698195	610674	87521	12652077	927116	3515812	12237330	4857721	0.147	0.058	7644926	5826686	1124640	1761928	4910112	4346229	944820	1001588	2734814	1480457	179820	760340	16337177	757851	23	8020805	4631272	703384	223732	3513118	2694	12237307	4857721
2021-04-09	17726394	631366	542496	88870	13141954	963633	3620784	12779826	4946591	0.154	0.059	7644926	5826686	1124640	1761928	4910112	4346229	944820	1001588	2734814	1480457	179820	760340	16729040	997354	23	8433325	4708629	728471	235162	3618007	2777	12779803	4946591
2021-04-10	18098780	372386	307332	65054	13390261	986885	3721611	13087158	5011645	0.157	0.060	7644926	5826686	1124640	1761928	4910112	4346229	944820	1001588	2734814	1480457	179820	760340	17068380	1030400	23	8624320	4765941	744042	242843	3718773	2838	13087135	5011645
2021-04-11	18362559	263779	213455	50324	13560561	1005549	3796426	13300613	5061969	0.160	0.061	7644926	5826686	1124640	1761928	4910112	4346229	944820	1001588	2734814	1480457	179820	760340	17327080	1035479	23	8748319	4812242	758760	246789	3793511	2915	13300590	5061969
2021-04-12	18780759	418200	341839	76361	13839223	1034694	3906818	13642453	5138330	0.164	0.062	7644926	5826686	1124640	1761928	4910112	4346229	944820	1001588	2734814	1480457	179820	760340	17696773	1083986	24	8959136	4880087	779445	255249	3903848	2970	13642429	5138330
2021-04-13	19356785	576026	502392	73634	14271322	1061640	4023799	14144845	5211964	0.170	0.063	7644926	5826686	1124640	1761928	4910112	4346229	944820	1001588	2734814	1480457	179820	760340	18076669	1280116	24	9323230	4948092	800957	260683	4020634	3165	14144821	5211964
2021-04-14	20129986	773201	690041	83160	14887642	1094959	4147361	14834886	5295124	0.178	0.064	7644926	5826686	1124640	1761928	4910112	4346229	944820	1001588	2734814	1480457	179820	760340	18476073	1653913	24	9865457	5022185	825774	269185	4143631	3730	14834862	5295124
2021-04-15	20807751	677765	607800	69965	15421260	1130882	4255584	15442687	5365089	0.186	0.065	7644926	5826686	1124640	1761928	4910112	4346229	944820	1001588	2734814	1480457	179820	760340	18858209	1949542	25	10338663	5082597	853091	277791	4250908	4676	15442662	5365089
2021-04-16	21402448	594697	520652	74045	15859204	1163358	4379861	15963339	5439134	0.192	0.065	7644926	5826686	1124640	1761928	4910112	4346229	944820	1001588	2734814	1480457	179820	760340	19258067	2144381	25	10711693	5147511	877246	286112	4374375	5486	15963314	5439134
2021-04-17	21766746	364298	307663	56635	16084016	1185976	4496729	16271002	5495769	0.196	0.066	7644926	5826686	1124640	1761928	4910112	4346229	944820	1001588	2734814	1480457	179820	760340	19600561	2166185	25	10888505	5195511	892726	293250	4489746	6983	16270977	5495769
2021-04-18	22034983	268237	229229	39008	16255982	1201357	4577619	16500231	5534777	0.198	0.067	7644926	5826686	1124640	1761928	4910112	4346229	944820	1001588	2734814	1480457	179820	760340	19864187	2170796	25	11026528	5229454	904214	297143	4569464	8155	16500206	5534777
2021-04-19	22436446	401463	340102	61361	16549344	1234216	4652860	16840334	5596138	0.202	0.067	7644926	5826686	1124640	1761928	4910112	4346229	944820	1001588	2734814	1480457	179820	760340	20221319	2215127	26	11267766	5281578	929156	305060	4643386	9474	16840308	5596138
2021-04-20	22995779	559333	496679	62654	16930502	1273196	4792055	17337013	5658792	0.208	0.068	7644926	5826686	1124640	1761928	4910112	4346229	944820	1001588	2734814	1480457	179820	760340	20586201	2409578	26	11594948	5335554	961545	311651	4780494	11561	17336987	5658792
2021-04-21	23715597	719818	646810	73008	17384278	1314768	5016525	17983823	5731800	0.216	0.069	7644926	5826686	1124640	1761928	4910112	4346229	944820	1001588	2734814	1480457	179820	760340	20966871	2748726	26	11986217	5398061	995072	319696	5002508	14017	17983797	5731800
2021-04-22	24353013	637416	570303	67113	17765498	1358278	5229211	18554126	5798913	0.223	0.070	7644926	5826686	1124640	1761928	4910112	4346229	944820	1001588	2734814	1480457	179820	760340	21337028	3015985	26	12311584	5453914	1030955	327323	5211561	17650	18554100	5798913
2021-04-23	24908188	555175	486373	68802	18118424	1401759	5387970	19040508	5867715	0.229	0.071	7644926	5826686	1124640	1761928	4910112	4346229	944820	1001588	2734814	1480457	179820	760340	21724008	3184180	35	12609757	5508667	1063954	337805	5366762	21208	19040473	5867715
2021-04-24	25273291	365103	306133	58970	18353322	1451052	5468880	19346643	5926685	0.233	0.071	7644926	5826686	1124640	1761928	4910112	4346229	944820	1001588	2734814	1480457	179820	760340	22072200	3201091	37	12803433	5549889	1097869	353183	5445304	23576	19346606	5926685
2021-04-25	25555804	282513	233434	49079	18541016	1484690	5530061	19580077	5975764	0.235	0.072	7644926	5826686	1124640	1761928	4910112	4346229	944820	1001588	2734814	1480457	179820	760340	22348899	3206905	37	12953719	5587297	1121637	363053	5504684	25377	19580040	5975764
2021-04-26	25987884	432080	358100	73980	18858808	1526952	5602006	19938258	6049744	0.240	0.073	7644926	5826686	1124640	1761928	4910112	4346229	944820	1001588	2734814	1480457	179820	760340	22694387	3293497	118	13209999	5648809	1155509	371443	5572632	29374	19938140	6049744
2021-04-27	26772528	784644	692780	91864	19535303	1578297	5658345	20631503	6141608	0.248	0.074	7644926	5826686	1124640	1761928	4910112	4346229	944820	1001588	2734814	1480457	179820	760340	23064151	3708377	583	13808705	5726598	1197734	380563	5624481	33864	20630920	6141608
2021-04-28	27894682	1122154	995348	126806	20543437	1638629	5711304	21627580	6268414	0.260	0.075	7644926	5826686	1124640	1761928	4910112	4346229	944820	1001588	2734814	1480457	179820	760340	23457222	4437460	1312	14708264	5835173	1245682	392947	5672322	38982	21626268	6268414
2021-04-29	28840125	945443	812086	133357	21367744	1702240	5767942	22440553	6401771	0.270	0.077	7644926	5826686	1124640	1761928	4910112	4346229	944820	1001588	2734814	1480457	179820	760340	23844597	4995528	2199	15420332	5947412	1296910	405330	5721112	46830	22438354	6401771
2021-04-30	29643073	802948	665954	136994	22045991	1759400	5834644	23107346	6538765	0.278	0.079	7644926	5826686	1124640	1761928	4910112	4346229	944820	1001588	2734814	1480457	179820	760340	24247699	5395374	3038	15987067	6058924	1338826	420574	5778415	56229	23104308	6538765
2021-05-01	29979106	336033	259762	76271	22298844	1800906	5873741	23369685	6615036	0.281	0.080	7644926	5826686	1124640	1761928	4910112	4346229	944820	1001588	2734814	1480457	179820	760340	24559082	5420024	5615	16178670	6120174	1373920	426986	5811480	62261	23364070	6615036
2021-05-02	30243987	264881	197496	67385	22494417	1838415	5903735	23568986	6682421	0.283	0.080	7644926	5826686	1124640	1761928	4910112	4346229	944820	1001588	2734814	1480457	179820	760340	24816308	5427679	7420	16318502	6175915	1406177	432238	5836887	66848	23561566	6682421
2021-05-03	30695589	451602	335237	116365	22812305	1909005	5965269	23905813	6798786	0.287	0.082	7644926	5826686	1124640	1761928	4910112	4346229	944820	1001588	2734814	1480457	179820	760340	25174050	5521539	9010	16545421	6266884	1463581	445424	5887801	77468	23896803	6798786
2021-05-04	31538070	842481	680789	161692	23438644	1972073	6115396	24589549	6960478	0.296	0.084	7644926	5826686	1124640	1761928	4910112	4346229	944820	1001588	2734814	1480457	179820	760340	25549279	5988791	11957	17039968	6398676	1513411	458662	6024213	91183	24577592	6960478
2021-05-05	32683641	1145571	914387	231184	24289105	2050945	6327615	25507955	7191662	0.307	0.086	7644926	5826686	1124640	1761928	4910112	4346229	944820	1001588	2734814	1480457	179820	760340	25968886	6714755	15976	17705626	6583479	1566804	484141	6219549	108066	25491979	7191662
2021-05-06	33672727	989086	766398	222688	24980816	2142818	6528929	26278541	7414350	0.316	0.089	7644926	5826686	1124640	1761928	4910112	4346229	944820	1001588	2734814	1480457	179820	760340	26382861	7289866	20164	18220649	6760167	1636313	506505	6401415	127514	26258377	7414350
2021-05-07	34561653	888926	651308	237618	25566957	2229543	6741135	26933703	7651968	0.324	0.092	7644926	5826686	1124640	1761928	4910112	4346229	944820	1001588	2734814	1480457	179820	760340	26827771	7733882	24018	18633229	6933728	1692080	537463	6584376	156759	26909685	7651968
2021-05-08	34987593	425940	271871	154069	25834801	2301321	6825735	27207292	7806037	0.327	0.094	7644926	5826686	1124640	1761928	4910112	4346229	944820	1001588	2734814	1480457	179820	760340	27193220	7794373	25736	18788175	7046626	1744028	557293	6649353	176382	27181556	7806037
2021-05-09	35273753	286160	183632	102528	26028753	2357884	6860314	27391990	7908565	0.329	0.095	7644926	5826686	1124640	1761928	4910112	4346229	944820	1001588	2734814	1480457	179820	760340	27468345	7805408	26802	18902860	7125893	1789795	568089	6672533	187781	27365188	7908565
2021-05-10	35862460	588707	395327	193380	26401902	2439336	6990700	27791037	8101945	0.334	0.097	7644926	5826686	1124640	1761928	4910112	4346229	944820	1001588	2734814	1480457	179820	760340	27868154	7994306	30522	19134293	7267609	1849142	590194	6777080	213620	27760515	8101945
2021-05-11	36946765	1084305	797181	287124	27226918	2518980	7166752	28591811	8389069	0.344	0.101	7644926	5826686	1124640	1761928	4910112	4346229	944820	1001588	2734814	1480457	179820	760340	28298764	8648001	34115	19726968	7499950	1906702	612278	6924026	242726	28557696	8389069
2021-05-12	38360613	1413848	1048082	365766	28318824	2610509	7391578	29645480	8754835	0.356	0.105	7644926	5826686	1124640	1761928	4910112	4346229	944820	1001588	2734814	1480457	179820	760340	28756629	9603984	39702	20523028	7795796	1967778	642731	7114972	276606	29605778	8754835
2021-05-13	38789727	429114	268443	160671	28634266	2677099	7436009	29916574	8915506	0.360	0.107	7644926	5826686	1124640	1761928	4910112	4346229	944820	1001588	2734814	1480457	179820	760340	29112264	9677463	42353	20710708	7923558	2019325	657774	7144188	291821	29874221	8915506
2021-05-14	39545923	756196	525822	230374	29179478	2741937	7574373	30450178	9145880	0.366	0.110	7644926	5826686	1124640	1761928	4910112	4346229	944820	1001588	2734814	1480457	179820	760340	29517123	10028800	50135	21075406	8104072	2069018	672919	7255619	318754	30400043	9145880
2021-05-15	39945926	400003	234506	165497	29458569	2802233	7630707	30688966	9311377	0.369	0.112	7644926	5826686	1124640	1761928	4910112	4346229	944820	1001588	2734814	1480457	179820	760340	29869460	10076466	54417	21232177	8226392	2112958	689275	7289414	341293	30634549	9311377
2021-05-16	40228411	282485	160473	122012	29658761	2854959	7655547	30854166	9433389	0.371	0.113	7644926	5826686	1124640	1761928	4910112	4346229	944820	1001588	2734814	1480457	179820	760340	30135940	10092471	59144	21338566	8320195	2155798	699161	7300658	354889	30795022	9433389
2021-05-17	40783094	554683	348741	205942	29996728	2940509	7776954	31212666	9639331	0.375	0.116	7644926	5826686	1124640	1761928	4910112	4346229	944820	1001588	2734814	1480457	179820	760340	30521305	10261789	68903	21531034	8465694	2217023	723486	7395706	381248	31143763	9639331
2021-05-18	41653425	870331	516477	353854	30585177	3041410	7950166	31736912	9993185	0.382	0.120	7644926	5826686	1124640	1761928	4910112	4346229	944820	1001588	2734814	1480457	179820	760340	30936632	10716793	76672	21829864	8755313	2289481	751929	7540895	409271	31660240	9993185
2021-05-19	42749578	1096153	562756	533397	31388207	3141382	8131200	32311785	10526582	0.389	0.127	7644926	5826686	1124640	1761928	4910112	4346229	944820	1001588	2734814	1480457	179820	760340	31353007	11396571	88789	22173327	9214880	2355696	785686	7693973	437227	32222996	10526582
2021-05-20	43694925	945347	454581	490766	32070265	3237588	8287520	32777129	11017348	0.394	0.132	7644926	5826686	1124640	1761928	4910112	4346229	944820	1001588	2734814	1480457	179820	760340	31767411	11927514	99552	22433571	9636694	2421124	816464	7822882	464638	32677577	11017348
2021-05-21	44544183	849258	405036	444222	32665201	3323182	8444432	33193981	11461570	0.399	0.138	7644926	5826686	1124640	1761928	4910112	4346229	944820	1001588	2734814	1480457	179820	760340	32193949	12350234	111368	22655523	10009678	2477480	845702	7949610	494822	33082613	11461570
2021-05-22	45017930	473747	214789	258958	32971420	3392683	8528197	33423032	11720528	0.402	0.141	7644926	5826686	1124640	1761928	4910112	4346229	944820	1001588	2734814	1480457	179820	760340	32538766	12479164	125630	22754028	10217392	2525781	866902	8017593	510604	33297402	11720528
2021-05-23	45303120	285190	124694	160496	33164441	3452089	8552100	33556586	11881024	0.403	0.143	7644926	5826686	1124640	1761928	4910112	4346229	944820	1001588	2734814	1480457	179820	760340	32805835	12497285	134490	22819623	10344818	2570085	882004	8032388	519712	33422096	11881024
2021-05-24	45629229	326109	141246	184863	33400308	3513637	8572751	33705875	12065887	0.405	0.145	7644926	5826686	1124640	1761928	4910112	4346229	944820	1001588	2734814	1480457	179820	760340	33116419	12512810	142533	22902364	10497944	2616636	897001	8044342	528409	33563342	12065887
2021-05-25	46282444	653215	270929	382286	33845537	3592864	8676411	34001903	12448173	0.409	0.150	7644926	5826686	1124640	1761928	4910112	4346229	944820	1001588	2734814	1480457	179820	760340	33510691	12771753	167632	23043398	10802139	2667889	924975	8122984	553427	33834271	12448173
2021-05-26	47458644	1176200	467844	708356	34728376	3674416	8809997	34547970	13156529	0.415	0.158	7644926	5826686	1124640	1761928	4910112	4346229	944820	1001588	2734814	1480457	179820	760340	33923476	13535168	245855	23357273	11371103	2720090	954326	8224752	585245	34302115	13156529
2021-05-27	48495422	1036778	402698	634080	35464651	3762719	8941142	35031723	13790609	0.421	0.166	7644926	5826686	1124640	1761928	4910112	4346229	944820	1001588	2734814	1480457	179820	760340	34338417	14157005	326910	23614190	11850461	2771397	991322	8319226	621916	34704813	13790609
2021-05-28	49396014	900592	354958	545634	36065883	3848461	9071026	35470415	14336243	0.426	0.172	7644926	5826686	1124640	1761928	4910112	4346229	944820	1001588	2734814	1480457	179820	760340	34771048	14624966	410644	23830195	12235688	2821672	1026789	8407904	663122	35059771	14336243
2021-05-29	49805058	409044	150972	258072	36327127	3910635	9128864	35649175	14594315	0.429	0.175	7644926	5826686	1124640	1761928	4910112	4346229	944820	1001588	2734814	1480457	179820	760340	35105683	14699375	438432	23909655	12417472	2858298	1052337	8442790	686074	35210743	14594315
2021-05-30	50088135	283077	97337	185740	36523990	3957564	9157128	35757533	14780055	0.430	0.178	7644926	5826686	1124640	1761928	4910112	4346229	944820	1001588	2734814	1480457	179820	760340	35366942	14721193	449453	23968614	12555376	2885538	1072026	8453928	703200	35308080	14780055
2021-05-31	50633964	545829	177770	368059	36890931	4024535	9226573	35977775	15148114	0.433	0.182	7644926	5826686	1124640	1761928	4910112	4346229	944820	1001588	2734814	1480457	179820	760340	35755002	14878962	491925	24080074	12810857	2912999	1111536	8492777	733796	35485850	15148114
2021-06-01	51620270	986306	399677	586629	37623502	4103569	9316792	36461934	15734743	0.438	0.189	7644926	5826686	1124640	1761928	4910112	4346229	944820	1001588	2734814	1480457	179820	760340	36150835	15469435	576407	24396382	13227120	2942339	1161230	8546806	769986	35885527	15734743
2021-06-02	52865050	1244780	515806	728974	38610605	4175561	9398818	37081399	16463717	0.446	0.198	7644926	5826686	1124640	1761928	4910112	4346229	944820	1001588	2734814	1480457	179820	760340	36555337	16309713	680066	24845127	13765478	2966505	1209056	8589701	809117	36401333	16463717
2021-06-03	53506163	641113	229878	411235	39084649	4239388	9448879	37364458	16874952	0.449	0.203	7644926	5826686	1124640	1761928	4910112	4346229	944820	1001588	2734814	1480457	179820	760340	36917037	16589126	733247	25024795	14059854	2995870	1243518	8610546	838333	36631211	16874952
2021-06-04	54314871	808708	290045	518663	39668463	4310307	9525650	37731707	17393615	0.454	0.209	7644926	5826686	1124640	1761928	4910112	4346229	944820	1001588	2734814	1480457	179820	760340	37323257	16991614	810451	25252054	14416409	3024237	1286070	8644965	880685	36921256	17393615
2021-06-05	54726378	411507	95494	316013	39939157	4376340	9569818	37857813	17709628	0.455	0.213	7644926	5826686	1124640	1761928	4910112	4346229	944820	1001588	2734814	1480457	179820	760340	37671220	17055158	841063	25310663	14628494	3050227	1326113	8655860	913958	37016750	17709628
2021-06-06	55018630	292252	59399	232853	40144898	4417320	9597133	37935428	17942481	0.456	0.216	7644926	5826686	1124640	1761928	4910112	4346229	944820	1001588	2734814	1480457	179820	760340	37933763	17084867	859279	25354527	14790371	3062156	1355164	8659466	937667	37076149	17942481
2021-06-07	55629603	610973	190742	420231	40544730	4501753	9669421	38180590	18362712	0.459	0.221	7644926	5826686	1124640	1761928	4910112	4346229	944820	1001588	2734814	1480457	179820	760340	38305452	17323248	913699	25487148	15057582	3089219	1412534	8690524	978897	37266891	18362712
2021-06-08	56672046	1042443	331557	710886	41381517	4576488	9732114	38580375	19073598	0.464	0.229	7644926	5826686	1124640	1761928	4910112	4346229	944820	1001588	2734814	1480457	179820	760340	38700074	17968865	981927	25760676	15620841	3115067	1461421	8722705	1009409	37598448	19073598
2021-06-09	58080441	1408395	435157	973238	42543737	4663164	9795903	39111242	20046836	0.470	0.241	7644926	5826686	1124640	1761928	4910112	4346229	944820	1001588	2734814	1480457	179820	760340	39117740	18956810	1077637	26135533	16408204	3143060	1520104	8755012	1040891	38033605	20046836
2021-06-10	59255603	1175162	389658	785504	43485546	4752527	9851453	39589340	20832340	0.476	0.250	7644926	5826686	1124640	1761928	4910112	4346229	944820	1001588	2734814	1480457	179820	760340	39541361	19705530	1166077	26466852	17018694	3174658	1577869	8781753	1069700	38423263	20832340
2021-06-11	60301950	1046347	349253	697094	44278266	4841241	9919814	40035145	21529434	0.481	0.259	7644926	5826686	1124640	1761928	4910112	4346229	944820	1001588	2734814	1480457	179820	760340	39971932	20318630	1262629	26759266	17519000	3202490	1638751	8810760	1109054	38772516	21529434
2021-06-12	60733430	431480	120167	311313	44559543	4912914	9963119	40190537	21840747	0.483	0.263	7644926	5826686	1124640	1761928	4910112	4346229	944820	1001588	2734814	1480457	179820	760340	40300315	20420893	1297854	26847776	17711767	3221079	1691835	8823828	1139291	38892683	21840747
2021-06-13	61015848	282418	64353	218065	44738880	4976387	9988981	40268636	22058812	0.484	0.265	7644926	5826686	1124640	1761928	4910112	4346229	944820	1001588	2734814	1480457	179820	760340	40547073	20456247	1311600	26891596	17847284	3236937	1739450	8828503	1160478	38957036	22058812
2021-06-14	61661001	645153	205942	439211	45160570	5077379	10056257	40529773	22498023	0.487	0.271	7644926	5826686	1124640	1761928	4910112	4346229	944820	1001588	2734814	1480457	179820	760340	40949715	20696780	1366795	27056553	18104017	3260364	1817015	8846061	1210196	39162978	22498023
2021-06-15	62692859	1031858	334156	697702	45944741	5181691	10140599	40922962	23195725	0.492	0.279	7644926	5826686	1124640	1761928	4910112	4346229	944820	1001588	2734814	1480457	179820	760340	41391394	21283470	1425828	27342780	18601961	3288702	1892989	8865652	1274947	39497134	23195725
2021-06-16	64055893	1363034	450176	912858	47030137	5287176	10236628	41449262	24108583	0.498	0.290	7644926	5826686	1124640	1761928	4910112	4346229	944820	1001588	2734814	1480457	179820	760340	41851855	22182018	1501952	27735546	19294591	3320637	1966539	8891127	1345501	39947310	24108583
2021-06-17	65184233	1128340	382859	745481	47895898	5389680	10328506	41900318	24854064	0.504	0.299	7644926	5826686	1124640	1761928	4910112	4346229	944820	1001588	2734814	1480457	179820	760340	42306625	22852215	1570149	28067061	19828837	3349739	2039941	8913369	1415137	40330169	24854064
2021-06-18	66158379	974146	330222	643924	48611962	5483252	10424358	42299198	25497988	0.509	0.307	7644926	5826686	1124640	1761928	4910112	4346229	944820	1001588	2734814	1480457	179820	760340	42747784	23382503	1638807	28344375	20267587	3380661	2102591	8935355	1489003	40660391	25497988
2021-06-19	66581340	422961	115713	307248	48881184	5565081	10475223	42435956	25805236	0.510	0.310	7644926	5826686	1124640	1761928	4910112	4346229	944820	1001588	2734814	1480457	179820	760340	43085004	23466988	1659852	28432847	20448337	3401356	2163725	8941901	1533322	40776104	25805236
2021-06-20	66875011	293671	67047	226624	49059024	5636265	10507060	42515813	26031860	0.511	0.313	7644926	5826686	1124640	1761928	4910112	4346229	944820	1001588	2734814	1480457	179820	760340	43348770	23496614	1672662	28481366	20577658	3417260	2219005	8944525	1562535	40843151	26031860
2021-06-21	67495294	620283	201166	419117	49461238	5733033	10592162	42753178	26450977	0.514	0.318	7644926	5826686	1124640	1761928	4910112	4346229	944820	1001588	2734814	1480457	179820	760340	43737503	23726147	1708861	28643968	20817270	3441910	2291123	8958439	1633723	41044317	26450977
2021-06-22	68554766	1059472	360934	698538	50289706	5828196	10694277	43147838	27149515	0.519	0.326	7644926	5826686	1124640	1761928	4910112	4346229	944820	1001588	2734814	1480457	179820	760340	44164271	24354112	1742587	28958597	21331109	3472049	2356147	8974605	1719672	41405251	27149515
2021-06-23	69870026	1315260	471967	843293	51360936	5923445	10809293	43653570	27992808	0.525	0.337	7644926	5826686	1124640	1761928	4910112	4346229	944820	1001588	2734814	1480457	179820	760340	44590594	25237778	1776352	29380624	21980312	3501545	2421900	8995049	1814244	41877218	27992808
2021-06-24	70885608	1015582	472222	543360	52140419	6010066	10919589	44164974	28536168	0.531	0.343	7644926	5826686	1124640	1761928	4910112	4346229	944820	1001588	2734814	1480457	179820	760340	45008727	25830883	1815534	29796669	22343750	3536534	2473532	9016237	1903352	42349440	28536168
2021-06-25	71786672	901064	364317	536747	52816999	6086067	11028965	44568398	29072915	0.536	0.350	7644926	5826686	1124640	1761928	4910112	4346229	944820	1001588	2734814	1480457	179820	760340	45423046	26314646	1854641	30114763	22702236	3562986	2523081	9036008	1992957	42713757	29072915
2021-06-26	72187836	401164	130714	270450	53065773	6153944	11100611	44711979	29343365	0.538	0.353	7644926	5826686	1124640	1761928	4910112	4346229	944820	1001588	2734814	1480457	179820	760340	45759859	26378225	1867508	30213984	22851789	3588281	2565663	9042206	2058405	42844471	29343365
2021-06-27	72478194	290358	88736	201622	53237536	6211870	11157160	44804835	29544987	0.539	0.355	7644926	5826686	1124640	1761928	4910112	4346229	944820	1001588	2734814	1480457	179820	760340	46024144	26403445	1871628	30280202	22957334	3607392	2604478	9045613	2111547	42933207	29544987
2021-06-28	73096356	618162	235712	382450	53628940	6301231	11270560	45064544	29927437	0.542	0.360	7644926	5826686	1124640	1761928	4910112	4346229	944820	1001588	2734814	1480457	179820	760340	46425812	26617843	1895625	30470174	23158766	3639437	2661794	9059308	2211252	43168919	29927437
2021-06-29	74013549	917193	378193	539000	54300113	6393146	11402782	45464620	30466437	0.547	0.366	7644926	5826686	1124640	1761928	4910112	4346229	944820	1001588	2734814	1480457	179820	760340	46842363	27113831	1917508	30803897	23496216	3672205	2720941	9071010	2331772	43547112	30466437
2021-06-30	75016812	1003263	437732	565531	55052612	6486035	11538546	45924463	31031968	0.552	0.373	7644926	5826686	1124640	1761928	4910112	4346229	944820	1001588	2734814	1480457	179820	760340	47256266	27697962	1939619	31192502	23860110	3706894	2779141	9085448	2453098	43984844	31031968
2021-07-01	75982505	965693	441762	523931	55782006	6568071	11670770	46388264	31555899	0.558	0.379	7644926	5826686	1124640	1761928	4910112	4346229	944820	1001588	2734814	1480457	179820	760340	47647390	28268207	1961658	31590408	24191598	3737268	2830803	9098930	2571840	44426606	31555899
2021-07-02	76808676	826171	368671	457500	56416263	6661275	11748892	46777523	32013399	0.562	0.385	7644926	5826686	1124640	1761928	4910112	4346229	944820	1001588	2734814	1480457	179820	760340	48028424	28709971	1982246	31918245	24498018	3768926	2892349	9108106	2640786	44795277	32013399
2021-07-03	77178409	369733	146245	223488	56665979	6739977	11775417	46938558	32236887	0.564	0.388	7644926	5826686	1124640	1761928	4910112	4346229	944820	1001588	2734814	1480457	179820	760340	48331160	28776252	1997036	32037182	24628797	3793486	2946491	9110854	2664563	44941522	32236887
2021-07-04	77448851	270442	92355	178087	56846041	6807506	11789894	47039287	32414974	0.566	0.390	7644926	5826686	1124640	1761928	4910112	4346229	944820	1001588	2734814	1480457	179820	760340	48574083	28803194	2005410	32109641	24736400	3811929	2995577	9112307	2677587	45033877	32414974
2021-07-05	77973346	524495	190976	333519	57224003	6900170	11829148	47244878	32748493	0.568	0.394	7644926	5826686	1124640	1761928	4910112	4346229	944820	1001588	2734814	1480457	179820	760340	48906523	28993153	2020025	32270535	24953468	3837682	3062488	9116636	2712512	45224853	32748493
2021-07-06	78672892	699546	245518	454028	57787506	6977663	11872824	47505270	33202521	0.571	0.399	7644926	5826686	1124640	1761928	4910112	4346229	944820	1001588	2734814	1480457	179820	760340	49172397	29423099	2034899	32489931	25297575	3859350	3118313	9121090	2751734	45470371	33202521