date	dosen_kumulativ	dosen_differenz_zum_vortag	dosen_erst_differenz_zum_vortag	dosen_zweit_differenz_zum_vortag	dosen_biontech_kumulativ	dosen_moderna_kumulativ	dosen_astrazeneca_kumulativ	personen_erst_kumulativ	personen_voll_kumulativ	impf_quote_erst	impf_quote_voll	indikation_alter_dosen	indikation_beruf_dosen	indikation_medizinisch_dosen	indikation_pflegeheim_dosen	indikation_alter_erst	indikation_beruf_erst	indikation_medizinisch_erst	indikation_pflegeheim_erst	indikation_alter_voll	indikation_beruf_voll	indikation_medizinisch_voll	indikation_pflegeheim_voll	dosen_dim_kumulativ	dosen_kbv_kumulativ	dosen_johnson_kumulativ	dosen_biontech_erst_kumulativ	dosen_biontech_zweit_kumulativ	dosen_moderna_erst_kumulativ	dosen_moderna_zweit_kumulativ	dosen_astrazeneca_erst_kumulativ	dosen_astrazeneca_zweit_kumulativ	dosen_erst_kumulativ	dosen_zweit_kumulativ
2020-12-27	24099	24099	24086	13	24097	2	0	24086	13	0.000	0.000	10705	8657	1305	12604	10664	8590	1305	12536	41	67	0	68	24099	0	0	24084	13	2	0	0	0	24086	13
2020-12-28	42066	17967	17805	162	42064	2	0	41891	175	0.001	0.000	18621	15788	1991	21344	18580	15721	1991	21276	41	67	0	68	42066	0	0	41889	175	2	0	0	0	41891	175
2020-12-29	92092	50026	49292	734	92089	2	1	91183	909	0.001	0.000	34989	40734	3107	40508	34724	40420	3107	40099	265	314	0	409	92092	0	0	91180	909	2	0	1	0	91183	909
2020-12-30	155580	63488	63349	139	155577	2	1	154532	1048	0.002	0.000	55510	73365	4901	63206	55243	73050	4901	62794	267	315	0	412	155580	0	0	154529	1048	2	0	1	0	154532	1048
2020-12-31	205274	49694	49605	89	205271	2	1	204137	1137	0.002	0.000	72831	96719	6752	83965	72517	96367	6752	83476	314	352	0	489	205274	0	0	204134	1137	2	0	1	0	204137	1137
2021-01-01	230618	25344	25335	9	230607	7	4	229472	1146	0.003	0.000	81208	105449	7830	92301	80894	105097	7830	91812	314	352	0	489	230618	0	0	229462	1145	7	0	3	1	229472	1146
2021-01-02	278569	47951	47665	286	278558	7	4	277137	1432	0.003	0.000	102774	129731	10350	113258	102365	129304	10350	112629	409	427	0	629	278569	0	0	277127	1431	7	0	3	1	277137	1432
2021-01-03	300979	22410	22405	5	300967	8	4	299542	1437	0.004	0.000	113044	140227	11284	123279	112635	139800	11284	122650	409	427	0	629	300979	0	0	299531	1436	8	0	3	1	299542	1437
2021-01-04	346798	45819	45723	96	346785	9	4	345265	1533	0.004	0.000	129646	164913	13951	139091	129237	164486	13951	138462	409	427	0	629	346798	0	0	345253	1532	9	0	3	1	345265	1533
2021-01-05	398767	51969	51632	337	398753	10	4	396897	1870	0.005	0.000	147987	192565	16489	157656	147576	192117	16489	157025	411	448	0	631	398767	0	0	396884	1869	10	0	3	1	396897	1870
2021-01-06	461222	62455	62363	92	461199	16	7	459260	1962	0.006	0.000	169498	225530	19910	180812	169086	225082	19910	180181	412	448	0	631	461222	0	0	459239	1960	16	0	5	2	459260	1962
2021-01-07	515186	53964	53942	22	515159	19	8	513202	1984	0.006	0.000	189172	254868	22957	197233	188758	254418	22957	196600	414	450	0	633	515186	0	0	513177	1982	19	0	6	2	513202	1984
2021-01-08	576841	61655	61547	108	576762	70	9	574749	2092	0.007	0.000	211521	287315	26324	218219	211009	286711	26320	217449	512	604	4	770	576841	0	0	574672	2090	70	0	7	2	574749	2092
2021-01-09	636806	59965	59818	147	636724	73	9	634567	2239	0.008	0.000	237322	313238	29007	243325	236798	312599	29003	242545	524	639	4	780	636806	0	0	634487	2237	73	0	7	2	634567	2239
2021-01-10	672044	35238	35089	149	671954	81	9	669656	2388	0.008	0.000	252455	327794	30379	256315	251929	327151	30375	255535	526	643	4	780	672044	0	0	669569	2385	80	1	7	2	669656	2388
2021-01-11	739541	67497	67395	102	739436	94	11	737051	2490	0.009	0.000	277513	359176	33587	276774	276967	358513	33583	275968	546	663	4	806	739541	0	0	736955	2481	87	7	9	2	737051	2490
2021-01-12	817809	78268	78204	64	817688	109	12	815255	2554	0.010	0.000	305695	401338	36582	301731	305147	400670	36578	300888	548	668	4	843	817809	0	0	815144	2544	102	7	9	3	815255	2554
2021-01-13	928543	110734	110533	201	927254	1277	12	925788	2755	0.011	0.000	345167	458844	40485	337339	344574	458093	40466	336399	593	751	19	940	928543	0	0	924509	2745	1270	7	9	3	925788	2755
2021-01-14	1011659	83116	82894	222	1005224	6423	12	1008682	2977	0.012	0.000	374803	501101	42769	361463	374094	500254	42750	360452	709	847	19	1011	1011659	0	0	1002301	2923	6372	51	9	3	1008682	2977
2021-01-15	1102120	90461	89615	846	1090415	11688	17	1098297	3823	0.013	0.000	408725	545673	46728	389202	407810	544625	46700	387982	915	1048	28	1220	1102120	0	0	1086646	3769	11637	51	14	3	1098297	3823
2021-01-16	1159453	57333	56312	1021	1146068	13367	18	1154609	4844	0.014	0.000	432983	570627	48859	408798	431664	569232	48767	407047	1319	1395	92	1751	1159453	0	0	1141278	4790	13316	51	15	3	1154609	4844
2021-01-17	1207009	47556	29784	17772	1192361	14628	19	1184394	22616	0.014	0.000	453449	591002	50884	428544	444215	583354	50014	417145	9234	7648	870	11399	1207009	0	1	1169800	22561	14577	51	16	3	1184393	22616
2021-01-18	1288915	81906	66163	15743	1270124	18770	20	1250557	38359	0.015	0.000	482728	633883	53106	448900	467235	619730	51700	430238	15493	14153	1406	18662	1288915	0	1	1231822	38302	18717	53	17	3	1250556	38359
2021-01-19	1407712	118797	82344	36453	1385252	22431	28	1332901	74812	0.016	0.001	519765	695968	56714	479843	492669	666683	54375	447938	27096	29285	2339	31905	1407712	0	1	1310501	74751	22374	57	25	3	1332900	74812
2021-01-20	1539889	132177	77604	54573	1514684	25173	31	1410505	129385	0.017	0.002	568076	760039	60957	522078	522876	706310	57505	469463	45200	53729	3452	52615	1539889	0	1	1385360	129324	25116	57	28	3	1410504	129385
2021-01-21	1644872	104983	63662	41321	1616925	27913	33	1474167	170706	0.018	0.002	610150	808503	65406	556195	549621	735602	60889	487988	60529	72901	4517	68207	1644872	0	1	1446282	170643	27855	58	29	4	1474166	170706
2021-01-22	1746480	101608	68036	33572	1716338	30100	41	1542203	204278	0.019	0.002	654049	853889	69013	590642	579902	764987	63599	506975	74147	88902	5414	83667	1746480	0	1	1512128	204210	30037	63	37	4	1542202	204278
2021-01-23	1833046	86566	40448	46118	1802547	30454	44	1582651	250396	0.019	0.003	691767	890989	72414	617916	599855	780966	64783	516268	91912	110023	7631	101648	1833046	0	1	1552220	250327	30390	64	40	4	1582650	250396
2021-01-24	1880334	47288	25454	21834	1849633	30652	48	1608105	272230	0.019	0.003	715655	910067	73331	632982	614016	789814	65130	521524	101639	120253	8201	111458	1880334	0	1	1577472	272161	30588	64	44	4	1608104	272230
2021-01-25	1971377	91043	52273	38770	1939257	32068	51	1660378	311000	0.020	0.004	756375	951632	76827	658117	642321	811974	66847	534304	114054	139658	9980	123813	1971377	0	1	1628329	310928	32001	67	47	4	1660377	311000
2021-01-26	2068912	97535	50630	46905	2035350	33503	58	1711008	357905	0.021	0.004	796572	997196	80614	684405	667753	831436	68195	545278	128819	165760	12419	139127	2068912	0	1	1677521	357829	33432	71	54	4	1711007	357905
2021-01-27	2178292	109380	50796	58584	2142936	35289	66	1761804	416489	0.021	0.005	839834	1049509	85786	715259	691463	852265	70042	556304	148371	197244	15744	158955	2178292	0	1	1726535	416401	35206	83	62	4	1761803	416489
2021-01-28	2270577	92285	46376	45909	2233590	36917	69	1808180	462398	0.022	0.006	877990	1090332	89974	739697	713483	869115	71590	567469	164507	221217	18384	172228	2270577	0	1	1771368	462222	36746	171	65	4	1808179	462398
2021-01-29	2378341	107764	49982	57782	2339867	38397	76	1858162	520180	0.022	0.006	920894	1138243	95507	769100	735839	888487	73819	578309	185055	249756	21688	190791	2378341	0	1	1819864	520003	38225	172	72	4	1858161	520180
2021-01-30	2466351	88010	34358	53652	2426995	39277	78	1892520	573832	0.023	0.007	957412	1174692	99468	796433	752473	901967	75224	586328	204939	272725	24244	210105	2466351	0	1	1853343	573652	39103	174	73	5	1892519	573832
2021-01-31	2523218	56867	25751	31116	2483481	39653	83	1918271	604948	0.023	0.007	982865	1196922	101575	812430	766590	910861	76411	592657	216275	286061	25164	219773	2523218	0	1	1878722	604759	39471	182	77	6	1918270	604948
2021-02-01	2642743	119525	57968	61557	2600746	41862	134	1976239	666505	0.024	0.008	1026174	1260299	105285	839830	787193	944041	78273	602425	238981	316258	27012	237405	2642743	0	1	1934432	666314	41678	184	128	6	1976238	666505
2021-02-02	2774752	132009	64792	67217	2729681	44923	147	2041031	733722	0.025	0.009	1069633	1330364	110479	870030	806216	982089	80866	611659	263417	348275	29613	258371	2774752	0	1	1996151	733530	44738	185	141	6	2041030	733722
2021-02-03	2935790	161038	63524	97514	2884364	51251	173	2104556	831236	0.025	0.010	1128983	1407775	116405	912544	829819	1014401	83062	623312	299164	393374	33343	289232	2935790	0	2	2053327	831037	51060	191	167	6	2104554	831236
2021-02-04	3068915	133125	61194	71931	3011651	57084	178	2165750	903167	0.026	0.011	1177986	1472437	120972	943857	851937	1046473	85311	632945	326049	425964	35661	310912	3068915	0	2	2108686	902965	56890	194	172	6	2165748	903167
2021-02-05	3215402	146487	68898	77589	3151681	63533	186	2234648	980756	0.027	0.012	1232524	1542580	126293	977786	877231	1080338	86905	644262	355293	462242	39388	333524	3215402	0	2	2171262	980419	63205	328	179	7	2234646	980756
2021-02-06	3309066	93664	45375	48289	3242718	66159	187	2280023	1029045	0.027	0.012	1272514	1588658	130853	1003590	896490	1101898	88782	653957	376024	486760	42071	349633	3309066	0	2	2214010	1028708	65831	328	180	7	2280021	1029045
2021-02-07	3362370	53304	28251	25053	3293694	68485	189	2308274	1054098	0.028	0.013	1298155	1609930	133571	1016823	910800	1112720	90015	659435	387355	497210	43556	357388	3362370	0	2	2239934	1053760	68156	329	182	7	2308272	1054098
2021-02-08	3471214	108844	52864	55980	3398690	72306	216	2361138	1110078	0.028	0.013	1350672	1655734	137545	1035599	942269	1129343	91902	666781	408403	526391	45643	368818	3471214	0	2	2288951	1109739	71976	330	209	7	2361136	1110078
2021-02-09	3605262	134048	60197	73851	3529191	75740	329	2421335	1183929	0.029	0.014	1411842	1714380	141993	1058512	978151	1147503	94639	674792	433691	566877	47354	383720	3605262	0	2	2345791	1183400	75220	520	322	7	2421333	1183929
2021-02-10	3759426	154164	77318	76846	3670789	79975	8660	2498653	1260775	0.030	0.015	1478760	1781046	146001	1087933	1017461	1175177	96286	685176	461299	605869	49715	402757	3759426	0	2	2411536	1259253	78474	1501	8641	19	2498651	1260775
2021-02-11	3903127	143701	75205	68496	3790909	87240	24974	2573860	1329271	0.031	0.016	1539776	1848576	151475	1113070	1052428	1208053	98713	694775	487348	640523	52762	418295	3903127	0	4	2466206	1324703	82709	4531	24941	33	2573856	1329271
2021-02-12	4058232	155105	79515	75590	3922491	96537	39197	2653378	1404861	0.032	0.017	1611268	1919253	157751	1138545	1094198	1240389	101429	704318	517070	678864	56322	434227	4058232	0	7	2527250	1395241	87281	9256	38840	357	2653371	1404861
2021-02-13	4165602	107370	61924	45446	4013253	99794	52547	2715303	1450307	0.033	0.017	1667599	1960972	162355	1156080	1129093	1262877	103231	711418	538506	698095	59124	444662	4165602	0	8	2574119	1439134	88993	10801	52183	364	2715295	1450307
2021-02-14	4230810	65208	39494	25714	4068741	102268	59792	2754798	1476021	0.033	0.018	1706122	1983696	163973	1164146	1153761	1276081	104081	714928	552361	707615	59892	449218	4230810	0	9	2605119	1463622	90263	12005	59407	385	2754789	1476021
2021-02-15	4356073	125263	69522	55741	4173319	107497	75247	2824321	1531762	0.034	0.018	1773591	2031897	168008	1183418	1194859	1300739	106358	721524	578732	731158	61650	461894	4356073	0	10	2656931	1516388	92535	14962	74845	402	2824311	1531762
2021-02-16	4490167	134094	77745	56349	4281707	113616	94833	2902067	1588111	0.035	0.019	1839625	2089928	170683	1200400	1236633	1336138	107879	728440	602992	753790	62804	471960	4490167	0	11	2712377	1569330	95260	18356	94419	414	2902056	1588111
2021-02-17	4640928	150761	94458	56303	4403714	121614	115588	2996526	1644414	0.036	0.020	1920033	2147919	175770	1221928	1292995	1368705	110873	736858	627038	779214	64897	485070	4640928	0	12	2781280	1622434	100072	21542	115162	426	2996514	1644414
2021-02-18	4785153	144225	91242	52983	4515895	129838	139407	3087769	1697397	0.037	0.020	1995907	2206102	179208	1240945	1345328	1403985	112659	744258	650579	802117	66549	496687	4785153	0	13	2844025	1671870	104754	25084	138977	430	3087756	1697397
2021-02-19	4943464	158311	102768	55543	4636831	139798	166821	3190538	1752940	0.038	0.021	2076668	2266444	184080	1258305	1402958	1440066	115287	750941	673710	826378	68793	507364	4943464	0	14	2912535	1724296	111704	28094	166285	536	3190524	1752940
2021-02-20	5055510	112046	75795	36251	4723190	144262	188043	3266334	1789191	0.039	0.022	2138268	2310157	187738	1272296	1445964	1469322	117533	755178	692304	840835	70205	517118	5055510	0	15	2963086	1760104	115736	28526	187497	546	3266319	1789191
2021-02-21	5141303	85793	57420	28373	4789693	147903	203691	3323755	1817564	0.040	0.022	2187054	2340674	190304	1282667	1479917	1489494	118664	757407	707137	851180	71640	525260	5141303	0	16	3001382	1788311	119218	28685	203139	552	3323739	1817564
2021-02-22	5296624	155321	97575	57746	4912410	156897	227300	3421331	1875310	0.041	0.023	2266701	2410287	195201	1300517	1538362	1525084	121627	763642	728339	885203	73574	536875	5296624	0	17	3068134	1844276	126444	30453	226736	564	3421314	1875310
2021-02-23	5466266	169642	109156	60486	5045998	164106	256144	3530488	1935796	0.042	0.023	2346910	2483166	200501	1318387	1598211	1563793	124757	771284	748699	919373	75744	547103	5466266	0	18	3142907	1903091	131995	32111	255568	576	3530470	1935796
2021-02-24	5641883	175617	116481	59136	5177351	171717	292796	3646970	1994932	0.044	0.024	2431789	2557990	207079	1337422	1660503	1608669	128907	778912	771286	949321	78172	558510	5641883	0	19	3216829	1960522	137920	33797	292202	594	3646951	1994932
2021-02-25	5830615	188732	129751	58981	5308477	178477	343642	3776721	2053913	0.045	0.025	2514175	2648479	213515	1355541	1722988	1667176	133470	787131	791187	981303	80045	568410	5830615	0	19	3290516	2017961	143151	35326	343035	607	3776702	2053913
2021-02-26	6042912	212297	145464	66833	5449142	187310	406441	3922185	2120746	0.047	0.025	2602819	2749814	220591	1375230	1787946	1735795	138593	794627	814873	1014019	81998	580603	6042912	0	19	3366038	2083104	150367	36943	405761	680	3922166	2120746
2021-02-27	6190632	147720	107826	39894	5541799	191392	457422	4030011	2160640	0.048	0.026	2666475	2822116	227301	1388101	1833818	1790224	143432	799030	832657	1031892	83869	589071	6190632	0	19	3419541	2122258	153717	37675	456734	688	4029992	2160640
2021-02-28	6293463	102831	78770	24061	5603075	195345	495023	4108782	2184701	0.049	0.026	2714700	2875405	231582	1394762	1868893	1834535	146785	801170	845807	1040870	84797	593592	6293463	0	20	3457127	2145948	157318	38027	494317	706	4108762	2184701
2021-03-01	6491565	198102	148276	49826	5733223	204969	553353	4257058	2234527	0.051	0.027	2817221	2953369	239381	1408021	1943445	1896228	153263	806209	873776	1057141	86118	601812	6491565	0	20	3539486	2193737	164920	40049	552632	721	4257038	2234527
2021-03-02	6710140	218575	166474	52101	5872983	214959	622178	4423532	2286628	0.053	0.027	2927307	3047588	248982	1422628	2022735	1971725	160632	812692	904572	1075863	88350	609936	6710140	0	20	3630041	2242942	172035	42924	621436	742	4423512	2286628
2021-03-03	6956338	246198	175774	70424	6029889	229908	696521	4599306	2357052	0.055	0.028	3047976	3148969	260606	1439862	2105531	2048823	170041	819606	942445	1100146	90565	620256	6956338	0	20	3722474	2307415	181108	48800	695704	817	4599286	2357052
2021-03-04	7200791	244453	181628	62825	6170911	244378	785482	4780934	2419877	0.057	0.029	3159240	3258741	272992	1455625	2181653	2136963	180034	825002	977587	1121778	92958	630623	7200791	0	20	3806110	2364801	190182	54196	784622	860	4780914	2419877
2021-03-05	7476419	275628	207088	68540	6320385	257743	898270	4988023	2488417	0.060	0.030	3277185	3383782	287941	1471072	2258903	2242620	191990	830697	1018282	1141162	95951	640375	7476419	0	21	3893054	2427331	197587	60156	897361	909	4988002	2488417
2021-03-06	7678098	201679	153029	48650	6429608	266183	982286	5141052	2537067	0.062	0.031	3366696	3478463	298371	1480590	2314602	2325555	200824	833966	1052094	1152908	97547	646624	7678098	0	21	3955886	2473722	203789	62394	981356	930	5141031	2537067
2021-03-07	7825632	147534	114047	33487	6509348	272839	1043424	5255099	2570554	0.063	0.031	3437978	3544531	306478	1486155	2360956	2383880	208082	835928	1077022	1160651	98396	650227	7825632	0	21	4004496	2504852	208108	64731	1042474	950	5255078	2570554
2021-03-08	8063085	237453	185861	51592	6643254	283794	1136016	5440960	2622146	0.065	0.032	3556806	3640371	322827	1498475	2442587	2468035	222757	841890	1114219	1172336	100070	656585	8063085	0	21	4090214	2553040	215700	68094	1135025	991	5440939	2622146
2021-03-09	8315293	252208	197360	54848	6783354	296579	1235339	5638320	2676994	0.068	0.032	3677710	3742787	340236	1512022	2524321	2558568	238262	848791	1153389	1184219	101974	663231	8315293	0	21	4179003	2604351	225012	71567	1234284	1055	5638299	2676994
2021-03-10	8603580	288287	221249	67038	6942410	308756	1352392	5859570	2744032	0.070	0.033	3808598	3856306	360962	1530389	2606688	2661880	256906	860000	1201910	1194426	104056	670389	8602609	971	22	4274633	2667777	233631	75125	1351284	1108	5859548	2744032
2021-03-11	8887817	284237	223346	60891	7090041	322474	1475280	6082916	2804923	0.073	0.034	3937470	3976178	382106	1544008	2689957	2769533	276555	867677	1247513	1206645	105551	676331	8886191	1626	22	4365778	2724263	243001	79473	1474115	1165	6082894	2804923
2021-03-12	9214274	326457	255599	70858	7241618	339769	1632865	6338515	2875781	0.076	0.035	4071484	4127850	404783	1559463	2770420	2906954	297406	877132	1301064	1220896	107377	682331	9212438	1836	22	4451292	2790326	255703	84066	1631498	1367	6338493	2875781
2021-03-13	9454862	240588	190308	50280	7357631	349336	1747873	6528823	2926061	0.079	0.035	4181046	4240796	425293	1567511	2840453	3011727	316755	881879	1340593	1229069	108538	685632	9452870	1992	22	4518478	2839153	263929	85407	1746394	1479	6528801	2926061
2021-03-14	9624875	170013	134351	35662	7445647	354848	1824358	6663174	2961723	0.080	0.036	4266043	4307307	441408	1570975	2896461	3072888	331859	883676	1369582	1234419	109549	687299	9622873	2002	22	4571828	2873819	268466	86382	1822858	1500	6663152	2961723
2021-03-15	9872521	247646	188422	59224	7598397	367585	1906517	6851596	3020947	0.082	0.036	4400463	4391447	461474	1582289	2984151	3147219	350790	890548	1416312	1244228	110684	691741	9870236	2285	22	4667143	2931254	279503	88082	1904928	1589	6851574	3020947
2021-03-16	10051416	178895	110732	68163	7765025	378837	1907532	6962328	3089110	0.084	0.037	4527474	4426082	473886	1593025	3059300	3169255	361553	895647	1468174	1256827	112333	697378	10048584	2832	22	4768097	2996928	288270	90567	1905939	1593	6962306	3089110
2021-03-17	10256350	204934	124032	80902	7951230	396824	1908274	7086360	3170012	0.085	0.038	4672447	4463838	487350	1605072	3141952	3193652	373040	902175	1530495	1270186	114310	702897	10252901	3449	22	4878212	3073018	301450	95374	1906676	1598	7086338	3170012
2021-03-18	10449823	193473	117900	75573	8125388	414981	1909432	7204260	3245585	0.087	0.039	4812398	4498757	499905	1615322	3222615	3215628	383588	907340	1589783	1283129	116317	707982	10445951	3872	22	4981998	3143390	314407	100574	1907833	1599	7204238	3245585
2021-03-19	10694513	244690	160534	84156	8310752	435769	1947970	7364794	3329741	0.089	0.040	4961948	4563922	518114	1627194	3306761	3267408	399605	914537	1655187	1296514	118509	712657	10690110	4403	22	5090069	3220683	328389	107380	1946314	1656	7364772	3329741
2021-03-20	10914766	220253	166989	53264	8446124	451064	2017556	7531783	3383005	0.091	0.041	5078536	4641917	537715	1633319	3379545	3337212	417708	917920	1698991	1304705	120007	715399	10910039	4727	22	5176042	3270082	339850	111214	2015869	1687	7531761	3383005
2021-03-21	11079256	164490	126301	38189	8548300	460253	2070681	7658084	3421194	0.092	0.041	5171749	4694283	554274	1635819	3440184	3384099	433219	919244	1731565	1310184	121055	716575	11074529	4727	22	5243299	3305001	345795	114458	2068968	1713	7658062	3421194
2021-03-22	11348399	269143	192752	76391	8714700	484042	2149635	7850836	3497585	0.094	0.042	5329624	4766248	576579	1645397	3534739	3445389	453483	925279	1794885	1320859	123096	720118	11342144	6255	22	5340764	3373936	362182	121860	2147868	1767	7850814	3497585
2021-03-23	11649102	300703	216863	83840	8896145	503755	2249180	8067699	3581425	0.097	0.043	5490190	4854892	604288	1656865	3629814	3521119	478432	932910	1860376	1333773	125856	723955	11637859	11243	22	5443398	3452747	376922	126833	2247357	1823	8067677	3581425
2021-03-24	11988126	339024	249415	89609	9096292	536781	2355031	8317114	3671034	0.100	0.044	5664852	4952071	635971	1672375	3732242	3605792	507202	944863	1932610	1346279	128769	727512	11971091	17035	22	5559317	3536975	404642	132139	2353133	1898	8317092	3671034
2021-03-25	12320744	332618	251469	81149	9281792	564443	2474487	8568583	3752183	0.103	0.045	5830941	5060081	670798	1683452	3832663	3703768	539527	951994	1998278	1356313	131271	731458	12297764	22980	22	5669350	3612442	426733	137710	2472478	2009	8568561	3752183
2021-03-26	12694493	373749	285346	88403	9481336	601604	2611531	8853929	3840586	0.106	0.046	6003833	5184282	710463	1698535	3933360	3816071	576057	962322	2070473	1368211	134406	736213	12665199	29294	22	5787286	3694050	457190	144414	2609431	2100	8853907	3840586
2021-03-27	12975711	281218	218887	62331	9630896	629220	2715572	9072817	3902917	0.109	0.047	6147056	5279869	744190	1703356	4023632	3903670	607441	965464	2123424	1376199	136749	737892	12944067	31644	23	5877680	3753216	481696	147524	2713418	2154	9072794	3902917
2021-03-28	13172092	196381	143117	53264	9746242	647723	2778104	9215934	3956181	0.111	0.048	6253046	5333384	768116	1706823	4085867	3950861	629648	967502	2167179	1382523	138468	739321	13140257	31835	23	5943088	3803154	496925	150798	2775898	2206	9215911	3956181
2021-03-29	13477635	305543	216973	88570	9934916	672712	2869984	9432907	4044751	0.113	0.049	6418833	5404751	806706	1716518	4180272	4010842	665103	973637	2238561	1393909	141603	742881	13439852	37783	23	6050056	3884860	515111	157601	2867717	2267	9432884	4044751
2021-03-30	13806621	328986	236393	92593	10153563	697129	2955906	9669300	4137344	0.116	0.050	6591913	5474211	853024	1727240	4280843	4069380	706095	981320	2311070	1404831	146929	745920	13756702	49919	23	6182627	3970936	533071	164058	2953579	2327	9669277	4137344
2021-03-31	14142790	336169	234665	101504	10401024	733165	3008578	9903965	4238848	0.119	0.051	6774517	5538855	899988	1738789	4384637	4121392	747318	988525	2389880	1417463	152670	750264	14076556	66234	23	6336586	4064438	561141	172024	3006215	2363	9903942	4238848
2021-04-01	14469392	326602	235896	90706	10639883	765615	3063871	10139861	4329554	0.122	0.052	6936269	5606629	944397	1747554	4476928	4175958	787230	994147	2459341	1430671	157167	753407	14383079	86313	23	6492677	4147206	585694	179921	3061467	2404	10139838	4329554
2021-04-02	14695060	225668	157701	67967	10819391	780002	3095644	10297562	4397521	0.124	0.053	7067172	5654574	981393	1749910	4552089	4213818	820223	995356	2515083	1440756	161170	754554	14607223	87837	23	6608586	4210805	595740	184262	3093213	2431	10297539	4397521
2021-04-03	14926880	231820	167461	64359	10993524	795802	3137531	10465023	4461880	0.126	0.054	7198861	5698683	1018737	1753036	4633025	4248782	853330	997097	2565836	1449901	165407	755939	14837644	89236	23	6723244	4270280	606694	189108	3135062	2469	10465000	4461880
2021-04-04	15119814	192934	142566	50368	11125720	805864	3188207	10607589	4512248	0.128	0.054	7309766	5731715	1048001	1754173	4704262	4274251	879171	997551	2605504	1457464	168830	756622	15030442	89372	23	6809006	4316714	612865	192999	3185695	2512	10607566	4512248
2021-04-05	15367597	247783	177600	70183	11290678	823724	3253172	10785189	4582431	0.130	0.055	7456036	5770066	1081529	1756372	4794323	4302940	907924	998846	2661713	1467126	173605	757526	15276915	90682	23	6908592	4382086	625945	197779	3250629	2543	10785166	4582431
2021-04-06	15741305	373708	279005	94703	11545622	855936	3339724	11064194	4677134	0.133	0.056	7644926	5826686	1124640	1761928	4910112	4346229	944820	1001588	2734814	1480457	179820	760340	15613996	127309	23	7077594	4468028	649464	206472	3337113	2611	11064171	4677134
2021-04-07	16409225	667920	571555	96365	12087701	892962	3428539	11635749	4773499	0.140	0.057	7644926	5826686	1124640	1761928	4910112	4346229	944820	1001588	2734814	1480457	179820	760340	15976252	432973	23	7531995	4555706	677886	215076	3425845	2694	11635726	4773499
2021-04-08	17107810	698585	610923	87662	12658993	928589	3520205	12246672	4861161	0.147	0.058	7644926	5826686	1124640	1761928	4910112	4346229	944820	1001588	2734814	1480457	179820	760340	16349959	757851	23	8024680	4634313	704539	224050	3517430	2775	12246649	4861161
2021-04-09	17739404	631594	542719	88875	13148994	965156	3625231	12789391	4950036	0.154	0.060	7644926	5826686	1124640	1761928	4910112	4346229	944820	1001588	2734814	1480457	179820	760340	16742050	997354	23	8437322	4711672	729672	235484	3622374	2857	12789368	4950036
2021-04-10	18111980	372576	307525	65051	13397482	988378	3726097	13096916	5015087	0.157	0.060	7644926	5826686	1124640	1761928	4910112	4346229	944820	1001588	2734814	1480457	179820	760340	17081580	1030400	23	8628502	4768980	745213	243165	3723178	2919	13096893	5015087
2021-04-11	18375896	263916	213595	50321	13567851	1007044	3800978	13310511	5065408	0.160	0.061	7644926	5826686	1124640	1761928	4910112	4346229	944820	1001588	2734814	1480457	179820	760340	17340417	1035479	23	8752573	4815278	759932	247112	3797983	2995	13310488	5065408
2021-04-12	18794420	418524	342149	76375	13846706	1036230	3911460	13652661	5141783	0.164	0.062	7644926	5826686	1124640	1761928	4910112	4346229	944820	1001588	2734814	1480457	179820	760340	17710434	1083986	24	8963580	4883126	780645	255585	3908412	3048	13652637	5141783
2021-04-13	19371176	576756	503095	73661	14278961	1063445	4028746	14155756	5215444	0.170	0.063	7644926	5826686	1124640	1761928	4910112	4346229	944820	1001588	2734814	1480457	179820	760340	18091060	1280116	24	9327809	4951152	802419	261026	4025504	3242	14155732	5215444
2021-04-14	20146043	774867	691709	83158	14895385	1096982	4153652	14847465	5298602	0.179	0.064	7644926	5826686	1124640	1761928	4910112	4346229	944820	1001588	2734814	1480457	179820	760340	18492130	1653913	24	9870137	5025248	827452	269530	4149852	3800	14847441	5298602
2021-04-15	20826131	680088	609915	70173	15429297	1133186	4263623	15457381	5368775	0.186	0.065	7644926	5826686	1124640	1761928	4910112	4346229	944820	1001588	2734814	1480457	179820	760340	18876589	1949542	25	10343432	5085865	855045	278141	4258879	4744	15457356	5368775
2021-04-16	21422568	596437	522318	74119	15867383	1165721	4389439	15979699	5442894	0.192	0.065	7644926	5826686	1124640	1761928	4910112	4346229	944820	1001588	2734814	1480457	179820	760340	19278187	2144381	25	10716573	5150810	879209	286512	4383892	5547	15979674	5442894
2021-04-17	21788555	365987	309379	56608	16092256	1188405	4507869	16289078	5499502	0.196	0.066	7644926	5826686	1124640	1761928	4910112	4346229	944820	1001588	2734814	1480457	179820	760340	19622370	2166185	25	10893456	5198800	894759	293646	4500838	7031	16289053	5499502
2021-04-18	22057973	269418	230422	38996	16264293	1203787	4589868	16519500	5538498	0.199	0.067	7644926	5826686	1124640	1761928	4910112	4346229	944820	1001588	2734814	1480457	179820	760340	19887177	2170796	25	11031555	5232738	906250	297537	4581670	8198	16519475	5538498
2021-04-19	22460166	402193	340829	61364	16558046	1236706	4665388	16860330	5599862	0.203	0.067	7644926	5826686	1124640	1761928	4910112	4346229	944820	1001588	2734814	1480457	179820	760340	20245039	2215127	26	11273180	5284866	931252	305454	4655872	9516	16860304	5599862
2021-04-20	23020816	560650	498001	62649	16939971	1275922	4804897	17358331	5662511	0.209	0.068	7644926	5826686	1124640	1761928	4910112	4346229	944820	1001588	2734814	1480457	179820	760340	20611238	2409578	26	11601128	5338843	963874	312048	4793303	11594	17358305	5662511
2021-04-21	23741601	720785	647771	73014	17394171	1317613	5029791	18006102	5735525	0.217	0.069	7644926	5826686	1124640	1761928	4910112	4346229	944820	1001588	2734814	1480457	179820	760340	20992875	2748726	26	11992821	5401350	997508	320105	5015747	14044	18006076	5735525
2021-04-22	24380036	638435	571313	67122	17775872	1361262	5242876	18577415	5802647	0.223	0.070	7644926	5826686	1124640	1761928	4910112	4346229	944820	1001588	2734814	1480457	179820	760340	21364051	3015985	26	12318653	5457219	1033528	327734	5225208	17668	18577389	5802647
2021-04-23	24936122	556086	487237	68849	18129088	1404795	5402213	19064652	5871496	0.229	0.071	7644926	5826686	1124640	1761928	4910112	4346229	944820	1001588	2734814	1480457	179820	760340	21751942	3184180	26	12617054	5512034	1066579	338216	5380993	21220	19064626	5871496
2021-04-24	25301644	365522	306572	58950	18364061	1454135	5483422	19371224	5930446	0.233	0.071	7644926	5826686	1124640	1761928	4910112	4346229	944820	1001588	2734814	1480457	179820	760340	22100553	3201091	26	12810806	5553255	1100545	353590	5459847	23575	19371198	5930446
2021-04-25	25584507	282863	233816	49047	18551829	1487812	5544840	19605040	5979493	0.236	0.072	7644926	5826686	1124640	1761928	4910112	4346229	944820	1001588	2734814	1480457	179820	760340	22377602	3206905	26	12961175	5590654	1124356	363456	5519483	25357	19605014	5979493
2021-04-26	26017373	432866	358912	73954	18869706	1530283	5617289	19964021	6053447	0.240	0.073	7644926	5826686	1124640	1761928	4910112	4346229	944820	1001588	2734814	1480457	179820	760340	22723876	3293497	95	13217547	5652159	1158438	371845	5587941	29348	19963926	6053447
2021-04-27	26802628	785255	693387	91868	19546355	1581776	5673941	20657869	6145315	0.248	0.074	7644926	5826686	1124640	1761928	4910112	4346229	944820	1001588	2734814	1480457	179820	760340	23094251	3708377	556	13816384	5729971	1200810	380966	5640119	33822	20657313	6145315
2021-04-28	27925560	1122932	995985	126947	20554564	1642486	5727237	21654571	6272262	0.260	0.075	7644926	5826686	1124640	1761928	4910112	4346229	944820	1001588	2734814	1480457	179820	760340	23488100	4437460	1273	14716017	5838547	1248984	393502	5688297	38940	21653298	6272262
2021-04-29	28871396	945836	812438	133398	21378827	1706092	5784323	22467890	6405660	0.270	0.077	7644926	5826686	1124640	1761928	4910112	4346229	944820	1001588	2734814	1480457	179820	760340	23875868	4995528	2154	15428040	5950787	1300209	405883	5737487	46836	22465736	6405660
2021-04-30	29674868	803472	666456	137016	22057191	1763344	5851346	23135179	6542676	0.278	0.079	7644926	5826686	1124640	1761928	4910112	4346229	944820	1001588	2734814	1480457	179820	760340	24279494	5395374	2987	15994857	6062334	1342220	421124	5795115	56231	23132192	6542676
2021-05-01	30010961	336093	259834	76259	22310005	1804831	5890564	23397587	6618935	0.281	0.080	7644926	5826686	1124640	1761928	4910112	4346229	944820	1001588	2734814	1480457	179820	760340	24590937	5420024	5561	16186419	6123586	1377300	427531	5828307	62257	23392026	6618935
2021-05-02	30275886	264925	197543	67382	22505576	1842343	5920598	23596938	6686317	0.284	0.080	7644926	5826686	1124640	1761928	4910112	4346229	944820	1001588	2734814	1480457	179820	760340	24848207	5427679	7369	16326249	6179327	1409561	432782	5853759	66839	23589569	6686317
2021-05-03	30727415	451529	335181	116348	22823452	1912922	5982086	23933705	6802665	0.288	0.082	7644926	5826686	1124640	1761928	4910112	4346229	944820	1001588	2734814	1480457	179820	760340	25205876	5521539	8955	16553160	6270292	1466944	445978	5904646	77440	23924750	6802665
2021-05-04	31569958	842543	680843	161700	23449731	1976060	6132252	24617508	6964365	0.296	0.084	7644926	5826686	1124640	1761928	4910112	4346229	944820	1001588	2734814	1480457	179820	760340	25581167	5988791	11915	17047645	6402086	1516844	459216	6041104	91148	24605593	6964365
2021-05-05	32716584	1146626	914683	231943	24300559	2055016	6344623	25536662	7196308	0.307	0.087	7644926	5826686	1124640	1761928	4910112	4346229	944820	1001588	2734814	1480457	179820	760340	26001829	6714755	16386	17713403	6587156	1570303	484713	6236570	108053	25520276	7196308
2021-05-06	33706622	990038	766903	223135	24993102	2146908	6546032	26307759	7419443	0.316	0.089	7644926	5826686	1124640	1761928	4910112	4346229	944820	1001588	2734814	1480457	179820	760340	26416756	7289866	20580	18228843	6764259	1639807	507101	6418529	127503	26287179	7419443
2021-05-07	34596408	889786	651843	237943	25580035	2233593	6758346	26963456	7657386	0.324	0.092	7644926	5826686	1124640	1761928	4910112	4346229	944820	1001588	2734814	1480457	179820	760340	26862526	7733882	24434	18641901	6938134	1695530	538063	6601591	156755	26939022	7657386
2021-05-08	35022121	425713	271651	154062	25847685	2305361	6842923	27236825	7811448	0.327	0.094	7644926	5826686	1124640	1761928	4910112	4346229	944820	1001588	2734814	1480457	179820	760340	27227748	7794373	26152	18796661	7051024	1747473	557888	6666539	176384	27210673	7811448
2021-05-09	35308239	286118	183564	102554	26041574	2361910	6877537	27421455	7914002	0.330	0.095	7644926	5826686	1124640	1761928	4910112	4346229	944820	1001588	2734814	1480457	179820	760340	27502831	7805408	27218	18911283	7130291	1793226	568684	6689728	187809	27394237	7914002
2021-05-10	35897375	589136	395661	193475	26414700	2443603	7008125	27820845	8107477	0.335	0.097	7644926	5826686	1124640	1761928	4910112	4346229	944820	1001588	2734814	1480457	179820	760340	27903069	7994306	30947	19142673	7272027	1852758	590845	6794467	213658	27789898	8107477
2021-05-11	36983054	1085679	797877	287802	27240579	2523483	7184410	28622357	8395279	0.344	0.101	7644926	5826686	1124640	1761928	4910112	4346229	944820	1001588	2734814	1480457	179820	760340	28335053	8648001	34582	19735684	7504895	1910474	613009	6941617	242793	28587775	8395279
2021-05-12	38398581	1415527	1049100	366427	28333716	2615120	7409580	29677040	8761706	0.357	0.105	7644926	5826686	1124640	1761928	4910112	4346229	944820	1001588	2734814	1480457	179820	760340	28794597	9603984	40165	20532448	7801268	1971597	643523	7132830	276750	29636875	8761706
2021-05-13	38827790	429209	268387	160822	28649028	2681890	7454060	29948074	8922528	0.360	0.107	7644926	5826686	1124640	1761928	4910112	4346229	944820	1001588	2734814	1480457	179820	760340	29150327	9677463	42812	20720007	7929021	2023159	658731	7162096	291964	29905262	8922528
2021-05-14	39584107	756317	525908	230409	29194169	2746790	7592541	30481777	9152937	0.367	0.110	7644926	5826686	1124640	1761928	4910112	4346229	944820	1001588	2734814	1480457	179820	760340	29555307	10028800	50607	21084638	8109531	2072889	673901	7273643	318898	30431170	9152937
2021-05-15	39984128	400021	234497	165524	29473198	2807091	7648952	30720554	9318461	0.369	0.112	7644926	5826686	1124640	1761928	4910112	4346229	944820	1001588	2734814	1480457	179820	760340	29907662	10076466	54887	21241313	8231885	2116837	690254	7307517	341435	30665667	9318461
2021-05-16	40266691	282563	160590	121973	29673373	2859829	7673876	30885870	9440434	0.371	0.114	7644926	5826686	1124640	1761928	4910112	4346229	944820	1001588	2734814	1480457	179820	760340	30174220	10092471	59613	21347745	8325628	2159690	700139	7318822	355054	30826257	9440434
2021-05-17	40821906	555215	349229	205986	30011690	2945507	7795337	31244858	9646420	0.376	0.116	7644926	5826686	1124640	1761928	4910112	4346229	944820	1001588	2734814	1480457	179820	760340	30560117	10261789	69372	21540610	8471080	2220951	724556	7413925	381412	31175486	9646420
2021-05-18	41693751	871845	517269	354576	30601228	3046596	7968782	31769900	10000996	0.382	0.120	7644926	5826686	1124640	1761928	4910112	4346229	944820	1001588	2734814	1480457	179820	760340	30976958	10716793	77145	21839983	8761245	2293459	753137	7559313	409469	31692755	10000996
2021-05-19	42791251	1097500	563520	533980	31405270	3146675	8150042	32345539	10534976	0.389	0.127	7644926	5826686	1124640	1761928	4910112	4346229	944820	1001588	2734814	1480457	179820	760340	31394680	11396571	89264	22183967	9221303	2359703	786972	7712605	437437	32256275	10534976
2021-05-20	43738215	946964	455483	491481	32088375	3243145	8306589	32811864	11026457	0.395	0.133	7644926	5826686	1124640	1761928	4910112	4346229	944820	1001588	2734814	1480457	179820	760340	31810701	11927514	100106	22444880	9643495	2425212	817933	7841666	464923	32711758	11026457
2021-05-21	44588796	850581	405787	444794	32684245	3328807	8463815	33229474	11471251	0.400	0.138	7644926	5826686	1124640	1761928	4910112	4346229	944820	1001588	2734814	1480457	179820	760340	32238562	12350234	111929	22667353	10016892	2481582	847225	7968610	495205	33117545	11471251
2021-05-22	45062520	473724	214732	258992	32990342	3398311	8547660	33458484	11730243	0.402	0.141	7644926	5826686	1124640	1761928	4910112	4346229	944820	1001588	2734814	1480457	179820	760340	32583356	12479164	126207	22765718	10224624	2529889	868422	8036670	510990	33332277	11730243
2021-05-23	45347598	285078	124709	160369	33183276	3457697	8571551	33592060	11890612	0.404	0.143	7644926	5826686	1124640	1761928	4910112	4346229	944820	1001588	2734814	1480457	179820	760340	32850313	12497285	135074	22831349	10351927	2574184	883513	8051453	520098	33456986	11890612
2021-05-24	45673543	325945	141111	184834	33418970	3519247	8592209	33741214	12075446	0.406	0.145	7644926	5826686	1124640	1761928	4910112	4346229	944820	1001588	2734814	1480457	179820	760340	33160733	12512810	143117	22913943	10505027	2620737	898510	8063417	528792	33598097	12075446
2021-05-25	46328841	655298	272009	383289	33865514	3598916	8696182	34038335	12458735	0.409	0.150	7644926	5826686	1124640	1761928	4910112	4346229	944820	1001588	2734814	1480457	179820	760340	33557088	12771753	168229	23055639	10809875	2672183	926733	8142284	553898	33870106	12458735
2021-05-26	47508289	1179448	469422	710026	34750335	3681311	8830206	34585965	13168761	0.416	0.158	7644926	5826686	1124640	1761928	4910112	4346229	944820	1001588	2734814	1480457	179820	760340	33973121	13535168	246437	23370430	11379905	2724767	956544	8244331	585875	34339528	13168761
2021-05-27	48548801	1040512	404014	636498	35489308	3770196	8961744	35071095	13805259	0.422	0.166	7644926	5826686	1124640	1761928	4910112	4346229	944820	1001588	2734814	1480457	179820	760340	34391796	14157005	327553	23628218	11861090	2776385	993811	8338939	622805	34743542	13805259
2021-05-28	49451801	903000	356054	546946	36092152	3856262	9092087	35510896	14352205	0.427	0.173	7644926	5826686	1124640	1761928	4910112	4346229	944820	1001588	2734814	1480457	179820	760340	34826835	14624966	411300	23844898	12247254	2826899	1029363	8427799	664288	35099596	14352205
2021-05-29	49861571	409770	151580	258190	36353701	3918802	9149981	35690263	14610395	0.429	0.176	7644926	5826686	1124640	1761928	4910112	4346229	944820	1001588	2734814	1480457	179820	760340	35162196	14699375	439087	23924685	12429016	2863744	1055058	8462747	687234	35251176	14610395
2021-05-30	50144999	283428	97671	185757	36550764	3965808	9178313	35798961	14796152	0.430	0.178	7644926	5826686	1124640	1761928	4910112	4346229	944820	1001588	2734814	1480457	179820	760340	35423806	14721193	450114	23983880	12566884	2891082	1074726	8473885	704428	35348847	14796152
2021-05-31	50691164	546165	178156	368009	36917739	4033033	9247808	36019587	15164161	0.433	0.182	7644926	5826686	1124640	1761928	4910112	4346229	944820	1001588	2734814	1480457	179820	760340	35812202	14878962	492584	24095505	12822234	2918742	1114291	8512756	735052	35527003	15164161
2021-06-01	51678485	987321	399671	587650	37650765	4112450	9338187	36503757	15751811	0.439	0.189	7644926	5826686	1124640	1761928	4910112	4346229	944820	1001588	2734814	1480457	179820	760340	36209050	15469435	577083	24411467	13239298	2948386	1164064	8566821	771366	35926674	15751811
2021-06-02	52924923	1246438	516589	729849	38639149	4184677	9420343	37124017	16481660	0.446	0.198	7644926	5826686	1124640	1761928	4910112	4346229	944820	1001588	2734814	1480457	179820	760340	36615210	16309713	680754	24860714	13778435	2972805	1211872	8609744	810599	36443263	16481660
2021-06-03	53567128	642205	230308	411897	39113842	4248845	9470482	37407530	16893557	0.450	0.203	7644926	5826686	1124640	1761928	4910112	4346229	944820	1001588	2734814	1480457	179820	760340	36978002	16589126	733959	25040475	14073367	3002505	1246340	8630591	839891	36673571	16893557
2021-06-04	54377246	810118	290954	519164	39698697	4320061	9547313	37775700	17412721	0.454	0.209	7644926	5826686	1124640	1761928	4910112	4346229	944820	1001588	2734814	1480457	179820	760340	37385632	16991614	811175	25268307	14430390	3031188	1288873	8665030	882283	36964525	17412721
2021-06-05	54789951	412705	96216	316489	39969740	4386975	9591451	37902526	17729210	0.456	0.213	7644926	5826686	1124640	1761928	4910112	4346229	944820	1001588	2734814	1480457	179820	760340	37734793	17055158	841785	25327376	14642364	3057467	1329508	8675898	915553	37060741	17729210
2021-06-06	55082110	292159	59355	232804	40175429	4427970	9618684	37980123	17962014	0.457	0.216	7644926	5826686	1124640	1761928	4910112	4346229	944820	1001588	2734814	1480457	179820	760340	37997243	17084867	860027	25371243	14804186	3069438	1358532	8679415	939269	37120096	17962014
2021-06-07	55694865	612755	192283	420472	40576248	4513016	9691148	38226832	18382486	0.460	0.221	7644926	5826686	1124640	1761928	4910112	4346229	944820	1001588	2734814	1480457	179820	760340	38370714	17323248	914453	25504888	15071360	3096977	1416039	8710514	980634	37312379	18382486
2021-06-08	56743175	1048310	337088	711222	41418231	4588266	9753989	38632156	19093708	0.465	0.230	7644926	5826686	1124640	1761928	4910112	4346229	944820	1001588	2734814	1480457	179820	760340	38771203	17968865	982689	25783540	15634691	3123175	1465091	8742752	1011237	37649467	19093708
2021-06-09	58159465	1416290	442427	973863	42587799	4675344	9817923	39170293	20067571	0.471	0.241	7644926	5826686	1124640	1761928	4910112	4346229	944820	1001588	2734814	1480457	179820	760340	39196764	18956810	1078399	26165264	16422535	3151508	1523836	8775122	1042801	38091894	20067571
2021-06-10	59343986	1184521	398432	786089	43538414	4765072	9873663	39657163	20853660	0.477	0.251	7644926	5826686	1124640	1761928	4910112	4346229	944820	1001588	2734814	1480457	179820	760340	39629744	19705530	1166837	26504894	17033520	3183443	1581629	8801989	1071674	38490326	20853660
2021-06-11	60399615	1055629	358005	697624	44339432	4854043	9942580	40111891	21551284	0.482	0.259	7644926	5826686	1124640	1761928	4910112	4346229	944820	1001588	2734814	1480457	179820	760340	40069597	20318630	1263560	26805366	17534066	3211545	1642498	8831420	1111160	38848331	21551284
2021-06-12	60833416	433801	122445	311356	44622943	4925763	9985914	40269572	21862640	0.484	0.263	7644926	5826686	1124640	1761928	4910112	4346229	944820	1001588	2734814	1480457	179820	760340	40400301	20420893	1298796	26896143	17726800	3230186	1695577	8844447	1141467	38970776	21862640
2021-06-13	61116302	282886	64561	218325	44802781	4989222	10011713	40347923	22080965	0.485	0.266	7644926	5826686	1124640	1761928	4910112	4346229	944820	1001588	2734814	1480457	179820	760340	40647527	20456247	1312586	26940221	17862560	3246050	1743172	8849066	1162647	39035337	22080965
2021-06-14	61766310	650008	209673	440335	45229190	5090279	10079024	40612827	22521300	0.488	0.271	7644926	5826686	1124640	1761928	4910112	4346229	944820	1001588	2734814	1480457	179820	760340	41055024	20696780	1367817	27108917	18120273	3269498	1820781	8866595	1212429	39245010	22521300
2021-06-15	62806003	1039693	340822	698871	46021071	5194605	10163464	41012695	23220171	0.493	0.279	7644926	5826686	1124640	1761928	4910112	4346229	944820	1001588	2734814	1480457	179820	760340	41504538	21283470	1426863	27401828	18619243	3297821	1896784	8886183	1277281	39585832	23220171
2021-06-16	64178828	1372825	457945	914880	47115379	5300454	10259862	41546910	24135051	0.500	0.290	7644926	5826686	1124640	1761928	4910112	4346229	944820	1001588	2734814	1480457	179820	760340	41974790	22182018	1503133	27802340	19313039	3329770	1970684	8911667	1348195	40043777	24135051
2021-06-17	65316846	1138018	390514	747504	47990143	5403395	10351917	42005682	24882555	0.505	0.299	7644926	5826686	1124640	1761928	4910112	4346229	944820	1001588	2734814	1480457	179820	760340	42439238	22852215	1571391	28141454	19848689	3358926	2044469	8933911	1418006	40434291	24882555
2021-06-18	66300486	983640	337694	645946	48715232	5497064	10447973	42412202	25528501	0.510	0.307	7644926	5826686	1124640	1761928	4910112	4346229	944820	1001588	2734814	1480457	179820	760340	42889891	23382503	1640217	28426247	20288985	3389855	2107209	8955883	1492090	40771985	25528501
2021-06-19	66726295	425809	118430	307379	48987230	5578911	10498801	42551768	25835880	0.512	0.311	7644926	5826686	1124640	1761928	4910112	4346229	944820	1001588	2734814	1480457	179820	760340	43229959	23466988	1661353	28517442	20469788	3410579	2168332	8962394	1536407	40890415	25835880
2021-06-20	67020742	294447	67507	226940	49165755	5650205	10530619	42632085	26062820	0.513	0.313	7644926	5826686	1124640	1761928	4910112	4346229	944820	1001588	2734814	1480457	179820	760340	43494501	23496614	1674163	28566411	20599344	3426508	2223697	8965003	1565616	40957922	26062820
2021-06-21	67645937	625195	204810	420385	49572266	5747330	10615915	42873158	26483205	0.516	0.318	7644926	5826686	1124640	1761928	4910112	4346229	944820	1001588	2734814	1480457	179820	760340	43888146	23726147	1710426	28732582	20839684	3451210	2296120	8978940	1636975	41162732	26483205
2021-06-22	68713827	1067890	367541	700349	50408263	5842956	10718250	43274631	27183554	0.520	0.327	7644926	5826686	1124640	1761928	4910112	4346229	944820	1001588	2734814	1480457	179820	760340	44323332	24354112	1744358	29053677	21354586	3481489	2361467	8995107	1723143	41530273	27183554
2021-06-23	70038934	1325107	479698	845409	51488373	5938493	10833492	43788547	28028963	0.527	0.337	7644926	5826686	1124640	1761928	4910112	4346229	944820	1001588	2734814	1480457	179820	760340	44759502	25237778	1778576	29483363	22005010	3511067	2427426	9015541	1817951	42009971	28028963
2021-06-24	71064570	1025636	480358	545278	52276662	6025526	10943906	44308805	28574241	0.533	0.344	7644926	5826686	1124640	1761928	4910112	4346229	944820	1001588	2734814	1480457	179820	760340	45187689	25830883	1818476	29907481	22369181	3546127	2479399	9036721	1907185	42490329	28574241
2021-06-25	71976252	911682	372465	539217	52962623	6101733	11053665	44721025	29113458	0.538	0.350	7644926	5826686	1124640	1761928	4910112	4346229	944820	1001588	2734814	1480457	179820	760340	45612626	26314646	1858231	30233685	22728938	3572617	2529116	9056492	1997173	42862794	29113458
2021-06-26	72383952	407700	134732	272968	53215742	6170753	11126114	44868869	29386426	0.540	0.353	7644926	5826686	1124640	1761928	4910112	4346229	944820	1001588	2734814	1480457	179820	760340	45955975	26378225	1871343	30336685	22879057	3598149	2572604	9062692	2063422	42997526	29386426
2021-06-27	72675468	291516	89464	202052	53388317	6228817	11182871	44962453	29588478	0.541	0.356	7644926	5826686	1124640	1761928	4910112	4346229	944820	1001588	2734814	1480457	179820	760340	46221418	26403445	1875463	30403523	22984794	3617387	2611430	9066080	2116791	43086990	29588478
2021-06-28	73299512	624044	240040	384004	53784734	6318502	11296566	45226740	29972482	0.544	0.360	7644926	5826686	1124640	1761928	4910112	4346229	944820	1001588	2734814	1480457	179820	760340	46628968	26617843	1899710	30597631	23187103	3649601	2668901	9079798	2216768	43327030	29972482
2021-06-29	74225411	925899	383824	542075	54463417	6411036	11429180	45632632	30514557	0.549	0.367	7644926	5826686	1124640	1761928	4910112	4346229	944820	1001588	2734814	1480457	179820	760340	47054225	27113831	1921778	30936893	23526524	3682475	2728561	9091486	2337694	43710854	30514557
2021-06-30	75238402	1012991	443865	569126	55223966	6504727	11565435	46098993	31083683	0.554	0.374	7644926	5826686	1124640	1761928	4910112	4346229	944820	1001588	2734814	1480457	179820	760340	47477856	27697962	1944274	31331593	23892373	3717186	2787541	9105940	2459495	44154719	31083683
2021-07-01	76213240	974838	447437	527401	55960762	6587744	11698124	46568766	31611084	0.560	0.380	7644926	5826686	1124640	1761928	4910112	4346229	944820	1001588	2734814	1480457	179820	760340	47878125	28268207	1966610	31735062	24225700	3747648	2840096	9119446	2578678	44602156	31611084
2021-07-02	77052451	839211	375282	463929	56605312	6682064	11777135	46965378	32075013	0.565	0.386	7644926	5826686	1124640	1761928	4910112	4346229	944820	1001588	2734814	1480457	179820	760340	48272199	28709971	1987940	32069493	24535819	3779315	2902749	9128630	2648505	44977438	32075013
2021-07-03	77428180	375729	147960	227769	56859601	6761337	11804229	47128411	32302782	0.567	0.388	7644926	5826686	1124640	1761928	4910112	4346229	944820	1001588	2734814	1480457	179820	760340	48580931	28776252	2003013	32190095	24669506	3803890	2957447	9131413	2672816	45125398	32302782
2021-07-04	77700707	272527	92603	179924	57040892	6829474	11818750	47229592	32482706	0.568	0.391	7644926	5826686	1124640	1761928	4910112	4346229	944820	1001588	2734814	1480457	179820	760340	48825939	28803194	2011591	32262830	24778062	3822313	3007161	9132858	2685892	45218001	32482706
2021-07-05	78233212	532505	194166	338339	57424776	6923731	11858264	47438608	32821045	0.570	0.395	7644926	5826686	1124640	1761928	4910112	4346229	944820	1001588	2734814	1480457	179820	760340	49166389	28993153	2026441	32426694	24998082	3848279	3075452	9137194	2721070	45412167	32821045
2021-07-06	79004687	771475	267911	503564	58036850	7022444	11903428	47722043	33324609	0.574	0.401	7644926	5826686	1124640	1761928	4910112	4346229	944820	1001588	2734814	1480457	179820	760340	49504192	29423099	2041965	32664828	25372022	3873517	3148927	9141733	2761695	45680078	33324609
2021-07-07	79992451	987764	321214	666550	58859290	7117764	11954688	48062001	33991159	0.578	0.409	7644926	5826686	1124640	1761928	4910112	4346229	944820	1001588	2734814	1480457	179820	760340	49853727	30056482	2060709	32956078	25903212	3898083	3219681	9147131	2807557	46001292	33991159
2021-07-08	80831741	839290	260934	578356	59536323	7218446	11997228	48341970	34569515	0.581	0.416	7644926	5826686	1124640	1761928	4910112	4346229	944820	1001588	2734814	1480457	179820	760340	50193815	30551427	2079744	33190346	26345977	3920482	3297964	9151398	2845830	46262226	34569515
2021-07-09	81581386	749645	217703	531942	60124330	7316746	12040250	48579989	35101457	0.584	0.422	7644926	5826686	1124640	1761928	4910112	4346229	944820	1001588	2734814	1480457	179820	760340	50534420	30956968	2100060	33385782	26738548	3938312	3378434	9155835	2884415	46479929	35101457
2021-07-10	81923289	341903	95270	246633	60351505	7400820	12061289	48684874	35348090	0.585	0.425	7644926	5826686	1124640	1761928	4910112	4346229	944820	1001588	2734814	1480457	179820	760340	50807414	31025280	2109675	33461523	26889982	3956415	3444405	9157261	2904028	46575199	35348090
2021-07-11	82151000	227711	60922	166789	60497137	7464322	12071573	48754089	35514879	0.586	0.427	7644926	5826686	1124640	1761928	4910112	4346229	944820	1001588	2734814	1480457	179820	760340	51015831	31044204	2117968	33507211	26989926	3971183	3493139	9157727	2913846	46636121	35514879
2021-07-12	82613527	462527	149828	312699	60843085	7542897	12095529	48917965	35827578	0.588	0.431	7644926	5826686	1124640	1761928	4910112	4346229	944820	1001588	2734814	1480457	179820	760340	51279905	31240232	2132016	33626321	27216764	4000049	3542848	9159579	2935950	46785949	35827578
2021-07-13	83368102	754575	178637	575938	61465780	7620484	12130051	49116373	36403516	0.591	0.438	7644926	5826686	1124640	1761928	4910112	4346229	944820	1001588	2734814	1480457	179820	760340	51531221	31739362	2151787	33776759	27689021	4026007	3594477	9161820	2968231	46964586	36403516
2021-07-14	84334715	966613	201493	765120	62291446	7691921	12177059	49340368	37168636	0.593	0.447	7644926	5826686	1124640	1761928	4910112	4346229	944820	1001588	2734814	1480457	179820	760340	51803293	32429200	2174289	33953467	28337979	4047159	3644762	9165453	3011606	47166079	37168636
2021-07-15	85092047	757332	169162	588170	62917688	7762517	12215534	49531549	37756806	0.596	0.454	7644926	5826686	1124640	1761928	4910112	4346229	944820	1001588	2734814	1480457	179820	760340	52054514	32931568	2196308	34100636	28817052	4066321	3696196	9168284	3047250	47335241	37756806
2021-07-16	85739477	647430	149127	498303	63448212	7826172	12247386	49702075	38255109	0.598	0.460	7644926	5826686	1124640	1761928	4910112	4346229	944820	1001588	2734814	1480457	179820	760340	52301386	33328254	2217707	34230718	29217494	4083469	3742703	9170181	3077205	47484368	38255109
2021-07-17	86006307	266830	69875	196955	63619551	7889038	12262932	49789029	38452064	0.599	0.462	7644926	5826686	1124640	1761928	4910112	4346229	944820	1001588	2734814	1480457	179820	760340	52509839	33384580	2234786	34284161	29335390	4099047	3789991	9171035	3091897	47554243	38452064
2021-07-18	86203623	197316	58892	138424	63754040	7929758	12274216	49858744	38590488	0.600	0.464	7644926	5826686	1124640	1761928	4910112	4346229	944820	1001588	2734814	1480457	179820	760340	52678531	33412623	2245609	34333561	29420479	4108267	3821491	9171307	3102909	47613135	38590488
2021-07-19	86574685	371062	89914	281148	64042745	7978633	12293769	49962587	38871636	0.601	0.467	7644926	5826686	1124640	1761928	4910112	4346229	944820	1001588	2734814	1480457	179820	760340	52867552	33592649	2259538	34409387	29633358	4121087	3857546	9172575	3121194	47703049	38871636
2021-07-20	87160834	586149	124248	461901	64547121	8025073	12315537	50100400	39333537	0.602	0.473	7644926	5826686	1124640	1761928	4910112	4346229	944820	1001588	2734814	1480457	179820	760340	53071589	33970767	2273103	34515893	30031228	4136304	3888769	9175100	3140437	47827297	39333537
2021-07-21	87873728	712894	149908	562986	65182080	8068489	12338054	50262310	39896523	0.604	0.480	7644926	5826686	1124640	1761928	4910112	4346229	944820	1001588	2734814	1480457	179820	760340	53273089	34477235	2285105	34651909	30530171	4148619	3919870	9176677	3161377	47977205	39896523
