date	dosen_kumulativ	dosen_differenz_zum_vortag	dosen_erst_differenz_zum_vortag	dosen_zweit_differenz_zum_vortag	dosen_biontech_kumulativ	dosen_moderna_kumulativ	dosen_astrazeneca_kumulativ	personen_erst_kumulativ	personen_voll_kumulativ	impf_quote_erst	impf_quote_voll	indikation_alter_dosen	indikation_beruf_dosen	indikation_medizinisch_dosen	indikation_pflegeheim_dosen	indikation_alter_erst	indikation_beruf_erst	indikation_medizinisch_erst	indikation_pflegeheim_erst	indikation_alter_voll	indikation_beruf_voll	indikation_medizinisch_voll	indikation_pflegeheim_voll	dosen_dim_kumulativ	dosen_kbv_kumulativ	dosen_johnson_kumulativ	dosen_biontech_erst_kumulativ	dosen_biontech_zweit_kumulativ	dosen_moderna_erst_kumulativ	dosen_moderna_zweit_kumulativ	dosen_astrazeneca_erst_kumulativ	dosen_astrazeneca_zweit_kumulativ
2020-12-27	24100	24100	24086	14	24099	1	0	24086	14	0.000	0.000	10705	8657	1305	12604	10664	8590	1305	12536	41	67	0	68	24100	0	0	24085	14	1	0	0	0
2020-12-28	42658	18558	18520	38	42657	1	0	42606	52	0.001	0.000	18621	15788	1991	21344	18580	15721	1991	21276	41	67	0	68	42658	0	0	42605	52	1	0	0	0
2020-12-29	93511	50853	50132	721	93510	1	0	92738	773	0.001	0.000	34989	40734	3107	40508	34724	40420	3107	40099	265	314	0	409	93511	0	0	92737	773	1	0	0	0
2020-12-30	156537	63026	62904	122	156536	1	0	155642	895	0.002	0.000	55510	73365	4901	63206	55243	73050	4901	62794	267	315	0	412	156537	0	0	155641	895	1	0	0	0
2020-12-31	206742	50205	50056	149	206741	1	0	205698	1044	0.002	0.000	72831	96719	6752	83965	72517	96367	6752	83476	314	352	0	489	206742	0	0	205697	1044	1	0	0	0
2021-01-01	225676	18934	18927	7	225674	1	1	224625	1051	0.003	0.000	81208	105449	7830	92301	80894	105097	7830	91812	314	352	0	489	225676	0	0	224623	1051	1	0	1	0
2021-01-02	278224	52548	52264	284	278222	1	1	276889	1335	0.003	0.000	102774	129731	10350	113258	102365	129304	10350	112629	409	427	0	629	278224	0	0	276887	1335	1	0	1	0
2021-01-03	302122	23898	23893	5	302120	1	1	300782	1340	0.004	0.000	113044	140227	11284	123279	112635	139800	11284	122650	409	427	0	629	302122	0	0	300780	1340	1	0	1	0
2021-01-04	350297	48175	48124	51	350295	1	1	348906	1391	0.004	0.000	129646	164913	13951	139091	129237	164486	13951	138462	409	427	0	629	350297	0	0	348904	1391	1	0	1	0
2021-01-05	404065	53768	53740	28	404062	2	1	402646	1419	0.005	0.000	147987	192565	16489	157656	147576	192117	16489	157025	411	448	0	631	404065	0	0	402643	1419	2	0	1	0
2021-01-06	466741	62676	62668	8	466730	8	3	465314	1427	0.006	0.000	169498	225530	19910	180812	169086	225082	19910	180181	412	448	0	631	466741	0	0	465303	1427	8	0	3	0
2021-01-07	522823	56082	56073	9	522809	11	3	521387	1436	0.006	0.000	189172	254868	22957	197233	188758	254418	22957	196600	414	450	0	633	522823	0	0	521373	1436	11	0	3	0
2021-01-08	585872	63049	62726	323	585809	60	3	584113	1759	0.007	0.000	211521	287315	26324	218219	211009	286711	26320	217449	512	604	4	770	585872	0	0	584050	1759	60	0	3	0
2021-01-09	647312	61440	61393	47	647249	60	3	645506	1806	0.008	0.000	237322	313238	29007	243325	236798	312599	29003	242545	524	639	4	780	647312	0	0	645443	1806	60	0	3	0
2021-01-10	682824	35512	35503	9	682761	60	3	681009	1815	0.008	0.000	252455	327794	30379	256315	251929	327151	30375	255535	526	643	4	780	682824	0	0	680946	1815	60	0	3	0
2021-01-11	750422	67598	67546	52	750357	62	3	748555	1867	0.009	0.000	277513	359176	33587	276774	276967	358513	33583	275968	546	663	4	806	750422	0	0	748490	1867	62	0	3	0
2021-01-12	833152	82730	82670	60	833081	67	4	831225	1927	0.010	0.000	305695	401338	36582	301731	305147	400670	36578	300888	548	668	4	843	833152	0	0	831154	1927	67	0	4	0
2021-01-13	945022	111870	111673	197	944153	865	4	942898	2124	0.011	0.000	345167	458844	40485	337339	344574	458093	40466	336399	593	751	19	940	945022	0	0	942029	2124	865	0	4	0
2021-01-14	1028172	83150	82965	185	1022677	5491	4	1025863	2309	0.012	0.000	374803	501101	42769	361463	374094	500254	42750	360452	709	847	19	1011	1028172	0	0	1020412	2265	5447	44	4	0
2021-01-15	1119763	91591	90982	609	1108802	10952	9	1116845	2918	0.013	0.000	408725	545673	46728	389202	407810	544625	46700	387982	915	1048	28	1220	1119763	0	0	1105928	2874	10908	44	9	0
2021-01-16	1177379	57616	56710	906	1164637	12733	9	1173555	3824	0.014	0.000	432983	570627	48859	408798	431664	569232	48767	407047	1319	1395	92	1751	1177379	0	0	1160857	3780	12689	44	9	0
2021-01-17	1226419	49040	31676	17364	1212371	14038	10	1205231	21188	0.014	0.000	453449	591002	50884	428544	444215	583354	50014	417145	9234	7648	870	11399	1226419	0	0	1191227	21144	13994	44	10	0
2021-01-18	1309053	82634	66862	15772	1290970	18072	11	1272093	36960	0.015	0.000	482728	633883	53106	448900	467235	619730	51700	430238	15493	14153	1406	18662	1309053	0	0	1254055	36915	18027	45	11	0
2021-01-19	1426876	117823	82856	34967	1405274	21577	25	1354949	71927	0.016	0.001	519765	695968	56714	479843	492669	666683	54375	447938	27096	29285	2339	31905	1426876	0	0	1333397	71877	21527	50	25	0
2021-01-20	1559122	132246	80654	51592	1534753	24341	28	1435603	123519	0.017	0.001	568076	760039	60957	522078	522876	706310	57505	469463	45200	53729	3452	52615	1559122	0	0	1411284	123469	24291	50	28	0
2021-01-21	1666962	107840	65930	41910	1639858	27076	28	1501533	165429	0.018	0.002	610150	808503	65406	556195	549621	735602	60889	487988	60529	72901	4517	68207	1666962	0	0	1474480	165378	27025	51	28	0
2021-01-22	1771056	104094	68536	35558	1741841	29180	35	1570069	200987	0.019	0.002	654049	853889	69013	590642	579902	764987	63599	506975	74147	88902	5414	83667	1771056	0	0	1540907	200934	29127	53	35	0
2021-01-23	1856066	85010	40045	44965	1826467	29563	36	1610114	245952	0.019	0.003	691767	890989	72414	617916	599855	780966	64783	516268	91912	110023	7631	101648	1856066	0	0	1580568	245899	29510	53	36	0
2021-01-24	1905295	49229	26082	23147	1875448	29807	40	1636196	269099	0.020	0.003	715655	910067	73331	632982	614016	789814	65130	521524	101639	120253	8201	111458	1905295	0	0	1606402	269046	29754	53	40	0
2021-01-25	1997094	91799	53113	38686	1965514	31538	42	1689309	307785	0.020	0.004	756375	951632	76827	658117	642321	811974	66847	534304	114054	139658	9980	123813	1997094	0	0	1657782	307732	31485	53	42	0
2021-01-26	2095798	98704	50262	48442	2062559	33191	48	1739571	356227	0.021	0.004	796572	997196	80614	684405	667753	831436	68195	545278	128819	165760	12419	139127	2095798	0	0	1706389	356170	33134	57	48	0
2021-01-27	2206961	111163	51515	59648	2171758	35147	56	1791086	415875	0.022	0.005	839834	1049509	85786	715259	691463	852265	70042	556304	148371	197244	15744	158955	2206961	0	0	1755950	415808	35080	67	56	0
2021-01-28	2298193	91232	45127	46105	2261351	36783	59	1836213	461980	0.022	0.006	877990	1090332	89974	739697	713483	869115	71590	567469	164507	221217	18384	172228	2298193	0	0	1799456	461895	36698	85	59	0
2021-01-29	2407314	109121	51470	57651	2369061	38188	65	1887683	519631	0.023	0.006	920894	1138243	95507	769100	735839	888487	73819	578309	185055	249756	21688	190791	2407314	0	0	1849515	519546	38103	85	65	0
2021-01-30	2495848	88534	36364	52170	2456720	39062	66	1924047	571801	0.023	0.007	957412	1174692	99468	796433	752473	901967	75224	586328	204939	272725	24244	210105	2495848	0	0	1885005	571715	38976	86	66	0
2021-01-31	2552362	56514	25984	30530	2512854	39439	69	1950031	602331	0.023	0.007	982865	1196922	101575	812430	766590	910861	76411	592657	216275	286061	25164	219773	2552362	0	0	1910618	602236	39345	94	68	1
2021-02-01	2673002	120640	59151	61489	2631233	41648	121	2009182	663820	0.024	0.008	1026174	1260299	105285	839830	787193	944041	78273	602425	238981	316258	27012	237405	2673002	0	0	1967508	663725	41554	94	120	1
2021-02-02	2804762	131760	64211	67549	2760113	44515	134	2073393	731369	0.025	0.009	1069633	1330364	110479	870030	806216	982089	80866	611659	263417	348275	29613	258371	2804762	0	0	2028840	731273	44420	95	133	1
2021-02-03	2964461	159699	64239	95460	2913403	50901	157	2137632	826829	0.026	0.010	1128983	1407775	116405	912544	829819	1014401	83062	623312	299164	393374	33343	289232	2964461	0	0	2086672	826731	50804	97	156	1
2021-02-04	3096237	131776	61080	70696	3039303	56771	163	2198712	897525	0.026	0.011	1177986	1472437	120972	943857	851937	1046473	85311	632945	326049	425964	35661	310912	3096237	0	0	2141878	897425	56672	99	162	1
2021-02-05	3241090	144853	67696	77157	3177753	63166	171	2266408	974682	0.027	0.012	1232524	1542580	126293	977786	877231	1080338	86905	644262	355293	462242	39388	333524	3241090	0	0	2203172	974581	63067	99	169	2
2021-02-06	3341297	100207	47191	53016	3275432	65693	172	2313599	1027698	0.028	0.012	1272514	1588658	130853	1003590	896490	1101898	88782	653957	376024	486760	42071	349633	3341297	0	0	2247835	1027597	65594	99	170	2
2021-02-07	3395572	54275	28178	26097	3327308	68090	174	2341777	1053795	0.028	0.013	1298155	1609930	133571	1016823	910800	1112720	90015	659435	387355	497210	43556	357388	3395572	0	0	2273615	1053693	67990	100	172	2
2021-02-08	3505523	109951	53165	56786	3433262	72062	199	2394942	1110581	0.029	0.013	1350672	1655734	137545	1035599	942269	1129343	91902	666781	408403	526391	45643	368818	3505523	0	0	2322784	1110478	71961	101	197	2
2021-02-09	3639447	133924	59702	74222	3563138	75996	313	2454644	1184803	0.030	0.014	1411842	1714380	141993	1058512	978151	1147503	94639	674792	433691	566877	47354	383720	3639447	0	0	2378929	1184209	75404	592	311	2
2021-02-10	3791397	151950	75169	76781	3704038	80008	7351	2529813	1261584	0.030	0.015	1478760	1781046	146001	1087933	1017461	1175177	96286	685176	461299	605869	49715	402757	3791397	0	0	2443996	1260042	78468	1540	7349	2
2021-02-11	3932582	141185	73831	67354	3822635	87154	22791	2603646	1328938	0.031	0.016	1539776	1848576	151475	1113070	1052428	1208053	98713	694775	487348	640523	52762	418295	3932582	0	2	2498101	1324534	82760	4394	22783	8
2021-02-12	4090098	157516	81413	76103	3955907	96973	37214	2685061	1405041	0.032	0.017	1611268	1919253	157751	1138545	1094198	1240389	101429	704318	517070	678864	56322	434227	4090098	0	4	2560286	1395621	87567	9406	37204	10
2021-02-13	4197853	107755	62177	45578	4047594	100160	50094	2747239	1450619	0.033	0.017	1667599	1960972	162355	1156080	1129093	1262877	103231	711418	538506	698095	59124	444662	4197853	0	5	2607943	1439651	89215	10945	50076	18
2021-02-14	4263139	65286	40019	25267	4103176	102605	57352	2787259	1475886	0.034	0.018	1706122	1983696	163973	1164146	1153761	1276081	104081	714928	552361	707615	59892	449218	4263139	0	6	2639483	1463693	90457	12148	57313	39
2021-02-15	4390016	126877	71243	55634	4210270	107575	72164	2858503	1531520	0.034	0.018	1773591	2031897	168008	1183418	1194859	1300739	106358	721524	578732	731158	61650	461894	4390016	0	7	2693731	1516539	92651	14924	72114	50
2021-02-16	4526709	136693	82041	54652	4317536	113351	95814	2940545	1586172	0.035	0.019	1839625	2089928	170683	1200400	1236633	1336138	107879	728440	602992	753790	62804	471960	4526709	0	8	2749472	1568064	95309	18042	95756	58
2021-02-17	4676032	149323	93578	55745	4439336	121136	115551	3034124	1641917	0.036	0.020	1920033	2147919	175770	1221928	1292995	1368705	110873	736858	627038	779214	64897	485070	4676032	0	9	2818634	1620702	99993	21143	115488	63
2021-02-18	4818790	142758	91489	51269	4550391	129122	139267	3125614	1693186	0.038	0.020	1995907	2206102	179208	1240945	1345328	1403985	112659	744258	650579	802117	66549	496687	4818790	0	10	2881918	1668473	104486	24636	139200	67
2021-02-19	4973475	154685	99852	54833	4669664	139097	164703	3225467	1748019	0.039	0.021	2076668	2266444	184080	1258305	1402958	1440066	115287	750941	673710	826378	68793	507364	4973475	0	11	2949435	1720229	111392	27705	164629	74
2021-02-20	5086919	113444	76323	37121	4756923	143624	186360	3301791	1785140	0.040	0.021	2138268	2310157	187738	1272296	1445964	1469322	117533	755178	692304	840835	70205	517118	5086919	0	12	3000111	1756812	115391	28233	186277	83
2021-02-21	5173071	86152	57042	29110	4824549	146852	201657	3358834	1814250	0.040	0.022	2187054	2340674	190304	1282667	1479917	1489494	118664	757407	707137	851180	71640	525260	5173071	0	13	3038790	1785759	118460	28392	201571	86
2021-02-22	5333488	160417	100309	60108	4950704	155977	226793	3459144	1874358	0.042	0.023	2266701	2410287	195201	1300517	1538362	1525084	121627	763642	728339	885203	73574	536875	5333488	0	14	3106660	1844044	125771	30206	226699	94
2021-02-23	5500664	167176	107416	59760	5083228	163135	254286	3566561	1934118	0.043	0.023	2346910	2483166	200501	1318387	1598211	1563793	124757	771284	748699	919373	75744	547103	5500664	0	15	3181094	1902134	131268	31867	254184	102
2021-02-24	5676702	176038	116450	59588	5216080	170911	289695	3683012	1993706	0.044	0.024	2431789	2557990	207079	1337422	1660503	1608669	128907	778912	771286	949321	78172	558510	5676702	0	16	3256058	1960022	137356	33555	289582	113
2021-02-25	5866188	189486	130971	58515	5347298	177614	341260	3813983	2052221	0.046	0.025	2514175	2648479	213515	1355541	1722988	1667176	133470	787131	791187	981303	80045	568410	5866188	0	16	3330221	2017077	142607	35007	341139	121
2021-02-26	6076128	209940	144512	65428	5487618	186450	402044	3958495	2117649	0.048	0.025	2602819	2749814	220591	1375230	1787946	1735795	138593	794627	814873	1014019	81998	580603	6076128	0	16	3406773	2080845	149805	36645	401901	143
2021-02-27	6224685	148557	108526	40031	5580450	190652	453567	4067021	2157680	0.049	0.026	2666475	2822116	227301	1388101	1833818	1790224	143432	799030	832657	1031892	83869	589071	6224685	0	16	3460344	2120106	153243	37409	453418	149
2021-02-28	6332748	108063	83776	24287	5642847	194603	495282	4150797	2181967	0.050	0.026	2714700	2875405	231582	1394762	1868893	1834535	146785	801170	845807	1040870	84797	593592	6332748	0	16	3498815	2144032	156842	37761	495124	158
2021-03-01	6528610	195862	146487	49375	5771510	204012	553072	4297284	2231342	0.052	0.027	2817221	2953369	239381	1408021	1943445	1896228	153263	806209	873776	1057141	86118	601812	6528610	0	16	3580137	2191373	164228	39784	552903	169
2021-03-02	6748756	220146	166452	53694	5912136	214177	622427	4463736	2285036	0.054	0.027	2927307	3047588	248982	1422628	2022735	1971725	160632	812692	904572	1075863	88350	609936	6748756	0	16	3669895	2242241	171579	42598	622246	181
2021-03-03	6992579	243823	174765	69058	6069060	228020	695483	4638501	2354094	0.056	0.028	3047976	3148969	260606	1439862	2105531	2048823	170041	819606	942445	1100146	90565	620256	6992579	0	16	3763257	2305803	179995	48025	695233	250
2021-03-04	7236146	243567	180882	62685	6211478	242075	782577	4819383	2416779	0.058	0.029	3159240	3258741	272992	1455625	2181653	2136963	180034	825002	977587	1121778	92958	630623	7236146	0	16	3848239	2363239	188849	53226	782279	298
2021-03-05	7505548	269402	201996	67406	6358753	255405	891374	5021379	2484185	0.060	0.030	3277185	3383782	287941	1471072	2258903	2242620	191990	830697	1018282	1141162	95951	640375	7505548	0	16	3933981	2424772	196342	59063	891040	334
2021-03-06	7708041	202493	153206	49287	6469532	263996	974497	5174585	2533472	0.062	0.030	3366696	3478463	298371	1480590	2314602	2325555	200824	833966	1052094	1152908	97547	646624	7708041	0	16	3997689	2471843	202738	61258	974142	355
2021-03-07	7858414	150373	115918	34455	6552015	270724	1035659	5290503	2567927	0.064	0.031	3437978	3544531	306478	1486155	2360956	2383880	208082	835928	1077022	1160651	98396	650227	7858414	0	16	4048072	2503943	207126	63598	1035289	370
2021-03-08	8097683	239269	186760	52509	6687755	281731	1128181	5477263	2620436	0.066	0.032	3556806	3640371	322827	1498475	2442587	2468035	222757	841890	1114219	1172336	100070	656585	8097683	0	16	4134678	2553077	214789	66942	1127780	401
2021-03-09	8348212	250529	195783	54746	6827901	294588	1225707	5673046	2675182	0.068	0.032	3677710	3742787	340236	1512022	2524321	2558568	238262	848791	1153389	1184219	101974	663231	8348212	0	16	4223488	2604413	224287	70301	1225255	452
2021-03-10	8632147	283935	218247	65688	6985559	306041	1340531	5891293	2740870	0.071	0.033	3808598	3856306	360962	1530389	2606688	2661880	256906	860000	1201910	1194426	104056	670389	8631176	971	16	4318615	2666944	232639	73402	1340023	508
2021-03-11	8914172	282025	221131	60894	7134690	319267	1460199	6112424	2801764	0.073	0.034	3937470	3976178	382106	1544008	2689957	2769533	276555	867677	1247513	1206645	105551	676331	8912546	1626	16	4411145	2723545	241623	77644	1459640	559
2021-03-12	9238736	324564	252904	71660	7287658	336840	1614222	6365328	2873424	0.077	0.035	4071484	4127850	404783	1559463	2770420	2906954	297406	877132	1301064	1220896	107377	682331	9236900	1836	16	4497456	2790202	254467	82373	1613389	833
2021-03-13	9485385	246649	197211	49438	7402362	346588	1736419	6562539	2922862	0.079	0.035	4181046	4240796	425293	1567511	2840453	3011727	316755	881879	1340593	1229069	108538	685632	9483393	1992	16	4564135	2838227	262849	83739	1735539	880
2021-03-14	9656609	171224	135235	35989	7491877	351735	1812981	6697774	2958851	0.081	0.036	4266043	4307307	441408	1570975	2896461	3072888	331859	883676	1369582	1234419	109549	687299	9654607	2002	16	4618648	2873229	267025	84710	1812085	896
2021-03-15	9905046	248437	189549	58888	7644307	364151	1896572	6887323	3017739	0.083	0.036	4400463	4391447	461474	1582289	2984151	3147219	350790	890548	1416312	1244228	110684	691741	9902761	2285	16	4713893	2930414	277814	86337	1895600	972
2021-03-16	10084221	179175	112154	67021	7810447	375261	1898497	6999477	3084760	0.084	0.037	4527474	4426082	473886	1593025	3059300	3169255	361553	895647	1468174	1256827	112333	697378	10081389	2832	16	4815351	2995096	286587	88674	1897523	974
2021-03-17	10289467	205246	125760	79486	7996238	393297	1899916	7125237	3164246	0.086	0.038	4672447	4463838	487350	1605072	3141952	3193652	373040	902175	1530495	1270186	114310	702897	10286018	3449	16	4926420	3069818	299863	93434	1898938	978
2021-03-18	10484179	194712	119368	75344	8171146	411525	1901492	7244605	3239590	0.087	0.039	4812398	4498757	499905	1615322	3222615	3215628	383588	907340	1589783	1283129	116317	707982	10480307	3872	16	5031056	3140090	313021	98504	1900512	980
2021-03-19	10728167	243988	161150	82838	8355799	432120	1940232	7405755	3322428	0.089	0.040	4961948	4563922	518114	1627194	3306761	3267408	399605	914537	1655187	1296514	118509	712657	10723764	4403	16	5139608	3216191	326958	105162	1939173	1059
2021-03-20	10948445	220278	166398	53880	8492326	447447	2008656	7572153	3376308	0.091	0.041	5078536	4641917	537715	1633319	3379545	3337212	417708	917920	1698991	1304705	120007	715399	10943718	4727	16	5225988	3266338	338592	108855	2007557	1099
2021-03-21	11114547	166102	127340	38762	8596961	456666	2060904	7699493	3415070	0.093	0.041	5171749	4694283	554274	1635819	3440184	3384099	433219	919244	1731565	1310184	121055	716575	11109820	4727	16	5294883	3302078	344814	111852	2059780	1124
2021-03-22	11380777	266230	190062	76168	8762664	480350	2137747	7889555	3491238	0.095	0.042	5329624	4766248	576579	1645397	3534739	3445389	453483	925279	1794885	1320859	123096	720118	11374522	6255	16	5392039	3370625	360943	119407	2136557	1190
2021-03-23	11678902	298125	214626	83499	8942995	500622	2235269	8104181	3574737	0.097	0.043	5490190	4854892	604288	1656865	3629814	3521119	478432	932910	1860376	1333773	125856	723955	11667659	11243	16	5493979	3449016	376189	124433	2233997	1272
2021-03-24	12013050	334148	245983	88165	9140232	533826	2338976	8350164	3662902	0.100	0.044	5664852	4952071	635971	1672375	3732242	3605792	507202	944863	1932610	1346279	128769	727512	11996015	17035	16	5608493	3531739	404025	129801	2337630	1346
2021-03-25	12350669	337619	257632	79987	9328709	561175	2460769	8607796	3742889	0.104	0.045	5830941	5060081	670798	1683452	3832663	3703768	539527	951994	1998278	1356313	131271	731458	12327689	22980	16	5722696	3606013	425749	135426	2459335	1434
2021-03-26	12725630	374961	286325	88636	9530582	597597	2597435	8894121	3831525	0.107	0.046	6003833	5184282	710463	1698535	3933360	3816071	576057	962322	2070473	1368211	134406	736213	12696336	29294	16	5842542	3688040	455658	141939	2595905	1530
2021-03-27	13012499	286869	223694	63175	9682571	625000	2704912	9117815	3894700	0.110	0.047	6147056	5279869	744190	1703356	4023632	3903670	607441	965464	2123424	1376199	136749	737892	12980855	31644	16	5934765	3747806	479718	145282	2703316	1596
2021-03-28	13209412	196913	144179	52734	9800301	643524	2765569	9261996	3947434	0.111	0.047	6253046	5333384	768116	1706823	4085867	3950861	629648	967502	2167179	1382523	138468	739321	13177577	31835	18	6003085	3797216	494967	148557	2763926	1643
2021-03-29	13518304	308892	219868	89024	9988162	669567	2860557	9481864	4036458	0.114	0.049	6418833	5404751	806706	1716518	4180272	4010842	665103	973637	2238561	1393909	141603	742881	13480521	37783	18	6109273	3878889	513713	155854	2858860	1697
2021-03-30	13846940	328636	235293	93343	10204148	695926	2946848	9717157	4129801	0.117	0.050	6591913	5474211	853024	1727240	4280843	4069380	706095	981320	2311070	1404831	146929	745920	13797021	49919	18	6239502	3964646	532551	163375	2945086	1762
2021-03-31	14188612	341672	238575	103097	10453755	734276	3000563	9955732	4232898	0.120	0.051	6774517	5538855	899988	1738789	4384637	4121392	747318	988525	2389880	1417463	152670	750264	14122378	66234	18	6394919	4058836	562029	172247	2998766	1797
2021-04-01	14513016	324404	231796	92608	10689964	767148	3055886	10187528	4325506	0.122	0.052	6936269	5606629	944397	1747554	4476928	4175958	787230	994147	2459341	1430671	157167	753407	14426703	86313	18	6547359	4142605	586104	181044	3054047	1839
2021-04-02	14743186	230170	158500	71670	10871480	783911	3087777	10346028	4397176	0.124	0.053	7067172	5654574	981393	1749910	4552089	4213818	820223	995356	2515083	1440756	161170	754554	14655349	87837	18	6662792	4208688	597302	186609	3085916	1861
2021-04-03	14975287	232101	166096	66005	11045158	801112	3128999	10512124	4463181	0.126	0.054	7198861	5698683	1018737	1753036	4633025	4248782	853330	997097	2565836	1449901	165407	755939	14886051	89236	18	6775849	4269309	609152	191960	3127105	1894
2021-04-04	15171460	196173	142667	53506	11180565	812243	3178634	10654791	4516687	0.128	0.054	7309766	5731715	1048001	1754173	4704262	4274251	879171	997551	2605504	1457464	168830	756622	15082088	89372	18	6861988	4318577	616086	196157	3176699	1935
2021-04-05	15421200	249740	176371	73369	11348976	830169	3242037	10831162	4590056	0.130	0.055	7456036	5770066	1081529	1756372	4794323	4302940	907924	998846	2661713	1467126	173605	757526	15330518	90682	18	6962339	4386637	628739	201430	3240066	1971
2021-04-06	15800203	379003	279721	99282	11607258	863710	3329217	11110883	4689338	0.134	0.056	7644926	5826686	1124640	1761928	4910112	4346229	944820	1001588	2734814	1480457	179820	760340	15672894	127309	18	7130397	4476861	653301	210409	3327167	2050
2021-04-07	16478778	678575	581430	97145	12149827	900014	3428919	11692313	4786483	0.141	0.058	7644926	5826686	1124640	1761928	4910112	4346229	944820	1001588	2734814	1480457	179820	760340	16045805	432973	18	7584212	4565615	681305	218709	3426778	2141
2021-04-08	17212170	733392	643604	89788	12723610	935457	3553085	12335917	4876271	0.148	0.059	7644926	5826686	1124640	1761928	4910112	4346229	944820	1001588	2734814	1480457	179820	760340	16454319	757851	18	8077439	4646171	707585	227872	3550875	2210
2021-04-09	17836170	624000	535392	88608	13211159	971543	3653450	12871309	4964879	0.155	0.060	7644926	5826686	1124640	1761928	4910112	4346229	944820	1001588	2734814	1480457	179820	760340	16838816	997354	18	8487807	4723352	732340	239203	3651144	2306
2021-04-10	18204785	368615	303106	65509	13457101	994705	3752961	13174415	5030388	0.158	0.060	7644926	5826686	1124640	1761928	4910112	4346229	944820	1001588	2734814	1480457	179820	760340	17174385	1030400	18	8675948	4781153	747869	246836	3750580	2381
2021-04-11	18465538	260753	210737	50016	13625070	1012762	3827688	13385152	5080404	0.161	0.061	7644926	5826686	1124640	1761928	4910112	4346229	944820	1001588	2734814	1480457	179820	760340	17430059	1035479	18	8797655	4827415	762221	250541	3825258	2430
2021-04-12	18882068	416530	339630	76900	13904610	1041762	3935678	13724782	5157304	0.165	0.062	7644926	5826686	1124640	1761928	4910112	4346229	944820	1001588	2734814	1480457	179820	760340	17798082	1083986	18	9009081	4895529	782508	259254	3933175	2503
2021-04-13	19454079	572011	498545	73466	14334268	1068568	4051225	14223327	5230770	0.171	0.063	7644926	5826686	1124640	1761928	4910112	4346229	944820	1001588	2734814	1480457	179820	760340	18173963	1280116	18	9370952	4963316	803824	264744	4048533	2692
2021-04-14	20228965	774886	691414	83472	14952056	1102259	4174632	14914741	5314242	0.179	0.064	7644926	5826686	1124640	1761928	4910112	4346229	944820	1001588	2734814	1480457	179820	760340	18575052	1653913	18	9914483	5037573	828864	273395	4171376	3256
2021-04-15	20909488	680523	609544	70979	15485514	1138755	4285201	15524285	5385221	0.187	0.065	7644926	5826686	1124640	1761928	4910112	4346229	944820	1001588	2734814	1480457	179820	760340	18959946	1949542	18	10386906	5098608	856372	282383	4280989	4212
2021-04-16	21503870	594382	519069	75313	15923147	1170330	4410375	16043354	5460534	0.193	0.066	7644926	5826686	1124640	1761928	4910112	4346229	944820	1001588	2734814	1480457	179820	760340	19359489	2144381	18	10758928	5164219	879087	291243	4405321	5054
2021-04-17	21866747	362877	306356	56521	16147221	1192513	4526995	16349710	5517055	0.197	0.066	7644926	5826686	1124640	1761928	4910112	4346229	944820	1001588	2734814	1480457	179820	760340	19700562	2166185	18	10935060	5212161	894159	298354	4520473	6522
2021-04-18	22133219	266472	227275	39197	16318891	1206928	4607382	16576985	5556252	0.199	0.067	7644926	5826686	1124640	1761928	4910112	4346229	944820	1001588	2734814	1480457	179820	760340	19962423	2170796	18	11072490	5246401	904715	302213	4599762	7620
2021-04-19	22532994	399775	338945	60830	16609092	1238837	4685046	16915931	5617082	0.203	0.068	7644926	5826686	1124640	1761928	4910112	4346229	944820	1001588	2734814	1480457	179820	760340	20317867	2215127	19	11310945	5298147	928802	310035	4676165	8881
2021-04-20	23089130	556136	494222	61914	16987781	1277015	4824315	17410153	5678996	0.209	0.068	7644926	5826686	1124640	1761928	4910112	4346229	944820	1001588	2734814	1480457	179820	760340	20679552	2409578	19	11636276	5351505	960436	316579	4813422	10893
2021-04-21	23803627	714497	642579	71918	17437741	1316997	5048870	18052732	5750914	0.217	0.069	7644926	5826686	1124640	1761928	4910112	4346229	944820	1001588	2734814	1480457	179820	760340	21054901	2748726	19	12024653	5413088	992549	324448	5035511	13359
2021-04-22	24438472	634845	568496	66349	17818353	1358746	5261354	18621228	5817263	0.224	0.070	7644926	5826686	1124640	1761928	4910112	4346229	944820	1001588	2734814	1480457	179820	760340	21422487	3015985	19	12350051	5468302	1026764	331982	5244394	16960
2021-04-23	24990364	551892	484025	67867	18169040	1401770	5419526	19105262	5885130	0.230	0.071	7644926	5826686	1124640	1761928	4910112	4346229	944820	1001588	2734814	1480457	179820	760340	21806184	3184180	28	12646661	5522379	1059598	342172	5398975	20551
2021-04-24	25359917	369553	309704	59849	18407905	1451436	5500548	19414966	5944979	0.233	0.071	7644926	5826686	1124640	1761928	4910112	4346229	944820	1001588	2734814	1480457	179820	760340	22158826	3201091	28	12843590	5564315	1093788	357648	5477560	22988
2021-04-25	25643310	283393	235618	47775	18595666	1485342	5562274	19650584	5992754	0.236	0.072	7644926	5826686	1124640	1761928	4910112	4346229	944820	1001588	2734814	1480457	179820	760340	22436405	3206905	28	12995212	5600454	1117947	367395	5537397	24877
2021-04-26	26071770	428460	355157	73303	18911418	1526588	5633655	20005822	6066057	0.241	0.073	7644926	5826686	1124640	1761928	4910112	4346229	944820	1001588	2734814	1480457	179820	760340	22778273	3293497	109	13250177	5661241	1150626	375962	5604910	28745
2021-04-27	26856129	784359	693866	90493	19587505	1578046	5690008	20700149	6156550	0.249	0.074	7644926	5826686	1124640	1761928	4910112	4346229	944820	1001588	2734814	1480457	179820	760340	23147752	3708377	570	13849901	5737604	1192916	385130	5656762	33246
2021-04-28	27977414	1121285	993991	127294	20595622	1637080	5743414	21694868	6283844	0.261	0.076	7644926	5826686	1124640	1761928	4910112	4346229	944820	1001588	2734814	1480457	179820	760340	23539954	4437460	1298	14749014	5846608	1239582	397498	5704974	38440
2021-04-29	28918963	941549	808766	132783	21417705	1699079	5799995	22504520	6416627	0.271	0.077	7644926	5826686	1124640	1761928	4910112	4346229	944820	1001588	2734814	1480457	179820	760340	23923435	4995528	2184	15459077	5958628	1289575	409504	5753684	46311
2021-04-30	29719399	800436	662729	137707	22094158	1755632	5866594	23168080	6554334	0.279	0.079	7644926	5826686	1124640	1761928	4910112	4346229	944820	1001588	2734814	1480457	179820	760340	24324025	5395374	3015	16023093	6071065	1331129	424503	5810843	55751
2021-05-01	30054942	335543	259205	76338	22346647	1796235	5906475	23429855	6630672	0.282	0.080	7644926	5826686	1124640	1761928	4910112	4346229	944820	1001588	2734814	1480457	179820	760340	24634918	5420024	5585	16214191	6132456	1365422	430813	5844657	61818
2021-05-02	30318332	263390	195466	67924	22541799	1833464	5935682	23627123	6698596	0.284	0.081	7644926	5826686	1124640	1761928	4910112	4346229	944820	1001588	2734814	1480457	179820	760340	24890653	5427679	7387	16353267	6188532	1397305	436159	5869164	66518
2021-05-03	30769041	450709	334866	115843	22858361	1903386	5998421	23963475	6814439	0.288	0.082	7644926	5826686	1124640	1761928	4910112	4346229	944820	1001588	2734814	1480457	179820	760340	25247502	5521539	8873	16579058	6279303	1454284	449102	5921260	77161
2021-05-04	31610902	841861	679573	162288	23484013	1966256	6149016	24645792	6976727	0.296	0.084	7644926	5826686	1124640	1761928	4910112	4346229	944820	1001588	2734814	1480457	179820	760340	25622111	5988791	11617	17072387	6411626	1503780	462476	6058008	91008
2021-05-05	32748289	1137387	909723	227664	24328325	2044032	6360635	25559195	7204391	0.307	0.087	7644926	5826686	1124640	1761928	4910112	4346229	944820	1001588	2734814	1480457	179820	760340	26033534	6714755	15297	17734423	6593902	1556497	487535	6252978	107657
2021-05-06	33729041	980752	761706	219046	25015103	2134266	6560847	26324429	7423437	0.317	0.089	7644926	5826686	1124640	1761928	4910112	4346229	944820	1001588	2734814	1480457	179820	760340	26439175	7289866	18825	18246021	6769082	1625559	508707	6434024	126823
2021-05-07	34607328	878287	646772	231515	25594806	2218525	6771751	26974622	7654952	0.324	0.092	7644926	5826686	1124640	1761928	4910112	4346229	944820	1001588	2734814	1480457	179820	760340	26873446	7733882	22246	18655773	6939033	1680000	538525	6616603	155148
2021-05-08	35033339	426011	271487	154524	25862359	2290175	6856854	27247814	7809476	0.328	0.094	7644926	5826686	1124640	1761928	4910112	4346229	944820	1001588	2734814	1480457	179820	760340	27238966	7794373	23951	18810618	7051741	1731330	558845	6681915	174939
2021-05-09	35320391	287052	183601	103451	26056971	2346288	6892114	27432482	7912927	0.330	0.095	7644926	5826686	1124640	1761928	4910112	4346229	944820	1001588	2734814	1480457	179820	760340	27514983	7805408	25018	18925258	7131713	1776456	569832	6705750	186364
2021-05-10	35905209	584818	392651	192167	26428701	2425403	7022394	27828826	8105094	0.335	0.097	7644926	5826686	1124640	1761928	4910112	4346229	944820	1001588	2734814	1480457	179820	760340	27910903	7994306	28711	19155051	7273650	1834517	590886	6810547	211847
2021-05-11	36983974	1078765	794618	284147	27249564	2504334	7198313	28626496	8389241	0.344	0.101	7644926	5826686	1124640	1761928	4910112	4346229	944820	1001588	2734814	1480457	179820	760340	28335973	8648001	31763	19746425	7503139	1890543	613791	6957765	240548
2021-05-12	38389573	1405599	1043607	361992	28338645	2591330	7423055	29674883	8751233	0.357	0.105	7644926	5826686	1124640	1761928	4910112	4346229	944820	1001588	2734814	1480457	179820	760340	28785589	9603984	36543	20540780	7797865	1948376	642954	7149184	273871
2021-05-13	38813867	424294	266105	158189	28649607	2658092	7467472	29943141	8909422	0.360	0.107	7644926	5826686	1124640	1761928	4910112	4346229	944820	1001588	2734814	1480457	179820	760340	29136404	9677463	38696	20726185	7923422	1999650	658442	7178610	288862
2021-05-14	39567200	753333	524083	229250	29193437	2721921	7605908	30474462	9138672	0.366	0.110	7644926	5826686	1124640	1761928	4910112	4346229	944820	1001588	2734814	1480457	179820	760340	29538400	10028800	45934	21090192	8103245	2048165	673756	7290171	315737
2021-05-15	39964697	397497	233028	164469	29471032	2781383	7662141	30711697	9303141	0.369	0.112	7644926	5826686	1124640	1761928	4910112	4346229	944820	1001588	2734814	1480457	179820	760340	29888231	10076466	50141	21246298	8224734	2091201	690182	7324057	338084
2021-05-16	40246022	281325	159670	121655	29670292	2833968	7686965	30876023	9424796	0.371	0.113	7644926	5826686	1124640	1761928	4910112	4346229	944820	1001588	2734814	1480457	179820	760340	30153551	10092471	54797	21351990	8318302	2133857	700111	7335379	351586
2021-05-17	40796325	550303	346885	203418	30008062	2916046	7807105	31233223	9628214	0.376	0.116	7644926	5826686	1124640	1761928	4910112	4346229	944820	1001588	2734814	1480457	179820	760340	30534536	10261789	65112	21544974	8463088	2192205	723841	7430932	376173
2021-05-18	41667445	871120	516755	354365	30599632	3017429	7977846	31757404	9982579	0.382	0.120	7644926	5826686	1124640	1761928	4910112	4346229	944820	1001588	2734814	1480457	179820	760340	30950652	10716793	72538	21843379	8756253	2265353	752076	7576134	401712
2021-05-19	42760938	1093493	562496	530997	31403952	3114790	8158006	32331552	10513576	0.389	0.126	7644926	5826686	1124640	1761928	4910112	4346229	944820	1001588	2734814	1480457	179820	760340	31364367	11396571	84190	22187642	9216310	2330334	784456	7729386	428620
2021-05-20	43698221	937283	453066	484217	32082029	3209383	8312156	32795081	10997793	0.394	0.132	7644926	5826686	1124640	1761928	4910112	4346229	944820	1001588	2734814	1480457	179820	760340	31770707	11927514	94653	22447860	9634169	2394262	815121	7858306	453850
2021-05-21	44535644	837423	403721	433702	32671807	3291860	8466809	33209317	11431495	0.399	0.137	7644926	5826686	1124640	1761928	4910112	4346229	944820	1001588	2734814	1480457	179820	760340	32185410	12350234	105168	22670069	10001738	2448982	842878	7985098	481711
2021-05-22	45009298	473654	216616	257038	32978351	3362128	8549253	33440331	11688533	0.402	0.141	7644926	5826686	1124640	1761928	4910112	4346229	944820	1001588	2734814	1480457	179820	760340	32530134	12479164	119566	22771323	10207028	2497149	864979	8052293	496960
2021-05-23	45294908	285610	126945	158665	33172199	3421476	8572171	33576772	11847198	0.404	0.142	7644926	5826686	1124640	1761928	4910112	4346229	944820	1001588	2734814	1480457	179820	760340	32797623	12497285	129062	22839275	10332924	2541546	879930	8066889	505282
2021-05-24	45618426	323518	143413	180105	33407030	3481572	8593391	33727556	12027303	0.406	0.145	7644926	5826686	1124640	1761928	4910112	4346229	944820	1001588	2734814	1480457	179820	760340	33105616	12512810	136433	22924650	10482380	2586936	894636	8079537	513854
2021-05-25	46264965	646539	271664	374875	33849935	3560236	8695211	34022370	12402178	0.409	0.149	7644926	5826686	1124640	1761928	4910112	4346229	944820	1001588	2734814	1480457	179820	760340	33493212	12771753	159583	23066380	10783555	2638195	922041	8158212	536999
2021-05-26	47425864	1160899	464056	696843	34725668	3637896	8825892	34563251	13099021	0.416	0.158	7644926	5826686	1124640	1761928	4910112	4346229	944820	1001588	2734814	1480457	179820	760340	33890696	13535168	236408	23378477	11347191	2688728	949168	8259638	566254
2021-05-27	48434832	1008968	397811	611157	35446482	3719594	8953835	35039575	13710178	0.421	0.165	7644926	5826686	1124640	1761928	4910112	4346229	944820	1001588	2734814	1480457	179820	760340	34277827	14157005	314921	23633799	11812683	2736603	982991	8354252	599583
2021-05-28	49255748	820916	333993	486923	35996302	3792059	9072385	35453649	14197101	0.426	0.171	7644926	5826686	1124640	1761928	4910112	4346229	944820	1001588	2734814	1480457	179820	760340	34630782	14624966	395002	23834712	12161590	2781721	1010338	8442214	630171
