date	dosen_kumulativ	dosen_differenz_zum_vortag	dosen_erst_differenz_zum_vortag	dosen_zweit_differenz_zum_vortag	dosen_biontech_kumulativ	dosen_moderna_kumulativ	dosen_astrazeneca_kumulativ	personen_erst_kumulativ	personen_voll_kumulativ	impf_quote_erst	impf_quote_voll	indikation_alter_dosen	indikation_beruf_dosen	indikation_medizinisch_dosen	indikation_pflegeheim_dosen	indikation_alter_erst	indikation_beruf_erst	indikation_medizinisch_erst	indikation_pflegeheim_erst	indikation_alter_voll	indikation_beruf_voll	indikation_medizinisch_voll	indikation_pflegeheim_voll	dosen_dim_kumulativ	dosen_kbv_kumulativ	dosen_johnson_kumulativ	dosen_biontech_erst_kumulativ	dosen_biontech_zweit_kumulativ	dosen_moderna_erst_kumulativ	dosen_moderna_zweit_kumulativ	dosen_astrazeneca_erst_kumulativ	dosen_astrazeneca_zweit_kumulativ
2020-12-27	24087	24087	24073	14	24086	1	0	24073	14	0.000	0.000	10705	8657	1305	12604	10664	8590	1305	12536	41	67	0	68	24087	0	0	24072	14	1	0	0	0
2020-12-28	42647	18560	18523	37	42646	1	0	42596	51	0.001	0.000	18621	15788	1991	21344	18580	15721	1991	21276	41	67	0	68	42647	0	0	42595	51	1	0	0	0
2020-12-29	93471	50824	50095	729	93470	1	0	92691	780	0.001	0.000	34989	40734	3107	40508	34724	40420	3107	40099	265	314	0	409	93471	0	0	92690	780	1	0	0	0
2020-12-30	156253	62782	62661	121	156252	1	0	155352	901	0.002	0.000	55510	73365	4901	63206	55243	73050	4901	62794	267	315	0	412	156253	0	0	155351	901	1	0	0	0
2020-12-31	206444	50191	50042	149	206443	1	0	205394	1050	0.002	0.000	72831	96719	6752	83965	72517	96367	6752	83476	314	352	0	489	206444	0	0	205393	1050	1	0	0	0
2021-01-01	225378	18934	18927	7	225376	1	1	224321	1057	0.003	0.000	81208	105449	7830	92301	80894	105097	7830	91812	314	352	0	489	225378	0	0	224319	1057	1	0	1	0
2021-01-02	277916	52538	52255	283	277914	1	1	276576	1340	0.003	0.000	102774	129731	10350	113258	102365	129304	10350	112629	409	427	0	629	277916	0	0	276574	1340	1	0	1	0
2021-01-03	301815	23899	23894	5	301813	1	1	300470	1345	0.004	0.000	113044	140227	11284	123279	112635	139800	11284	122650	409	427	0	629	301815	0	0	300468	1345	1	0	1	0
2021-01-04	349990	48175	48124	51	349988	1	1	348594	1396	0.004	0.000	129646	164913	13951	139091	129237	164486	13951	138462	409	427	0	629	349990	0	0	348592	1396	1	0	1	0
2021-01-05	403758	53768	53739	29	403755	2	1	402333	1425	0.005	0.000	147987	192565	16489	157656	147576	192117	16489	157025	411	448	0	631	403758	0	0	402330	1425	2	0	1	0
2021-01-06	466428	62670	62663	7	466417	8	3	464996	1432	0.006	0.000	169498	225530	19910	180812	169086	225082	19910	180181	412	448	0	631	466428	0	0	464985	1432	8	0	3	0
2021-01-07	522516	56088	56079	9	522502	11	3	521075	1441	0.006	0.000	189172	254868	22957	197233	188758	254418	22957	196600	414	450	0	633	522516	0	0	521061	1441	11	0	3	0
2021-01-08	585573	63057	62734	323	585511	59	3	583809	1764	0.007	0.000	211521	287315	26324	218219	211009	286711	26320	217449	512	604	4	770	585573	0	0	583747	1764	59	0	3	0
2021-01-09	647012	61439	61392	47	646950	59	3	645201	1811	0.008	0.000	237322	313238	29007	243325	236798	312599	29003	242545	524	639	4	780	647012	0	0	645139	1811	59	0	3	0
2021-01-10	682525	35513	35504	9	682463	59	3	680705	1820	0.008	0.000	252455	327794	30379	256315	251929	327151	30375	255535	526	643	4	780	682525	0	0	680643	1820	59	0	3	0
2021-01-11	750128	67603	67551	52	750064	61	3	748256	1872	0.009	0.000	277513	359176	33587	276774	276967	358513	33583	275968	546	663	4	806	750128	0	0	748192	1872	61	0	3	0
2021-01-12	832786	82658	82599	59	832716	66	4	830855	1931	0.010	0.000	305695	401338	36582	301731	305147	400670	36578	300888	548	668	4	843	832786	0	0	830785	1931	66	0	4	0
2021-01-13	944522	111736	111538	198	943655	863	4	942393	2129	0.011	0.000	345167	458844	40485	337339	344574	458093	40466	336399	593	751	19	940	944522	0	0	941526	2129	863	0	4	0
2021-01-14	1027673	83151	82966	185	1022179	5490	4	1025359	2314	0.012	0.000	374803	501101	42769	361463	374094	500254	42750	360452	709	847	19	1011	1027673	0	0	1019909	2270	5446	44	4	0
2021-01-15	1119190	91517	90907	610	1108254	10927	9	1116266	2924	0.013	0.000	408725	545673	46728	389202	407810	544625	46700	387982	915	1048	28	1220	1119190	0	0	1105374	2880	10883	44	9	0
2021-01-16	1176758	57568	56662	906	1164050	12699	9	1172928	3830	0.014	0.000	432983	570627	48859	408798	431664	569232	48767	407047	1319	1395	92	1751	1176758	0	0	1160264	3786	12655	44	9	0
2021-01-17	1225757	48999	31657	17342	1211743	14004	10	1204585	21172	0.014	0.000	453449	591002	50884	428544	444215	583354	50014	417145	9234	7648	870	11399	1225757	0	0	1190615	21128	13960	44	10	0
2021-01-18	1308385	82628	66856	15772	1290338	18036	11	1271441	36944	0.015	0.000	482728	633883	53106	448900	467235	619730	51700	430238	15493	14153	1406	18662	1308385	0	0	1253439	36899	17991	45	11	0
2021-01-19	1426060	117675	82796	34879	1404532	21503	25	1354237	71823	0.016	0.001	519765	695968	56714	479843	492669	666683	54375	447938	27096	29285	2339	31905	1426060	0	0	1332754	71778	21458	45	25	0
2021-01-20	1558074	132014	80495	51519	1533791	24254	29	1434732	123342	0.017	0.001	568076	760039	60957	522078	522876	706310	57505	469463	45200	53729	3452	52615	1558074	0	0	1410494	123297	24209	45	29	0
2021-01-21	1665793	107719	65866	41853	1638798	26966	29	1500598	165195	0.018	0.002	610150	808503	65406	556195	549621	735602	60889	487988	60529	72901	4517	68207	1665793	0	0	1473648	165150	26921	45	29	0
2021-01-22	1769835	104042	68480	35562	1740787	29008	40	1569078	200757	0.019	0.002	654049	853889	69013	590642	579902	764987	63599	506975	74147	88902	5414	83667	1769835	0	0	1540077	200710	28961	47	40	0
2021-01-23	1854844	85009	40049	44960	1825412	29391	41	1609127	245717	0.019	0.003	691767	890989	72414	617916	599855	780966	64783	516268	91912	110023	7631	101648	1854844	0	0	1579742	245670	29344	47	41	0
2021-01-24	1904075	49231	26084	23147	1874395	29635	45	1635211	268864	0.020	0.003	715655	910067	73331	632982	614016	789814	65130	521524	101639	120253	8201	111458	1904075	0	0	1605578	268817	29588	47	45	0
2021-01-25	1995779	91704	53104	38600	1964374	31358	47	1688315	307464	0.020	0.004	756375	951632	76827	658117	642321	811974	66847	534304	114054	139658	9980	123813	1995779	0	0	1656957	307417	31311	47	47	0
2021-01-26	2094449	98670	50241	48429	2061386	33010	53	1738556	355893	0.021	0.004	796572	997196	80614	684405	667753	831436	68195	545278	128819	165760	12419	139127	2094449	0	0	1705544	355842	32959	51	53	0
2021-01-27	2205594	111145	51514	59631	2170567	34966	61	1790070	415524	0.022	0.005	839834	1049509	85786	715259	691463	852265	70042	556304	148371	197244	15744	158955	2205594	0	0	1755104	415463	34905	61	61	0
2021-01-28	2296832	91238	45127	46111	2260166	36602	64	1835197	461635	0.022	0.006	877990	1090332	89974	739697	713483	869115	71590	567469	164507	221217	18384	172228	2296832	0	0	1798610	461556	36523	79	64	0
2021-01-29	2405945	109113	51463	57650	2367868	38007	70	1886660	519285	0.023	0.006	920894	1138243	95507	769100	735839	888487	73819	578309	185055	249756	21688	190791	2405945	0	0	1848662	519206	37928	79	70	0
2021-01-30	2494451	88506	36346	52160	2455499	38881	71	1923006	571445	0.023	0.007	957412	1174692	99468	796433	752473	901967	75224	586328	204939	272725	24244	210105	2494451	0	0	1884134	571365	38801	80	71	0
2021-01-31	2550965	56514	25983	30531	2511635	39258	72	1948989	601976	0.023	0.007	982865	1196922	101575	812430	766590	910861	76411	592657	216275	286061	25164	219773	2550965	0	0	1909748	601887	39170	88	71	1
2021-02-01	2671614	120649	59159	61490	2630018	41468	128	2008148	663466	0.024	0.008	1026174	1260299	105285	839830	787193	944041	78273	602425	238981	316258	27012	237405	2671614	0	0	1966641	663377	41380	88	127	1
2021-02-02	2803307	131693	64215	67478	2758831	44335	141	2072363	730944	0.025	0.009	1069633	1330364	110479	870030	806216	982089	80866	611659	263417	348275	29613	258371	2803307	0	0	2027977	730854	44246	89	140	1
2021-02-03	2962795	159488	64162	95326	2911912	50721	162	2136525	826270	0.026	0.010	1128983	1407775	116405	912544	829819	1014401	83062	623312	299164	393374	33343	289232	2962795	0	0	2085734	826178	50630	91	161	1
2021-02-04	3094570	131775	61084	70691	3037807	56594	169	2197609	896961	0.026	0.011	1177986	1472437	120972	943857	851937	1046473	85311	632945	326049	425964	35661	310912	3094570	0	0	2140940	896867	56501	93	168	1
2021-02-05	3239349	144779	67664	77115	3176182	62990	177	2265273	974076	0.027	0.012	1232524	1542580	126293	977786	877231	1080338	86905	644262	355293	462242	39388	333524	3239349	0	0	2202201	973981	62897	93	175	2
2021-02-06	3339500	100151	47172	52979	3273805	65517	178	2312445	1027055	0.028	0.012	1272514	1588658	130853	1003590	896490	1101898	88782	653957	376024	486760	42071	349633	3339500	0	0	2246845	1026960	65424	93	176	2
2021-02-07	3393759	54259	28179	26080	3325665	67914	180	2340624	1053135	0.028	0.013	1298155	1609930	133571	1016823	910800	1112720	90015	659435	387355	497210	43556	357388	3393759	0	0	2272626	1053039	67820	94	178	2
2021-02-08	3503704	109945	53166	56779	3431615	71884	205	2393790	1109914	0.029	0.013	1350672	1655734	137545	1035599	942269	1129343	91902	666781	408403	526391	45643	368818	3503704	0	0	2321798	1109817	71789	95	203	2
2021-02-09	3637632	133928	59690	74238	3561500	75818	314	2453480	1184152	0.030	0.014	1411842	1714380	141993	1058512	978151	1147503	94639	674792	433691	566877	47354	383720	3637632	0	0	2377936	1183564	75232	586	312	2
2021-02-10	3789396	151764	75150	76614	3702210	79830	7356	2528630	1260766	0.030	0.015	1478760	1781046	146001	1087933	1017461	1175177	96286	685176	461299	605869	49715	402757	3789396	0	0	2442980	1259230	78296	1534	7354	2
2021-02-11	3930551	141155	73837	67318	3820767	86976	22806	2602469	1328084	0.031	0.016	1539776	1848576	151475	1113070	1052428	1208053	98713	694775	487348	640523	52762	418295	3930551	0	2	2497081	1323686	82588	4388	22798	8
2021-02-12	4088048	157497	81420	76077	3954048	96764	37232	2683891	1404161	0.032	0.017	1611268	1919253	157751	1138545	1094198	1240389	101429	704318	517070	678864	56322	434227	4088048	0	4	2559268	1394780	87397	9367	37222	10
2021-02-13	4195804	107756	62178	45578	4045736	99950	50113	2746070	1449739	0.033	0.017	1667599	1960972	162355	1156080	1129093	1262877	103231	711418	538506	698095	59124	444662	4195804	0	5	2606926	1438810	89044	10906	50095	18
2021-02-14	4261098	65294	40025	25269	4101323	102395	57374	2786096	1475008	0.034	0.018	1706122	1983696	163973	1164146	1153761	1276081	104081	714928	552361	707615	59892	449218	4261098	0	6	2638468	1462855	90287	12108	57335	39
2021-02-15	4387856	126758	71147	55611	4208404	107352	72093	2857244	1530619	0.034	0.018	1773591	2031897	168008	1183418	1194859	1300739	106358	721524	578732	731158	61650	461894	4387856	0	7	2692715	1515689	92479	14873	72043	50
2021-02-16	4524466	136610	81983	54627	4315656	113092	95710	2939228	1585246	0.035	0.019	1839625	2089928	170683	1200400	1236633	1336138	107879	728440	602992	753790	62804	471960	4524466	0	8	2748453	1567203	95115	17977	95652	58
2021-02-17	4673669	149203	93532	55671	4437452	120802	115406	3032761	1640917	0.036	0.020	1920033	2147919	175770	1221928	1292995	1368705	110873	736858	627038	779214	64897	485070	4673669	0	9	2817617	1619835	99792	21010	115343	63
2021-02-18	4816368	142699	91461	51238	4548511	128750	139097	3124223	1692155	0.038	0.020	1995907	2206102	179208	1240945	1345328	1403985	112659	744258	650579	802117	66549	496687	4816368	0	10	2880904	1667607	104279	24471	139030	67
2021-02-19	4970892	154524	99791	54733	4667743	138660	164478	3224015	1746888	0.039	0.021	2076668	2266444	184080	1258305	1402958	1440066	115287	750941	673710	826378	68793	507364	4970892	0	11	2948416	1719327	111184	27476	164404	74
2021-02-20	5084296	113404	76305	37099	4754978	143185	186121	3300321	1783987	0.040	0.021	2138268	2310157	187738	1272296	1445964	1469322	117533	755178	692304	840835	70205	517118	5084296	0	12	2999091	1755887	115182	28003	186036	85
2021-02-21	5170451	86155	57045	29110	4822606	146413	201419	3357367	1813097	0.040	0.022	2187054	2340674	190304	1282667	1479917	1489494	118664	757407	707137	851180	71640	525260	5170451	0	13	3037772	1784834	118251	28162	201331	88
2021-02-22	5330796	160345	100234	60111	4948750	155509	226523	3457602	1873208	0.042	0.023	2266701	2410287	195201	1300517	1538362	1525084	121627	763642	728339	885203	73574	536875	5330796	0	14	3105627	1843123	125537	29972	226424	99
2021-02-23	5498001	167205	107434	59771	5081279	162668	254039	3565037	1932979	0.043	0.023	2346910	2483166	200501	1318387	1598211	1563793	124757	771284	748699	919373	75744	547103	5498001	0	15	3180056	1901223	131035	31633	253931	108
2021-02-24	5673968	175967	116371	59596	5214118	170447	289387	3681409	1992575	0.044	0.024	2431789	2557990	207079	1337422	1660503	1608669	128907	778912	771286	949321	78172	558510	5673968	0	16	3255005	1959113	137127	33320	289261	126
2021-02-25	5863317	189349	130819	58530	5345350	177151	340800	3812228	2051105	0.046	0.025	2514175	2648479	213515	1355541	1722988	1667176	133470	787131	791187	981303	80045	568410	5863317	0	16	3329170	2016180	142379	34772	340663	137
2021-02-26	6073110	209793	144369	65424	5485626	185986	401482	3956597	2116529	0.048	0.025	2602819	2749814	220591	1375230	1787946	1735795	138593	794627	814873	1014019	81998	580603	6073110	0	16	3405704	2079922	149575	36411	401302	180
2021-02-27	6221729	148619	108605	40014	5578455	190188	453070	4065202	2156543	0.049	0.026	2666475	2822116	227301	1388101	1833818	1790224	143432	799030	832657	1031892	83869	589071	6221729	0	16	3459293	2119162	153013	37175	452880	190
2021-02-28	6329830	108101	83810	24291	5640853	194139	494822	4149012	2180834	0.050	0.026	2714700	2875405	231582	1394762	1868893	1834535	146785	801170	845807	1040870	84797	593592	6329830	0	16	3497762	2143091	156612	37527	494622	200
2021-03-01	6525646	195816	146448	49368	5769498	203548	552584	4295460	2230202	0.052	0.027	2817221	2953369	239381	1408021	1943445	1896228	153263	806209	873776	1057141	86118	601812	6525646	0	16	3579076	2190422	163998	39550	552370	214
2021-03-02	6745655	220009	166322	53687	5910121	213714	621804	4461782	2283889	0.054	0.027	2927307	3047588	248982	1422628	2022735	1971725	160632	812692	904572	1075863	88350	609936	6745655	0	16	3668840	2241281	171350	42364	621576	228
2021-03-03	6989371	243716	174721	68995	6066972	227558	694825	4636503	2352884	0.056	0.028	3047976	3148969	260606	1439862	2105531	2048823	170041	819606	942445	1100146	90565	620256	6989371	0	16	3762201	2304771	179766	47792	694520	305
2021-03-04	7232515	243144	180464	62680	6209370	241612	781517	4816967	2415564	0.058	0.029	3159240	3258741	272992	1455625	2181653	2136963	180034	825002	977587	1121778	92958	630623	7232515	0	16	3847178	2362192	188620	52992	781153	364
2021-03-05	7501664	269149	201726	67423	6356633	254943	890072	5018693	2482987	0.060	0.030	3277185	3383782	287941	1471072	2258903	2242620	191990	830697	1018282	1141162	95951	640375	7501664	0	16	3932899	2423734	196114	58829	889664	408
2021-03-06	7704152	202488	153197	49291	6467406	263534	973196	5171890	2532278	0.062	0.030	3366696	3478463	298371	1480590	2314602	2325555	200824	833966	1052094	1152908	97547	646624	7704152	0	16	3996599	2470807	202510	61024	972765	431
2021-03-07	7854544	150392	115930	34462	6549893	270265	1034370	5287820	2566740	0.064	0.031	3437978	3544531	306478	1486155	2360956	2383880	208082	835928	1077022	1160651	98396	650227	7854544	0	16	4046982	2502911	206899	63366	1033923	447
2021-03-08	8093769	239225	186717	52508	6685623	281273	1126857	5474537	2619248	0.066	0.031	3556806	3640371	322827	1498475	2442587	2468035	222757	841890	1114219	1172336	100070	656585	8093769	0	16	4133581	2552042	214562	66711	1126378	479
2021-03-09	8344251	250482	195720	54762	6825770	294134	1224331	5670257	2674010	0.068	0.032	3677710	3742787	340236	1512022	2524321	2558568	238262	848791	1153389	1184219	101974	663231	8344251	0	16	4222389	2603381	224062	70072	1223790	541
2021-03-10	8628013	283762	218075	65687	6983423	305587	1338987	5888332	2739697	0.071	0.033	3808598	3856306	360962	1530389	2606688	2661880	256906	860000	1201910	1194426	104056	670389	8627042	971	16	4317509	2665914	232414	73173	1338393	594
2021-03-11	8909623	281610	220706	60904	7132511	318814	1458282	6109038	2800601	0.073	0.034	3937470	3976178	382106	1544008	2689957	2769533	276555	867677	1247513	1206645	105551	676331	8907997	1626	16	4409993	2722518	241397	77417	1457632	650
2021-03-12	9233724	324101	252455	71646	7285386	336386	1611936	6361493	2872247	0.076	0.035	4071484	4127850	404783	1559463	2770420	2906954	297406	877132	1301064	1220896	107377	682331	9231888	1836	16	4496236	2789150	254239	82147	1611002	934
2021-03-13	9480265	246541	197100	49441	7400091	346135	1734023	6558593	2921688	0.079	0.035	4181046	4240796	425293	1567511	2840453	3011727	316755	881879	1340593	1229069	108538	685632	9478273	1992	16	4562911	2837180	262622	83513	1733044	979
2021-03-14	9651498	171233	135239	35994	7489613	351281	1810588	6693832	2957682	0.080	0.036	4266043	4307307	441408	1570975	2896461	3072888	331859	883676	1369582	1234419	109549	687299	9649496	2002	16	4617426	2872187	266798	84483	1809592	996
2021-03-15	9899790	248292	189429	58863	7642018	363697	1894059	6883261	3016545	0.083	0.036	4400463	4391447	461474	1582289	2984151	3147219	350790	890548	1416312	1244228	110684	691741	9897505	2285	16	4712674	2929344	277587	86110	1892984	1075
2021-03-16	10078947	179157	112133	67024	7808143	374806	1895982	6995394	3083569	0.084	0.037	4527474	4426082	473886	1593025	3059300	3169255	361553	895647	1468174	1256827	112333	697378	10076115	2832	16	4814113	2994030	286360	88446	1894905	1077
2021-03-17	10284162	205215	125750	79465	7993911	392835	1897400	7121144	3163034	0.086	0.038	4672447	4463838	487350	1605072	3141952	3193652	373040	902175	1530495	1270186	114310	702897	10280713	3449	16	4925179	3068732	299630	93205	1896319	1081
2021-03-18	10478875	194713	119366	75347	8168818	411064	1898977	7240510	3238381	0.087	0.039	4812398	4498757	499905	1615322	3222615	3215628	383588	907340	1589783	1283129	116317	707982	10475003	3872	16	5029811	3139007	312789	98275	1897894	1083
2021-03-19	10722786	243911	161069	82842	8353402	431659	1937709	7401579	3321223	0.089	0.040	4961948	4563922	518114	1627194	3306761	3267408	399605	914537	1655187	1296514	118509	712657	10718383	4403	16	5138293	3215109	326724	104935	1936546	1163
2021-03-20	10943047	220261	166373	53888	8489916	446973	2006142	7567952	3375111	0.091	0.041	5078536	4641917	537715	1633319	3379545	3337212	417708	917920	1698991	1304705	120007	715399	10938320	4727	16	5224660	3265256	338341	108632	2004935	1207
2021-03-21	11109148	166101	127338	38763	8594557	456189	2058386	7695290	3413874	0.093	0.041	5171749	4694283	554274	1635819	3440184	3384099	433219	919244	1731565	1310184	121055	716575	11104421	4727	16	5293558	3300999	344560	111629	2057156	1230
2021-03-22	11375365	266217	190053	76164	8760258	479858	2135233	7885343	3490038	0.095	0.042	5329624	4766248	576579	1645397	3534739	3445389	453483	925279	1794885	1320859	123096	720118	11369110	6255	16	5390703	3369555	360687	119171	2133937	1296
2021-03-23	11673289	297924	214161	83763	8940539	500127	2232607	8099504	3573801	0.097	0.043	5490190	4854892	604288	1656865	3629814	3521119	478432	932910	1860376	1333773	125856	723955	11662046	11243	16	5492609	3447930	375654	124473	2231225	1382
2021-03-24	12007368	334079	245765	88314	9137779	533259	2336314	8345269	3662115	0.100	0.044	5664852	4952071	635971	1672375	3732242	3605792	507202	944863	1932610	1346279	128769	727512	11990333	17035	16	5607124	3530655	403273	129986	2334856	1458
2021-03-25	12344968	337600	257445	80155	9326254	560593	2458105	8602714	3742270	0.103	0.045	5830941	5060081	670798	1683452	3832663	3703768	539527	951994	1998278	1356313	131271	731458	12321988	22980	16	5721317	3604937	424825	135768	2456556	1549
2021-03-26	12719708	374740	285988	88752	9528110	596999	2594583	8888702	3831022	0.107	0.046	6003833	5184282	710463	1698535	3933360	3816071	576057	962322	2070473	1368211	134406	736213	12690414	29294	16	5841140	3686970	454611	142388	2592935	1648
2021-03-27	13006491	286783	223628	63155	9680085	624363	2702027	9112330	3894177	0.110	0.047	6147056	5279869	744190	1703356	4023632	3903670	607441	965464	2123424	1376199	136749	737892	12974847	31644	16	5933370	3746715	478633	145730	2700311	1716
2021-03-28	13203416	196925	144184	52741	9797822	642891	2762687	9256514	3946918	0.111	0.047	6253046	5333384	768116	1706823	4085867	3950861	629648	967502	2167179	1382523	138468	739321	13171581	31835	16	6001690	3796132	493886	149005	2760922	1765
2021-03-29	13512244	308828	219790	89038	9985672	668933	2857623	9476304	4035956	0.114	0.049	6418833	5404751	806706	1716518	4180272	4010842	665103	973637	2238561	1393909	141603	742881	13474461	37783	16	6107862	3877810	512621	156312	2855805	1818
2021-03-30	13840740	328496	235143	93353	10201586	695230	2943908	9711447	4129309	0.117	0.050	6591913	5474211	853024	1727240	4280843	4069380	706095	981320	2311070	1404831	146929	745920	13790821	49919	16	6238011	3963575	531397	163833	2942023	1885
2021-03-31	14182351	341611	238536	103075	10451153	733567	2997615	9949983	4232384	0.120	0.051	6774517	5538855	899988	1738789	4384637	4121392	747318	988525	2389880	1417463	152670	750264	14116117	66234	16	6393386	4057767	560888	172679	2995693	1922
2021-04-01	14506123	323772	231368	92404	10687319	765862	3052926	10181351	4324788	0.122	0.052	6936269	5606629	944397	1747554	4476928	4175958	787230	994147	2459341	1430671	157167	753407	14419810	86313	16	6545778	4141541	584595	181267	3050962	1964
2021-04-02	14736113	229990	158409	71581	10868787	782507	3084803	10339760	4396369	0.124	0.053	7067172	5654574	981393	1749910	4552089	4213818	820223	995356	2515083	1440756	161170	754554	14648276	87837	16	6661151	4207636	595775	186732	3082818	1985
2021-04-03	14968146	232033	166017	66016	11042398	799707	3126025	10505777	4462385	0.126	0.054	7198861	5698683	1018737	1753036	4633025	4248782	853330	997097	2565836	1449901	165407	755939	14878910	89236	16	6774131	4268267	607623	192084	3124007	2018
2021-04-04	15164281	196135	142597	53538	11177763	810839	3175663	10648374	4515923	0.128	0.054	7309766	5731715	1048001	1754173	4704262	4274251	879171	997551	2605504	1457464	168830	756622	15074909	89372	16	6860196	4317567	614558	196281	3173604	2059
2021-04-05	15413960	249679	176296	73383	11346109	828766	3239069	10824670	4589306	0.130	0.055	7456036	5770066	1081529	1756372	4794323	4302940	907924	998846	2661713	1467126	173605	757526	15323278	90682	16	6960473	4385636	627209	201557	3236972	2097
2021-04-06	15792538	378578	279537	99041	11604254	862016	3326252	11104207	4688347	0.134	0.056	7644926	5826686	1124640	1761928	4910112	4346229	944820	1001588	2734814	1480457	179820	760340	15665229	127309	16	7128391	4475863	651725	210291	3324075	2177
2021-04-07	16470288	677750	580658	97092	12146499	897825	3425948	11684865	4785439	0.140	0.058	7644926	5826686	1124640	1761928	4910112	4346229	944820	1001588	2734814	1480457	179820	760340	16037315	432973	16	7581839	4564660	679330	218495	3423680	2268
2021-04-08	17203235	732947	643215	89732	12720045	933102	3550072	12328080	4875171	0.148	0.059	7644926	5826686	1124640	1761928	4910112	4346229	944820	1001588	2734814	1480457	179820	760340	16445384	757851	16	8074782	4645263	705547	227555	3547735	2337
2021-04-09	17826405	623170	534853	88317	13206933	969062	3650394	12862933	4963488	0.155	0.060	7644926	5826686	1124640	1761928	4910112	4346229	944820	1001588	2734814	1480457	179820	760340	16829051	997354	16	8484529	4722404	730428	238634	3647960	2434
2021-04-10	18194903	368498	303049	65449	13452706	992276	3749905	13165982	5028937	0.158	0.060	7644926	5826686	1124640	1761928	4910112	4346229	944820	1001588	2734814	1480457	179820	760340	17164503	1030400	16	8672452	4780254	746117	246159	3747397	2508
2021-04-11	18455499	260596	210526	50070	13620545	1010310	3824628	13376508	5079007	0.161	0.061	7644926	5826686	1124640	1761928	4910112	4346229	944820	1001588	2734814	1480457	179820	760340	17420020	1035479	16	8793988	4826557	760434	249876	3822070	2558
2021-04-12	18871235	415736	338917	76819	13899426	1038990	3932803	13715425	5155826	0.165	0.062	7644926	5826686	1124640	1761928	4910112	4346229	944820	1001588	2734814	1480457	179820	760340	17787249	1083986	16	9004715	4894711	780524	258466	3930170	2633
2021-04-13	19442539	571304	497921	73383	14328535	1065657	4048331	14213346	5229209	0.171	0.063	7644926	5826686	1124640	1761928	4910112	4346229	944820	1001588	2734814	1480457	179820	760340	18162423	1280116	16	9365988	4962547	801835	263822	4045507	2824
2021-04-14	20216447	773908	690514	83394	14945559	1099159	4171713	14903860	5312603	0.179	0.064	7644926	5826686	1124640	1761928	4910112	4346229	944820	1001588	2734814	1480457	179820	760340	18562534	1653913	16	9908723	5036836	826800	272359	4168321	3392
2021-04-15	20895836	679389	608605	70784	15478109	1135506	4282205	15512465	5383387	0.187	0.065	7644926	5826686	1124640	1761928	4910112	4346229	944820	1001588	2734814	1480457	179820	760340	18946294	1949542	16	10380199	5097910	854397	281109	4277853	4352
2021-04-16	21489224	593388	518033	75355	15915041	1166866	4407301	16030498	5458742	0.193	0.066	7644926	5826686	1124640	1761928	4910112	4346229	944820	1001588	2734814	1480457	179820	760340	19344843	2144381	16	10751492	5163549	876885	289981	4402105	5196
2021-04-17	21851512	362288	305809	56479	16138571	1189005	4523920	16336307	5515221	0.196	0.066	7644926	5826686	1124640	1761928	4910112	4346229	944820	1001588	2734814	1480457	179820	760340	19685327	2166185	16	10927099	5211472	891940	297065	4517252	6668
2021-04-18	22117692	266180	226958	39222	16309952	1203418	4604306	16563265	5554443	0.199	0.067	7644926	5826686	1124640	1761928	4910112	4346229	944820	1001588	2734814	1480457	179820	760340	19946896	2170796	16	11064217	5245735	902493	300925	4596539	7767
2021-04-19	22516722	399030	338247	60783	16599549	1235244	4681913	16901512	5615226	0.203	0.068	7644926	5826686	1124640	1761928	4910112	4346229	944820	1001588	2734814	1480457	179820	760340	20301595	2215127	16	11302117	5297432	926494	308750	4672885	9028
2021-04-20	23072105	555383	493769	61614	16977795	1273135	4821159	17395281	5676840	0.209	0.068	7644926	5826686	1124640	1761928	4910112	4346229	944820	1001588	2734814	1480457	179820	760340	20662527	2409578	16	11627047	5350748	958101	315034	4810117	11042
2021-04-21	23785647	713542	641793	71749	17427326	1312608	5045697	18037074	5748589	0.217	0.069	7644926	5826686	1124640	1761928	4910112	4346229	944820	1001588	2734814	1480457	179820	760340	21036921	2748726	16	12014979	5412347	989886	322722	5032193	13504
2021-04-22	24419665	634018	567901	66117	17807412	1354115	5258122	18604975	5814706	0.224	0.070	7644926	5826686	1124640	1761928	4910112	4346229	944820	1001588	2734814	1480457	179820	760340	21403680	3015985	16	12339853	5467559	1024098	330017	5241008	17114
2021-04-23	24970633	550968	483424	67544	18157564	1396801	5416252	19088399	5882250	0.230	0.071	7644926	5826686	1124640	1761928	4910112	4346229	944820	1001588	2734814	1480457	179820	760340	21786453	3184180	16	12635983	5521581	1056856	339945	5395544	20708
2021-04-24	25339766	369133	309370	59763	18396277	1446393	5497080	19397769	5942013	0.233	0.071	7644926	5826686	1124640	1761928	4910112	4346229	944820	1001588	2734814	1480457	179820	760340	22138675	3201091	16	12832798	5563479	1091020	355373	5473935	23145
2021-04-25	25623005	283239	235491	47748	18583889	1480294	5558806	19633260	5989761	0.236	0.072	7644926	5826686	1124640	1761928	4910112	4346229	944820	1001588	2734814	1480457	179820	760340	22416100	3206905	16	12984302	5599587	1115172	365122	5533770	25036
2021-04-26	26050753	427748	354515	73233	18899244	1521295	5630136	19987837	6062994	0.240	0.073	7644926	5826686	1124640	1761928	4910112	4346229	944820	1001588	2734814	1480457	179820	760340	22757256	3293497	78	13238922	5660322	1147606	373689	5601231	28905
2021-04-27	26834730	783977	693549	90428	19575026	1572709	5686463	20681840	6153422	0.249	0.074	7644926	5826686	1124640	1761928	4910112	4346229	944820	1001588	2734814	1480457	179820	760340	23126353	3708377	532	13838395	5736631	1189867	382842	5653046	33417
2021-04-28	27954923	1120193	993385	126808	20582455	1631455	5739768	21675938	6280230	0.261	0.076	7644926	5826686	1124640	1761928	4910112	4346229	944820	1001588	2734814	1480457	179820	760340	23517463	4437460	1245	14737035	5845420	1236438	395017	5701220	38548
2021-04-29	28894799	939876	808235	131641	21403322	1693323	5796032	22485050	6411871	0.270	0.077	7644926	5826686	1124640	1761928	4910112	4346229	944820	1001588	2734814	1480457	179820	760340	23899271	4995528	2122	15446733	5956589	1286309	407014	5749886	46146
2021-04-30	29694333	799534	662188	137346	22079164	1749763	5862457	23148065	6549217	0.278	0.079	7644926	5826686	1124640	1761928	4910112	4346229	944820	1001588	2734814	1480457	179820	760340	24298959	5395374	2949	16010347	6068817	1327773	421990	5806996	55461
2021-05-01	30029520	335187	259041	76146	22331386	1790321	5902295	23409675	6625363	0.281	0.080	7644926	5826686	1124640	1761928	4910112	4346229	944820	1001588	2734814	1480457	179820	760340	24609496	5420024	5518	16201334	6130052	1362019	428302	5840804	61491
2021-05-02	30292607	263087	195315	67772	22526295	1827521	5931471	23606792	6693135	0.284	0.080	7644926	5826686	1124640	1761928	4910112	4346229	944820	1001588	2734814	1480457	179820	760340	24864928	5427679	7320	16340291	6186004	1393877	433644	5865304	66167
2021-05-03	30741730	449123	333518	115605	22842374	1896494	5994059	23941793	6808740	0.288	0.082	7644926	5826686	1124640	1761928	4910112	4346229	944820	1001588	2734814	1480457	179820	760340	25220191	5521539	8803	16565724	6276650	1450002	446492	5917264	76795
2021-05-04	31580794	839064	677845	161219	23466485	1958263	6144507	24622374	6969959	0.296	0.084	7644926	5826686	1124640	1761928	4910112	4346229	944820	1001588	2734814	1480457	179820	760340	25592003	5988791	11539	17058412	6408073	1498462	459801	6053961	90546
2021-05-05	32714524	1133730	907852	225878	24308845	2034449	6356046	25533871	7195837	0.307	0.087	7644926	5826686	1124640	1761928	4910112	4346229	944820	1001588	2734814	1480457	179820	760340	25999769	6714755	15184	17719834	6589011	1549984	484465	6248869	107177
2021-05-06	33691274	976750	760120	216630	24993433	2123719	6555989	26296940	7412467	0.316	0.089	7644926	5826686	1124640	1761928	4910112	4346229	944820	1001588	2734814	1480457	179820	760340	26401408	7289866	18133	18230440	6762993	1618471	505248	6429896	126093
2021-05-07	34563334	872060	644705	227355	25570911	2206645	6764960	26944330	7639822	0.324	0.092	7644926	5826686	1124640	1761928	4910112	4346229	944820	1001588	2734814	1480457	179820	760340	26829452	7733882	20818	18639300	6931611	1672083	534562	6612129	152831
2021-05-08	34983602	420268	268505	151763	25836548	2277469	6847900	27213702	7791585	0.327	0.094	7644926	5826686	1124640	1761928	4910112	4346229	944820	1001588	2734814	1480457	179820	760340	27189229	7794373	21685	18792864	7043684	1723102	554367	6676051	171849
2021-05-09	35266700	283098	181254	101844	26030329	2333248	6880375	27396019	7893429	0.329	0.095	7644926	5826686	1124640	1761928	4910112	4346229	944820	1001588	2734814	1480457	179820	760340	27461292	7805408	22748	18907189	7123140	1767946	565302	6698136	182239
2021-05-10	35846824	580124	390320	189804	26399739	2410888	7009859	27789929	8083233	0.334	0.097	7644926	5826686	1124640	1761928	4910112	4346229	944820	1001588	2734814	1480457	179820	760340	27852518	7994306	26338	19135378	7264361	1825393	585495	6802820	207039
2021-05-11	36920915	1074091	792558	281533	27218020	2488683	7184999	28585362	8364766	0.344	0.101	7644926	5826686	1124640	1761928	4910112	4346229	944820	1001588	2734814	1480457	179820	760340	28272914	8648001	29213	19725410	7492610	1880896	607787	6949843	235156
2021-05-12	38318260	1397345	1039894	357451	28302124	2573620	7408772	29629787	8722217	0.356	0.105	7644926	5826686	1124640	1761928	4910112	4346229	944820	1001588	2734814	1480457	179820	760340	28714276	9603984	33744	20517219	7784905	1937660	635960	7141164	267608
2021-05-13	38738052	419792	264433	155359	28610178	2639628	7452622	29896100	8877576	0.359	0.107	7644926	5826686	1124640	1761928	4910112	4346229	944820	1001588	2734814	1480457	179820	760340	29060589	9677463	35624	20701837	7908341	1988562	651066	7170077	282545
2021-05-14	39478278	740226	518562	221664	29144431	2702287	7589896	30420702	9099240	0.366	0.109	7644926	5826686	1124640	1761928	4910112	4346229	944820	1001588	2734814	1480457	179820	760340	29449478	10028800	41664	21061672	8082759	2036302	665985	7281064	308832
2021-05-15	39866608	388330	229335	158995	29415485	2760434	7645412	30653650	9258235	0.369	0.111	7644926	5826686	1124640	1761928	4910112	4346229	944820	1001588	2734814	1480457	179820	760340	29790142	10076466	45277	21215694	8199791	2078111	682323	7314568	330844
2021-05-16	40141267	274659	157754	116905	29609383	2812217	7669820	30815974	9375140	0.371	0.113	7644926	5826686	1124640	1761928	4910112	4346229	944820	1001588	2734814	1480457	179820	760340	30048796	10092471	49847	21320324	8289059	2120005	692212	7325798	344022
2021-05-17	40673871	532604	341985	190619	29936142	2892237	7788613	31164991	9565759	0.375	0.115	7644926	5826686	1124640	1761928	4910112	4346229	944820	1001588	2734814	1480457	179820	760340	30412082	10261789	56879	21509435	8426707	2177450	714787	7421227	367386
2021-05-18	41517849	843978	508111	335867	30511166	2986323	7957797	31678786	9901626	0.381	0.119	7644926	5826686	1124640	1761928	4910112	4346229	944820	1001588	2734814	1480457	179820	760340	30801056	10716793	62563	21803316	8707850	2246741	739582	7566166	391631
