date	dosen_kumulativ	dosen_differenz_zum_vortag	dosen_erst_differenz_zum_vortag	dosen_zweit_differenz_zum_vortag	dosen_biontech_kumulativ	dosen_moderna_kumulativ	dosen_astrazeneca_kumulativ	personen_erst_kumulativ	personen_voll_kumulativ	impf_quote_erst	impf_quote_voll	indikation_alter_dosen	indikation_beruf_dosen	indikation_medizinisch_dosen	indikation_pflegeheim_dosen	indikation_alter_erst	indikation_beruf_erst	indikation_medizinisch_erst	indikation_pflegeheim_erst	indikation_alter_voll	indikation_beruf_voll	indikation_medizinisch_voll	indikation_pflegeheim_voll	dosen_dim_kumulativ	dosen_kbv_kumulativ	dosen_johnson_kumulativ	dosen_biontech_erst_kumulativ	dosen_biontech_zweit_kumulativ	dosen_moderna_erst_kumulativ	dosen_moderna_zweit_kumulativ	dosen_astrazeneca_erst_kumulativ	dosen_astrazeneca_zweit_kumulativ	dosen_erst_kumulativ	dosen_zweit_kumulativ
2020-12-27	24090	24090	24077	13	24088	2	0	24077	13	0.000	0.000	10705	8657	1305	12604	10664	8590	1305	12536	41	67	0	68	24090	0	0	24075	13	2	0	0	0	24077	13
2020-12-28	42086	17996	17834	162	42084	2	0	41911	175	0.001	0.000	18621	15788	1991	21344	18580	15721	1991	21276	41	67	0	68	42086	0	0	41909	175	2	0	0	0	41911	175
2020-12-29	92103	50017	49283	734	92100	2	1	91194	909	0.001	0.000	34989	40734	3107	40508	34724	40420	3107	40099	265	314	0	409	92103	0	0	91191	909	2	0	1	0	91194	909
2020-12-30	155597	63494	63356	138	155594	2	1	154550	1047	0.002	0.000	55510	73365	4901	63206	55243	73050	4901	62794	267	315	0	412	155597	0	0	154547	1047	2	0	1	0	154550	1047
2020-12-31	205287	49690	49601	89	205284	2	1	204151	1136	0.002	0.000	72831	96719	6752	83965	72517	96367	6752	83476	314	352	0	489	205287	0	0	204148	1136	2	0	1	0	204151	1136
2021-01-01	230641	25354	25345	9	230630	7	4	229496	1145	0.003	0.000	81208	105449	7830	92301	80894	105097	7830	91812	314	352	0	489	230641	0	0	229486	1144	7	0	3	1	229496	1145
2021-01-02	278590	47949	47663	286	278579	7	4	277159	1431	0.003	0.000	102774	129731	10350	113258	102365	129304	10350	112629	409	427	0	629	278590	0	0	277149	1430	7	0	3	1	277159	1431
2021-01-03	301003	22413	22408	5	300991	8	4	299567	1436	0.004	0.000	113044	140227	11284	123279	112635	139800	11284	122650	409	427	0	629	301003	0	0	299556	1435	8	0	3	1	299567	1436
2021-01-04	346829	45826	45730	96	346816	9	4	345297	1532	0.004	0.000	129646	164913	13951	139091	129237	164486	13951	138462	409	427	0	629	346829	0	0	345285	1531	9	0	3	1	345297	1532
2021-01-05	398796	51967	51630	337	398782	10	4	396927	1869	0.005	0.000	147987	192565	16489	157656	147576	192117	16489	157025	411	448	0	631	398796	0	0	396914	1868	10	0	3	1	396927	1869
2021-01-06	461253	62457	62364	93	461230	16	7	459291	1962	0.006	0.000	169498	225530	19910	180812	169086	225082	19910	180181	412	448	0	631	461253	0	0	459270	1960	16	0	5	2	459291	1962
2021-01-07	515215	53962	53941	21	515187	19	9	513232	1983	0.006	0.000	189172	254868	22957	197233	188758	254418	22957	196600	414	450	0	633	515215	0	0	513206	1981	19	0	7	2	513232	1983
2021-01-08	576961	61746	61638	108	576881	70	10	574870	2091	0.007	0.000	211521	287315	26324	218219	211009	286711	26320	217449	512	604	4	770	576961	0	0	574792	2089	70	0	8	2	574870	2091
2021-01-09	636929	59968	59820	148	636845	73	11	634690	2239	0.008	0.000	237322	313238	29007	243325	236798	312599	29003	242545	524	639	4	780	636929	0	0	634609	2236	73	0	8	3	634690	2239
2021-01-10	672182	35253	35104	149	672090	81	11	669794	2388	0.008	0.000	252455	327794	30379	256315	251929	327151	30375	255535	526	643	4	780	672182	0	0	669706	2384	80	1	8	3	669794	2388
2021-01-11	739676	67494	67392	102	739569	94	13	737186	2490	0.009	0.000	277513	359176	33587	276774	276967	358513	33583	275968	546	663	4	806	739676	0	0	737089	2480	87	7	10	3	737186	2490
2021-01-12	818119	78443	78379	64	817996	109	14	815565	2554	0.010	0.000	305695	401338	36582	301731	305147	400670	36578	300888	548	668	4	843	818119	0	0	815453	2543	102	7	10	4	815565	2554
2021-01-13	929179	111060	110859	201	927888	1277	14	926424	2755	0.011	0.000	345167	458844	40485	337339	344574	458093	40466	336399	593	751	19	940	929179	0	0	925144	2744	1270	7	10	4	926424	2755
2021-01-14	1012609	83430	83208	222	1006169	6426	14	1009632	2977	0.012	0.000	374803	501101	42769	361463	374094	500254	42750	360452	709	847	19	1011	1012609	0	0	1003247	2922	6375	51	10	4	1009632	2977
2021-01-15	1103354	90745	89899	846	1091643	11692	19	1099531	3823	0.013	0.000	408725	545673	46728	389202	407810	544625	46700	387982	915	1048	28	1220	1103354	0	0	1087875	3768	11641	51	15	4	1099531	3823
2021-01-16	1160710	57356	56335	1021	1147319	13371	20	1155866	4844	0.014	0.000	432983	570627	48859	408798	431664	569232	48767	407047	1319	1395	92	1751	1160710	0	0	1142530	4789	13320	51	16	4	1155866	4844
2021-01-17	1208330	47620	29832	17788	1193676	14632	21	1185699	22632	0.014	0.000	453449	591002	50884	428544	444215	583354	50014	417145	9234	7648	870	11399	1208330	0	1	1171100	22576	14581	51	17	4	1185698	22632
2021-01-18	1290345	82015	66172	15843	1271547	18775	22	1251871	38475	0.015	0.000	482728	633883	53106	448900	467235	619730	51700	430238	15493	14153	1406	18662	1290345	0	1	1233130	38417	18722	53	18	4	1251870	38475
2021-01-19	1409146	118801	82359	36442	1386672	22442	31	1334230	74917	0.016	0.001	519765	695968	56714	479843	492669	666683	54375	447938	27096	29285	2339	31905	1409146	0	1	1311818	74854	22384	58	27	4	1334229	74917
2021-01-20	1541543	132397	77818	54579	1516324	25184	34	1412048	129496	0.017	0.002	568076	760039	60957	522078	522876	706310	57505	469463	45200	53729	3452	52615	1541543	0	1	1386891	129433	25126	58	30	4	1412047	129496
2021-01-21	1646526	104983	63672	41311	1618566	27924	35	1475720	170807	0.018	0.002	610150	808503	65406	556195	549621	735602	60889	487988	60529	72901	4517	68207	1646526	0	1	1447824	170742	27865	59	30	5	1475719	170807
2021-01-22	1748144	101618	68049	33569	1717990	30110	43	1543769	204376	0.019	0.002	654049	853889	69013	590642	579902	764987	63599	506975	74147	88902	5414	83667	1748144	0	1	1513684	204306	30046	64	38	5	1543768	204376
2021-01-23	1834813	86669	40468	46201	1804302	30464	46	1584237	250577	0.019	0.003	691767	890989	72414	617916	599855	780966	64783	516268	91912	110023	7631	101648	1834813	0	1	1553796	250506	30399	65	41	5	1584236	250577
2021-01-24	1882111	47298	25465	21833	1851398	30662	50	1609702	272410	0.019	0.003	715655	910067	73331	632982	614016	789814	65130	521524	101639	120253	8201	111458	1882111	0	1	1579059	272339	30597	65	45	5	1609701	272410
2021-01-25	1973151	91040	52277	38763	1941019	32078	53	1661979	311173	0.020	0.004	756375	951632	76827	658117	642321	811974	66847	534304	114054	139658	9980	123813	1973151	0	1	1629920	311099	32010	68	48	5	1661978	311173
2021-01-26	2070684	97533	50633	46900	2037111	33512	60	1712612	358073	0.021	0.004	796572	997196	80614	684405	667753	831436	68195	545278	128819	165760	12419	139127	2070684	0	1	1679117	357994	33439	73	55	5	1712611	358073
2021-01-27	2180034	109350	50821	58529	2144666	35298	68	1763434	416602	0.021	0.005	839834	1049509	85786	715259	691463	852265	70042	556304	148371	197244	15744	158955	2180034	0	2	1728156	416510	35213	85	63	5	1763432	416602
2021-01-28	2272481	92447	46574	45873	2235482	36926	71	1810008	462475	0.022	0.006	877990	1090332	89974	739697	713483	869115	71590	567469	164507	221217	18384	172228	2272481	0	2	1773187	462295	36753	173	66	5	1810006	462475
2021-01-29	2380242	107761	49987	57774	2341756	38406	78	1859995	520249	0.022	0.006	920894	1138243	95507	769100	735839	888487	73819	578309	185055	249756	21688	190791	2380242	0	2	1821688	520068	38232	174	73	5	1859993	520249
2021-01-30	2468245	88003	34361	53642	2428877	39286	80	1894356	573891	0.023	0.007	957412	1174692	99468	796433	752473	901967	75224	586328	204939	272725	24244	210105	2468245	0	2	1855170	573707	39110	176	74	6	1894354	573891
2021-01-31	2525109	56864	25752	31112	2485360	39662	85	1920108	605003	0.023	0.007	982865	1196922	101575	812430	766590	910861	76411	592657	216275	286061	25164	219773	2525109	0	2	1880550	604810	39478	184	78	7	1920106	605003
2021-02-01	2644632	119523	57963	61560	2602624	41870	136	1978071	666563	0.024	0.008	1026174	1260299	105285	839830	787193	944041	78273	602425	238981	316258	27012	237405	2644632	0	2	1936256	666368	41684	186	129	7	1978069	666563
2021-02-02	2776805	132173	64964	67209	2731722	44932	149	2043035	733772	0.025	0.009	1069633	1330364	110479	870030	806216	982089	80866	611659	263417	348275	29613	258371	2776805	0	2	1998146	733576	44745	187	142	7	2043033	733772
2021-02-03	2938736	161931	64084	97847	2887298	51260	175	2107120	831619	0.025	0.010	1128983	1407775	116405	912544	829819	1014401	83062	623312	299164	393374	33343	289232	2938736	0	3	2055882	831416	51067	193	168	7	2107117	831619
2021-02-04	3072615	133879	61730	72149	3015340	57092	180	2168850	903768	0.026	0.011	1177986	1472437	120972	943857	851937	1046473	85311	632945	326049	425964	35661	310912	3072615	0	3	2111778	903562	56896	196	173	7	2168847	903768
2021-02-05	3219432	146817	68904	77913	3155701	63540	188	2237754	981681	0.027	0.012	1232524	1542580	126293	977786	877231	1080338	86905	644262	355293	462242	39388	333524	3219432	0	3	2174361	981340	63210	330	180	8	2237751	981681
2021-02-06	3313204	93772	45428	48344	3246846	66166	189	2283182	1030025	0.027	0.012	1272514	1588658	130853	1003590	896490	1101898	88782	653957	376024	486760	42071	349633	3313204	0	3	2217162	1029684	65836	330	181	8	2283179	1030025
2021-02-07	3366514	53310	28263	25047	3297827	68492	191	2311446	1055072	0.028	0.013	1298155	1609930	133571	1016823	910800	1112720	90015	659435	387355	497210	43556	357388	3366514	0	4	2243098	1054729	68161	331	183	8	2311442	1055072
2021-02-08	3475438	108924	52871	56053	3402899	72315	219	2364318	1111125	0.028	0.013	1350672	1655734	137545	1035599	942269	1129343	91902	666781	408403	526391	45643	368818	3475438	0	5	2292120	1110779	71982	333	211	8	2364313	1111125
2021-02-09	3609449	134011	60195	73816	3533363	75749	332	2424513	1184941	0.029	0.014	1411842	1714380	141993	1058512	978151	1147503	94639	674792	433691	566877	47354	383720	3609449	0	5	2348958	1184405	75226	523	324	8	2424508	1184941
2021-02-10	3763863	154414	77284	77130	3675205	79984	8669	2501797	1262071	0.030	0.015	1478760	1781046	146001	1087933	1017461	1175177	96286	685176	461299	605869	49715	402757	3763863	0	5	2414663	1260542	78480	1504	8649	20	2501792	1262071
2021-02-11	3907614	143751	75240	68511	3795369	87251	24987	2577039	1330582	0.031	0.016	1539776	1848576	151475	1113070	1052428	1208053	98713	694775	487348	640523	52762	418295	3907614	0	7	2469364	1326005	82715	4536	24953	34	2577032	1330582
2021-02-12	4062721	155107	79526	75581	3926952	96548	39211	2656568	1406163	0.032	0.017	1611268	1919253	157751	1138545	1094198	1240389	101429	704318	517070	678864	56322	434227	4062721	0	10	2530418	1396534	87286	9262	38854	357	2656558	1406163
2021-02-13	4170101	107380	61923	45457	4017727	99805	52558	2718492	1451620	0.033	0.017	1667599	1960972	162355	1156080	1129093	1262877	103231	711418	538506	698095	59124	444662	4170101	0	11	2577289	1440438	88998	10807	52194	364	2718481	1451620
2021-02-14	4235305	65204	39493	25711	4073213	102279	59801	2757986	1477331	0.033	0.018	1706122	1983696	163973	1164146	1153761	1276081	104081	714928	552361	707615	59892	449218	4235305	0	12	2608290	1464923	90268	12011	59416	385	2757974	1477331
2021-02-15	4360626	125321	69539	55782	4177809	107546	75258	2827526	1533113	0.034	0.018	1773591	2031897	168008	1183418	1194859	1300739	106358	721524	578732	731158	61650	461894	4360626	0	13	2660118	1517691	92540	15006	74855	403	2827513	1533113
2021-02-16	4494792	134166	77763	56403	4286231	113698	94849	2905290	1589516	0.035	0.019	1839625	2089928	170683	1200400	1236633	1336138	107879	728440	602992	753790	62804	471960	4494792	0	14	2715577	1570654	95265	18433	94434	415	2905276	1589516
2021-02-17	4645551	150759	94456	56303	4408239	121696	115601	2999747	1645819	0.036	0.020	1920033	2147919	175770	1221928	1292995	1368705	110873	736858	627038	779214	64897	485070	4645551	0	15	2784481	1623758	100078	21618	115173	428	2999732	1645819
2021-02-18	4789813	144262	91267	52995	4520434	129919	139444	3091015	1698814	0.037	0.020	1995907	2206102	179208	1240945	1345328	1403985	112659	744258	650579	802117	66549	496687	4789813	0	16	2847227	1673207	104760	25159	139012	432	3090999	1698814
2021-02-19	4948182	158369	102788	55581	4641420	139880	166865	3193804	1754395	0.038	0.021	2076668	2266444	184080	1258305	1402958	1440066	115287	750941	673710	826378	68793	507364	4948182	0	17	2915749	1725671	111711	28169	166327	538	3193787	1754395
2021-02-20	5060253	112071	75803	36268	4727805	144344	188086	3269608	1790663	0.039	0.022	2138268	2310157	187738	1272296	1445964	1469322	117533	755178	692304	840835	70205	517118	5060253	0	18	2966309	1761496	115743	28601	187538	548	3269590	1790663
2021-02-21	5146051	85798	57419	28379	4794312	147985	203735	3327028	1819042	0.040	0.022	2187054	2340674	190304	1282667	1479917	1489494	118664	757407	707137	851180	71640	525260	5146051	0	19	3004603	1789709	119225	28760	203181	554	3327009	1819042
2021-02-22	5301360	155309	97583	57726	4917011	156978	227351	3424612	1876768	0.041	0.023	2266701	2410287	195201	1300517	1538362	1525084	121627	763642	728339	885203	73574	536875	5301360	0	20	3071357	1845654	126450	30528	226785	566	3424592	1876768
2021-02-23	5471013	169653	109182	60471	5050598	164187	256207	3533795	1937239	0.042	0.023	2346910	2483166	200501	1318387	1598211	1563793	124757	771284	748699	919373	75744	547103	5471013	0	21	3146144	1904454	132001	32186	255629	578	3533774	1937239
2021-02-24	5646683	175670	116521	59149	5182008	171797	292856	3650317	1996388	0.044	0.024	2431789	2557990	207079	1337422	1660503	1608669	128907	778912	771286	949321	78172	558510	5646683	0	22	3220109	1961899	137926	33871	292260	596	3650295	1996388
2021-02-25	5835400	188717	129765	58952	5313116	178556	343706	3780082	2055340	0.045	0.025	2514175	2648479	213515	1355541	1722988	1667176	133470	787131	791187	981303	80045	568410	5835400	0	22	3293807	2019309	143156	35400	343097	609	3780060	2055340
2021-02-26	6047849	212449	145560	66889	5453936	187389	406502	3925642	2122229	0.047	0.026	2602819	2749814	220591	1375230	1787946	1735795	138593	794627	814873	1014019	81998	580603	6047849	0	22	3369426	2084510	150373	37016	405821	681	3925620	2122229
2021-02-27	6195569	147720	107828	39892	5546591	191471	457485	4033470	2162121	0.048	0.026	2666475	2822116	227301	1388101	1833818	1790224	143432	799030	832657	1031892	83869	589071	6195569	0	22	3422929	2123662	153723	37748	456796	689	4033448	2162121
2021-02-28	6298403	102834	78769	24065	5607867	195426	495087	4112240	2186186	0.049	0.026	2714700	2875405	231582	1394762	1868893	1834535	146785	801170	845807	1040870	84797	593592	6298403	0	23	3460513	2147354	157325	38101	494379	708	4112217	2186186
2021-03-01	6496642	198239	148373	49866	5738151	205049	553419	4260613	2236052	0.051	0.027	2817221	2953369	239381	1408021	1943445	1896228	153263	806209	873776	1057141	86118	601812	6496642	0	23	3542968	2195183	164927	40122	552695	724	4260590	2236052
2021-03-02	6715454	218812	166706	52106	5878150	215043	622238	4427319	2288158	0.053	0.028	2927307	3047588	248982	1422628	2022735	1971725	160632	812692	904572	1075863	88350	609936	6715454	0	23	3633758	2244392	172047	42996	621491	747	4427296	2288158
2021-03-03	6961773	246319	175813	70506	6035173	229992	696585	4603132	2358664	0.055	0.028	3047976	3148969	260606	1439862	2105531	2048823	170041	819606	942445	1100146	90565	620256	6961773	0	23	3726204	2308969	181120	48872	695785	800	4603109	2358664
2021-03-04	7206446	244673	181841	62832	6176259	244459	785705	4784973	2421496	0.058	0.029	3159240	3258741	272992	1455625	2181653	2136963	180034	825002	977587	1121778	92958	630623	7206446	0	23	3809889	2366370	190194	54265	784867	838	4784950	2421496
2021-03-05	7482298	275852	207312	68540	6325760	257824	898690	4992286	2490036	0.060	0.030	3277185	3383782	287941	1471072	2258903	2242620	191990	830697	1018282	1141162	95951	640375	7482298	0	24	3896861	2428899	197599	60225	897802	888	4992262	2490036
2021-03-06	7683990	201692	153035	48657	6434990	266264	982712	5145321	2538693	0.062	0.031	3366696	3478463	298371	1480590	2314602	2325555	200824	833966	1052094	1152908	97547	646624	7683990	0	24	3959693	2475297	203801	62463	981803	909	5145297	2538693
2021-03-07	7831521	147531	114048	33483	6514729	272918	1043850	5259369	2572176	0.063	0.031	3437978	3544531	306478	1486155	2360956	2383880	208082	835928	1077022	1160651	98396	650227	7831521	0	24	4008305	2506424	208119	64799	1042921	929	5259345	2572176
2021-03-08	8068973	237452	185860	51592	6648635	283873	1136441	5445229	2623768	0.065	0.032	3556806	3640371	322827	1498475	2442587	2468035	222757	841890	1114219	1172336	100070	656585	8068973	0	24	4094023	2554612	215711	68162	1135471	970	5445205	2623768
2021-03-09	8321137	252164	197363	54801	6788691	296656	1235766	5642592	2678569	0.068	0.032	3677710	3742787	340236	1512022	2524321	2558568	238262	848791	1153389	1184219	101974	663231	8321137	0	24	4182815	2605876	225022	71634	1234731	1035	5642568	2678569
2021-03-10	8609468	288331	221289	67042	6947779	308834	1352830	5863882	2745611	0.071	0.033	3808598	3856306	360962	1530389	2606688	2661880	256906	860000	1201910	1194426	104056	670389	8608497	971	25	4278474	2669305	233641	75193	1351742	1088	5863857	2745611
2021-03-11	8893775	284307	223413	60894	7095414	322551	1475785	6087295	2806505	0.073	0.034	3937470	3976178	382106	1544008	2689957	2769533	276555	867677	1247513	1206645	105551	676331	8892149	1626	25	4369619	2725795	243011	79540	1474640	1145	6087270	2806505
2021-03-12	9220253	326478	255618	70860	7246997	339844	1633387	6342913	2877365	0.076	0.035	4071484	4127850	404783	1559463	2770420	2906954	297406	877132	1301064	1220896	107377	682331	9218417	1836	25	4455137	2791860	255711	84133	1632040	1347	6342888	2877365
2021-03-13	9460861	240608	190331	50277	7363009	349413	1748414	6533244	2927642	0.079	0.035	4181046	4240796	425293	1567511	2840453	3011727	316755	881879	1340593	1229069	108538	685632	9458869	1992	25	4522325	2840684	263939	85474	1746955	1459	6533219	2927642
2021-03-14	9630925	170064	134384	35680	7451071	354925	1824904	6667628	2963322	0.080	0.036	4266043	4307307	441408	1570975	2896461	3072888	331859	883676	1369582	1234419	109549	687299	9628923	2002	25	4575703	2875368	268476	86449	1823424	1480	6667603	2963322
2021-03-15	9878589	247664	188438	59226	7603834	367662	1907068	6856066	3022548	0.082	0.036	4400463	4391447	461474	1582289	2984151	3147219	350790	890548	1416312	1244228	110684	691741	9876304	2285	25	4671030	2932804	279514	88148	1905497	1571	6856041	3022548
2021-03-16	10057498	178909	110737	68172	7770478	378912	1908083	6966803	3090720	0.084	0.037	4527474	4426082	473886	1593025	3059300	3169255	361553	895647	1468174	1256827	112333	697378	10054666	2832	25	4771991	2998487	288279	90633	1906508	1575	6966778	3090720
2021-03-17	10262449	204951	124024	80927	7956695	396903	1908826	7090827	3171647	0.085	0.038	4672447	4463838	487350	1605072	3141952	3193652	373040	902175	1530495	1270186	114310	702897	10259000	3449	25	4882093	3074602	301463	95440	1907246	1580	7090802	3171647
2021-03-18	10455995	193546	117954	75592	8130920	415066	1909984	7208781	3247239	0.087	0.039	4812398	4498757	499905	1615322	3222615	3215628	383588	907340	1589783	1283129	116317	707982	10452123	3872	25	4985928	3144992	314425	100641	1908403	1581	7208756	3247239
2021-03-19	10701012	245017	160775	84242	8316584	435854	1948549	7369556	3331481	0.089	0.040	4961948	4563922	518114	1627194	3306761	3267408	399605	914537	1655187	1296514	118509	712657	10696609	4403	25	5094214	3222370	328406	107448	1946911	1638	7369531	3331481
2021-03-20	10921282	220270	167000	53270	8451980	451147	2018130	7536556	3384751	0.091	0.041	5078536	4641917	537715	1633319	3379545	3337212	417708	917920	1698991	1304705	120007	715399	10916555	4727	25	5180203	3271777	339866	111281	2016462	1668	7536531	3384751
2021-03-21	11085776	164494	126305	38189	8554153	460341	2071257	7662861	3422940	0.092	0.041	5171749	4694283	554274	1635819	3440184	3384099	433219	919244	1731565	1310184	121055	716575	11081049	4727	25	5247457	3306696	345816	114525	2069563	1694	7662836	3422940
2021-03-22	11355072	269296	192834	76462	8720646	484150	2150251	7855695	3499402	0.094	0.042	5329624	4766248	576579	1645397	3534739	3445389	453483	925279	1794885	1320859	123096	720118	11348817	6255	25	5344942	3375704	362225	121925	2148503	1748	7855670	3499402
2021-03-23	11656042	300970	216914	84056	8902327	503882	2249808	8072609	3583458	0.097	0.043	5490190	4854892	604288	1656865	3629814	3521119	478432	932910	1860376	1333773	125856	723955	11644799	11243	25	5447596	3454731	376984	126898	2248004	1804	8072584	3583458
2021-03-24	11995299	339257	249652	89605	9102658	536918	2355698	8322261	3673063	0.100	0.044	5664852	4952071	635971	1672375	3732242	3605792	507202	944863	1932610	1346279	128769	727512	11978264	17035	25	5563702	3538956	404714	132204	2353820	1878	8322236	3673063
2021-03-25	12328033	332734	251575	81159	9288218	564605	2475185	8573836	3754222	0.103	0.045	5830941	5060081	670798	1683452	3832663	3703768	539527	951994	1998278	1356313	131271	731458	12305053	22980	25	5673786	3614432	426830	137775	2473195	1990	8573811	3754222
2021-03-26	12702126	374093	285552	88541	9488041	601793	2612266	8859389	3842763	0.107	0.046	6003833	5184282	710463	1698535	3933360	3816071	576057	962322	2070473	1368211	134406	736213	12672832	29294	26	5791870	3696171	457315	144478	2610178	2088	8859363	3842763
2021-03-27	12983368	281242	218906	62336	9637605	629411	2716325	9078296	3905099	0.109	0.047	6147056	5279869	744190	1703356	4023632	3903670	607441	965464	2123424	1376199	136749	737892	12951724	31644	27	5882266	3755339	481823	147588	2714180	2145	9078269	3905099
2021-03-28	13179796	196428	143164	53264	9752973	647914	2778882	9221460	3958363	0.111	0.048	6253046	5333384	768116	1706823	4085867	3950861	629648	967502	2167179	1382523	138468	739321	13147961	31835	27	5947695	3805278	497052	150862	2776686	2196	9221433	3958363
2021-03-29	13485512	305716	217105	88611	9941718	672910	2870857	9438565	4046974	0.113	0.049	6418833	5404751	806706	1716518	4180272	4010842	665103	973637	2238561	1393909	141603	742881	13447729	37783	27	6054703	3887015	515239	157671	2868596	2261	9438538	4046974
2021-03-30	13814561	329049	236444	92605	10160418	697339	2956777	9675009	4139579	0.116	0.050	6591913	5474211	853024	1727240	4280843	4069380	706095	981320	2311070	1404831	146929	745920	13764642	49919	27	6187316	3973102	533210	164129	2954456	2321	9674982	4139579
2021-03-31	14150803	336242	234724	101518	10407919	733380	3009477	9909733	4241097	0.119	0.051	6774517	5538855	899988	1738789	4384637	4121392	747318	988525	2389880	1417463	152670	750264	14084569	66234	27	6341302	4066617	561284	172096	3007120	2357	9909706	4241097
2021-04-01	14477511	326708	235985	90723	10646847	765841	3064796	10145718	4331820	0.122	0.052	6936269	5606629	944397	1747554	4476928	4175958	787230	994147	2459341	1430671	157167	753407	14391198	86313	27	6497446	4149401	585848	179993	3062397	2399	10145691	4331820
2021-04-02	14703228	225717	157737	67980	10826375	780229	3096597	10303455	4399800	0.124	0.053	7067172	5654574	981393	1749910	4552089	4213818	820223	995356	2515083	1440756	161170	754554	14615391	87837	27	6613362	4213013	595895	184334	3094171	2426	10303428	4399800
2021-04-03	14935069	231841	167465	64376	11000521	796033	3138488	10470920	4464176	0.126	0.054	7198861	5698683	1018737	1753036	4633025	4248782	853330	997097	2565836	1449901	165407	755939	14845833	89236	27	6728019	4272502	606850	189183	3136024	2464	10470893	4464176
2021-04-04	15128013	192944	142575	50369	11132723	806095	3189168	10613495	4514545	0.128	0.054	7309766	5731715	1048001	1754173	4704262	4274251	879171	997551	2605504	1457464	168830	756622	15038641	89372	27	6813785	4318938	613022	193073	3186661	2507	10613468	4514545
2021-04-05	15375874	247861	177646	70215	11297716	823958	3254173	10791141	4584760	0.130	0.055	7456036	5770066	1081529	1756372	4794323	4302940	907924	998846	2661713	1467126	173605	757526	15285192	90682	27	6913374	4384342	626105	197853	3251635	2538	10791114	4584760
2021-04-06	15749669	373795	279090	94705	11552676	856184	3340780	11070233	4679465	0.133	0.056	7644926	5826686	1124640	1761928	4910112	4346229	944820	1001588	2734814	1480457	179820	760340	15622360	127309	29	7082392	4470284	649638	206546	3338174	2606	11070204	4679465
2021-04-07	16417764	668095	571726	96369	12094876	893228	3429631	11641959	4775834	0.140	0.057	7644926	5826686	1124640	1761928	4910112	4346229	944820	1001588	2734814	1480457	179820	760340	15984791	432973	29	7536910	4557966	678078	215150	3426942	2689	11641930	4775834
2021-04-08	17116629	698865	611158	87707	12666401	928860	3521339	12253117	4863541	0.147	0.058	7644926	5826686	1124640	1761928	4910112	4346229	944820	1001588	2734814	1480457	179820	760340	16358778	757851	29	8029782	4636619	704736	224124	3518570	2769	12253088	4863541
2021-04-09	17748579	631950	543026	88924	13156668	965451	3626431	12796143	4952465	0.154	0.060	7644926	5826686	1124640	1761928	4910112	4346229	944820	1001588	2734814	1480457	179820	760340	16751225	997354	29	8442642	4714026	729893	235558	3623579	2852	12796114	4952465
2021-04-10	18121165	372586	307529	65057	13405159	988670	3727307	13103672	5017522	0.158	0.060	7644926	5826686	1124640	1761928	4910112	4346229	944820	1001588	2734814	1480457	179820	760340	17090765	1030400	29	8633821	4771338	745430	243240	3724392	2915	13103643	5017522
2021-04-11	18385080	263915	213595	50320	13575527	1007336	3802188	13317267	5067842	0.160	0.061	7644926	5826686	1124640	1761928	4910112	4346229	944820	1001588	2734814	1480457	179820	760340	17349601	1035479	29	8757892	4817635	760149	247187	3799197	2991	13317238	5067842
2021-04-12	18803791	418711	342335	76376	13854395	1036572	3912794	13659603	5144218	0.164	0.062	7644926	5826686	1124640	1761928	4910112	4346229	944820	1001588	2734814	1480457	179820	760340	17719805	1083986	30	8968910	4885485	780913	255659	3909750	3044	13659573	5144218
2021-04-13	19380712	576921	503224	73697	14286695	1063811	4030176	14162827	5217915	0.170	0.063	7644926	5826686	1124640	1761928	4910112	4346229	944820	1001588	2734814	1480457	179820	760340	18100596	1280116	30	9333148	4953547	802711	261100	4026938	3238	14162797	5217915
2021-04-14	20155752	775040	691827	83213	14903201	1097364	4155157	14854654	5301128	0.179	0.064	7644926	5826686	1124640	1761928	4910112	4346229	944820	1001588	2734814	1480457	179820	760340	18501839	1653913	30	9875504	5027697	827759	269605	4151361	3796	14854624	5301128
2021-04-15	20836056	680304	609998	70306	15437264	1133565	4265196	15464653	5371434	0.186	0.065	7644926	5826686	1124640	1761928	4910112	4346229	944820	1001588	2734814	1480457	179820	760340	18886514	1949542	31	10348820	5088444	855348	278217	4260454	4742	15464622	5371434
2021-04-16	21432672	596616	522422	74194	15875393	1166175	4391073	15987075	5445628	0.192	0.065	7644926	5826686	1124640	1761928	4910112	4346229	944820	1001588	2734814	1480457	179820	760340	19288291	2144381	31	10721991	5153402	879527	286648	4385526	5547	15987044	5445628
2021-04-17	21798687	366015	309399	56616	16100278	1188860	4509518	16296474	5502244	0.196	0.066	7644926	5826686	1124640	1761928	4910112	4346229	944820	1001588	2734814	1480457	179820	760340	19632502	2166185	31	10898879	5201399	895075	293785	4502489	7029	16296443	5502244
2021-04-18	22068166	269479	230472	39007	16272322	1204249	4591564	16526946	5541251	0.199	0.067	7644926	5826686	1124640	1761928	4910112	4346229	944820	1001588	2734814	1480457	179820	760340	19897370	2170796	31	11036982	5235340	906565	297684	4583368	8196	16526915	5541251
2021-04-19	22470534	402368	340952	61416	16566170	1237180	4667152	16867899	5602667	0.203	0.067	7644926	5826686	1124640	1761928	4910112	4346229	944820	1001588	2734814	1480457	179820	760340	20255407	2215127	32	11278655	5287515	931573	305607	4657639	9513	16867867	5602667
2021-04-20	23031413	560879	498106	62773	16948146	1276425	4806809	17366006	5665440	0.209	0.068	7644926	5826686	1124640	1761928	4910112	4346229	944820	1001588	2734814	1480457	179820	760340	20621835	2409578	33	11606607	5341539	964150	312275	4795216	11593	17365973	5665440
2021-04-21	23752434	721021	647883	73138	17402420	1318138	5031843	18013889	5738578	0.217	0.069	7644926	5826686	1124640	1761928	4910112	4346229	944820	1001588	2734814	1480457	179820	760340	21003708	2748726	33	11998325	5404095	997730	320408	5017801	14042	18013856	5738578
2021-04-22	24391021	638587	571392	67195	17784185	1361813	5244990	18585281	5805773	0.223	0.070	7644926	5826686	1124640	1761928	4910112	4346229	944820	1001588	2734814	1480457	179820	760340	21375036	3015985	33	12324198	5459987	1033725	328088	5227325	17665	18585248	5805773
2021-04-23	24947307	556286	487352	68934	18137483	1405404	5404387	19072633	5874707	0.229	0.071	7644926	5826686	1124640	1761928	4910112	4346229	944820	1001588	2734814	1480457	179820	760340	21763127	3184180	33	12622638	5514845	1066792	338612	5383170	21217	19072600	5874707
2021-04-24	25312897	365590	306641	58949	18372466	1454741	5485657	19379274	5933656	0.233	0.071	7644926	5826686	1124640	1761928	4910112	4346229	944820	1001588	2734814	1480457	179820	760340	22111806	3201091	33	12816399	5556067	1100757	353984	5462085	23572	19379241	5933656
2021-04-25	25595823	282926	233878	49048	18560248	1488418	5547124	19613152	5982704	0.236	0.072	7644926	5826686	1124640	1761928	4910112	4346229	944820	1001588	2734814	1480457	179820	760340	22388918	3206905	33	12966782	5593466	1124569	363849	5521768	25356	19613119	5982704
2021-04-26	26028880	433057	359071	73986	18878158	1530916	5619703	19972293	6056690	0.240	0.073	7644926	5826686	1124640	1761928	4910112	4346229	944820	1001588	2734814	1480457	179820	760340	22735383	3293497	103	13223171	5654987	1158667	372249	5590352	29351	19972190	6056690
2021-04-27	26814335	785455	693432	92023	19554873	1582422	5676384	20666278	6148713	0.248	0.074	7644926	5826686	1124640	1761928	4910112	4346229	944820	1001588	2734814	1480457	179820	760340	23105958	3708377	656	13822029	5732844	1201039	381383	5642554	33830	20665622	6148713
2021-04-28	27937587	1123252	996160	127092	20563110	1643153	5729836	21663270	6275805	0.260	0.075	7644926	5826686	1124640	1761928	4910112	4346229	944820	1001588	2734814	1480457	179820	760340	23500127	4437460	1488	14721669	5841441	1249228	393925	5690885	38951	21661782	6275805
2021-04-29	28884034	946447	812924	133523	21387527	1707096	5787014	22477103	6409328	0.270	0.077	7644926	5826686	1124640	1761928	4910112	4346229	944820	1001588	2734814	1480457	179820	760340	23888506	4995528	2397	15433771	5953756	1300771	406325	5740164	46850	22474706	6409328
2021-04-30	29687849	803815	666698	137117	22065955	1764405	5854217	23144676	6546445	0.278	0.079	7644926	5826686	1124640	1761928	4910112	4346229	944820	1001588	2734814	1480457	179820	760340	24292475	5395374	3272	16000608	6065347	1342817	421588	5797979	56238	23141404	6546445
2021-05-01	30024129	336280	260032	76248	22318789	1805893	5893601	23407282	6622693	0.281	0.080	7644926	5826686	1124640	1761928	4910112	4346229	944820	1001588	2734814	1480457	179820	760340	24604105	5420024	5846	16192189	6126600	1377900	427993	5831347	62254	23401436	6622693
2021-05-02	30289118	264989	197608	67381	22514367	1843403	5923695	23606697	6690074	0.284	0.080	7644926	5826686	1124640	1761928	4910112	4346229	944820	1001588	2734814	1480457	179820	760340	24861439	5427679	7653	16332023	6182344	1410158	433245	5856863	66832	23599044	6690074
2021-05-03	30740840	451722	335342	116380	22832270	1913999	5985332	23943625	6806454	0.288	0.082	7644926	5826686	1124640	1761928	4910112	4346229	944820	1001588	2734814	1480457	179820	760340	25219301	5521539	9239	16558942	6273328	1467546	446453	5907898	77434	23934386	6806454
2021-05-04	31583874	843034	681290	161744	23458595	1977509	6135569	24627877	6968198	0.296	0.084	7644926	5826686	1124640	1761928	4910112	4346229	944820	1001588	2734814	1480457	179820	760340	25595083	5988791	12201	17053433	6405162	1517812	459697	6044431	91138	24615676	6968198
2021-05-05	32731094	1147220	914914	232306	24309895	2056472	6348055	25547262	7200504	0.307	0.087	7644926	5826686	1124640	1761928	4910112	4346229	944820	1001588	2734814	1480457	179820	760340	26016339	6714755	16672	17719305	6590590	1571270	485202	6240015	108040	25530590	7200504
2021-05-06	33721836	990742	767295	223447	25002652	2148575	6549578	26318916	7423951	0.316	0.089	7644926	5826686	1124640	1761928	4910112	4346229	944820	1001588	2734814	1480457	179820	760340	26431970	7289866	21031	18234832	6767820	1640971	507604	6422082	127496	26297885	7423951
2021-05-07	34612396	890560	652131	238429	25589879	2235266	6762016	26975251	7662380	0.324	0.092	7644926	5826686	1124640	1761928	4910112	4346229	944820	1001588	2734814	1480457	179820	760340	26878514	7733882	25235	18648054	6941825	1696701	538565	6605261	156755	26950016	7662380
2021-05-08	35038180	425784	271706	154078	25857552	2307045	6846631	27248674	7816458	0.328	0.094	7644926	5826686	1124640	1761928	4910112	4346229	944820	1001588	2734814	1480457	179820	760340	27243807	7794373	26952	18802819	7054733	1748647	558398	6670256	176375	27221722	7816458
2021-05-09	35324360	286180	183620	102560	26051445	2363601	6881295	27433361	7919018	0.330	0.095	7644926	5826686	1124640	1761928	4910112	4346229	944820	1001588	2734814	1480457	179820	760340	27518952	7805408	28019	18917439	7134006	1794405	569196	6693498	187797	27405342	7919018
2021-05-10	35913717	589357	395818	193539	26424619	2445389	7011961	27832908	8112557	0.335	0.098	7644926	5826686	1124640	1761928	4910112	4346229	944820	1001588	2734814	1480457	179820	760340	27919411	7994306	31748	19148825	7275794	1854020	591369	6798315	213646	27801160	8112557
2021-05-11	36999591	1085874	798011	287863	27250557	2525294	7188351	28634560	8400420	0.344	0.101	7644926	5826686	1124640	1761928	4910112	4346229	944820	1001588	2734814	1480457	179820	760340	28351590	8648001	35389	19741858	7508699	1911756	613538	6945557	242794	28599171	8400420
2021-05-12	38415578	1415987	1049269	366718	28343860	2616962	7413615	29689581	8767138	0.357	0.105	7644926	5826686	1124640	1761928	4910112	4346229	944820	1001588	2734814	1480457	179820	760340	28811594	9603984	41141	20538707	7805153	1972873	644089	7136860	276755	29648440	8767138
2021-05-13	38844848	429270	268418	160852	28659204	2683735	7458121	29960646	8927990	0.360	0.107	7644926	5826686	1124640	1761928	4910112	4346229	944820	1001588	2734814	1480457	179820	760340	29167385	9677463	43788	20726274	7932930	2024434	659301	7166150	291971	29916858	8927990
2021-05-14	39601383	756535	526003	230532	29204448	2748657	7596697	30494442	9158522	0.367	0.110	7644926	5826686	1124640	1761928	4910112	4346229	944820	1001588	2734814	1480457	179820	760340	29572583	10028800	51581	21090923	8113525	2074167	674490	7277771	318926	30442861	9158522
2021-05-15	40001465	400082	234556	165526	29483504	2808955	7653145	30733278	9324048	0.370	0.112	7644926	5826686	1124640	1761928	4910112	4346229	944820	1001588	2734814	1480457	179820	760340	29924999	10076466	55861	21247611	8235893	2118116	690839	7311690	341455	30677417	9324048
2021-05-16	40284036	282571	160603	121968	29683687	2861695	7678069	30898605	9446016	0.372	0.114	7644926	5826686	1124640	1761928	4910112	4346229	944820	1001588	2734814	1480457	179820	760340	30191565	10092471	60585	21354048	8329639	2160971	700724	7323001	355068	30838020	9446016
2021-05-17	40839363	555327	349302	206025	30022067	2947382	7799572	31257664	9652041	0.376	0.116	7644926	5826686	1124640	1761928	4910112	4346229	944820	1001588	2734814	1480457	179820	760340	30577574	10261789	70342	21546934	8475133	2222241	725141	7418147	381425	31187322	9652041
2021-05-18	41711407	872044	517375	354669	30611721	3048476	7973096	31782811	10006710	0.382	0.120	7644926	5826686	1124640	1761928	4910112	4346229	944820	1001588	2734814	1480457	179820	760340	30994614	10716793	78114	21846327	8765394	2294747	753729	7563623	409473	31704697	10006710
2021-05-19	42809191	1097784	563639	534145	31415904	3148569	8154447	32358607	10540855	0.389	0.127	7644926	5826686	1124640	1761928	4910112	4346229	944820	1001588	2734814	1480457	179820	760340	31412620	11396571	90271	22190334	9225570	2360989	787580	7717013	437434	32268336	10540855
2021-05-20	43756814	947623	455583	492040	32099600	3245039	8311065	32825029	11032895	0.395	0.133	7644926	5826686	1124640	1761928	4910112	4346229	944820	1001588	2734814	1480457	179820	760340	31829300	11927514	101110	22451262	9648338	2426501	818538	7846156	464909	32723919	11032895
2021-05-21	44607981	851167	406007	445160	32695797	3330738	8468456	33242916	11478055	0.400	0.138	7644926	5826686	1124640	1761928	4910112	4346229	944820	1001588	2734814	1480457	179820	760340	32257747	12350234	112990	22673783	10022014	2482880	847858	7973263	495193	33129926	11478055
2021-05-22	45081868	473887	214917	258970	33002004	3400243	8552352	33472112	11737025	0.402	0.141	7644926	5826686	1124640	1761928	4910112	4346229	944820	1001588	2734814	1480457	179820	760340	32602704	12479164	127269	22772273	10229731	2531189	869054	8041381	510971	33344843	11737025
2021-05-23	45366935	285067	124720	160347	33194917	3459629	8576256	33605696	11897372	0.404	0.143	7644926	5826686	1124640	1761928	4910112	4346229	944820	1001588	2734814	1480457	179820	760340	32869650	12497285	136133	22837898	10357019	2575486	884143	8056179	520077	33469563	11897372
2021-05-24	45692908	325973	141123	184850	33430635	3521178	8596922	33754859	12082222	0.406	0.145	7644926	5826686	1124640	1761928	4910112	4346229	944820	1001588	2734814	1480457	179820	760340	33180098	12512810	144173	22920495	10510140	2622039	899139	8068152	528770	33610686	12082222
2021-05-25	46348395	655487	272108	383379	33877269	3600858	8700983	34052079	12465601	0.409	0.150	7644926	5826686	1124640	1761928	4910112	4346229	944820	1001588	2734814	1480457	179820	760340	33576642	12771753	169285	23062200	10815069	2673485	927373	8147109	553874	33882794	12465601
2021-05-26	47528359	1179964	469546	710418	34762429	3683270	8835101	34599899	13176019	0.416	0.158	7644926	5826686	1124640	1761928	4910112	4346229	944820	1001588	2734814	1480457	179820	760340	33993191	13535168	247559	23377035	11385394	2726075	957195	8249230	585871	34352340	13176019
2021-05-27	48569148	1040789	404142	636647	35501533	3772203	8966730	35085164	13812666	0.422	0.166	7644926	5826686	1124640	1761928	4910112	4346229	944820	1001588	2734814	1480457	179820	760340	34412143	14157005	328682	23634870	11866663	2777696	994507	8343916	622814	34756482	13812666
2021-05-28	49472936	903788	356292	547496	36104882	3858373	9097242	35525213	14360162	0.427	0.173	7644926	5826686	1124640	1761928	4910112	4346229	944820	1001588	2734814	1480457	179820	760340	34847970	14624966	412439	23851650	12253232	2828214	1030159	8432910	664332	35112774	14360162
2021-05-29	49883106	410170	151689	258481	36366702	3920972	9155201	35704694	14618643	0.429	0.176	7644926	5826686	1124640	1761928	4910112	4346229	944820	1001588	2734814	1480457	179820	760340	35183731	14699375	440231	23931466	12435236	2865068	1055904	8467929	687272	35264463	14618643
2021-05-30	50166646	283540	97711	185829	36563844	3967986	9183551	35813439	14804472	0.431	0.178	7644926	5826686	1124640	1761928	4910112	4346229	944820	1001588	2734814	1480457	179820	760340	35445453	14721193	451265	23990669	12573175	2892416	1075570	8479089	704462	35362174	14804472
2021-05-31	50713298	546652	178286	368366	36930985	4035417	9253155	36034201	15172838	0.433	0.182	7644926	5826686	1124640	1761928	4910112	4346229	944820	1001588	2734814	1480457	179820	760340	35834336	14878962	493741	24102365	12828620	2920083	1115334	8518012	735143	35540460	15172838
2021-06-01	51701532	988234	399933	588301	37664368	4115217	9343659	36518681	15761139	0.439	0.190	7644926	5826686	1124640	1761928	4910112	4346229	944820	1001588	2734814	1480457	179820	760340	36232097	15469435	578288	24418440	13245928	2949830	1165387	8572123	771536	35940393	15761139
2021-06-02	52950146	1248614	516773	731841	38653339	4187790	9425880	37140303	16492980	0.447	0.198	7644926	5826686	1124640	1761928	4910112	4346229	944820	1001588	2734814	1480457	179820	760340	36640433	16309713	683137	24867795	13785544	2974289	1213501	8615082	810798	36457166	16492980
2021-06-03	53592813	642667	230365	412302	39128274	4252101	9476099	37423870	16905282	0.450	0.203	7644926	5826686	1124640	1761928	4910112	4346229	944820	1001588	2734814	1480457	179820	760340	37003687	16589126	736339	25047598	14080676	3003993	1248108	8635940	840159	36687531	16905282
2021-06-04	54403804	810991	291188	519803	39713950	4323337	9552962	37792274	17425085	0.454	0.210	7644926	5826686	1124640	1761928	4910112	4346229	944820	1001588	2734814	1480457	179820	760340	37412190	16991614	813555	25275626	14438324	3032683	1290654	8670410	882552	36978719	17425085
2021-06-05	54816661	412857	96282	316575	39985059	4390300	9597133	37919170	17741660	0.456	0.213	7644926	5826686	1124640	1761928	4910112	4346229	944820	1001588	2734814	1480457	179820	760340	37761503	17055158	844169	25334719	14650340	3058973	1331327	8681309	915824	37075001	17741660
2021-06-06	55108865	292204	59399	232805	40190787	4431298	9624371	37996809	17974465	0.457	0.216	7644926	5826686	1124640	1761928	4910112	4346229	944820	1001588	2734814	1480457	179820	760340	38023998	17084867	862409	25378626	14812161	3070943	1360355	8684831	939540	37134400	17974465
2021-06-07	55723053	614188	193051	421137	40592924	4516366	9696876	38244338	18395602	0.460	0.221	7644926	5826686	1124640	1761928	4910112	4346229	944820	1001588	2734814	1480457	179820	760340	38398902	17323248	916887	25512985	15079939	3098502	1417864	8715964	980912	37327451	18395602
2021-06-08	56775929	1052876	340877	711999	41439128	4591743	9759823	38653563	19107601	0.465	0.230	7644926	5826686	1124640	1761928	4910112	4346229	944820	1001588	2734814	1480457	179820	760340	38803957	17968865	985235	25795339	15643789	3124733	1467010	8748256	1011567	37668328	19107601
2021-06-09	58197821	1421892	447210	974682	42614003	4678984	9823822	39196550	20082283	0.471	0.241	7644926	5826686	1124640	1761928	4910112	4346229	944820	1001588	2734814	1480457	179820	760340	39235120	18956810	1081012	26181751	16432252	3153126	1525858	8780661	1043161	38115538	20082283
2021-06-10	59388058	1190237	403595	786642	43570213	4768794	9879595	39688589	20868925	0.477	0.251	7644926	5826686	1124640	1761928	4910112	4346229	944820	1001588	2734814	1480457	179820	760340	39673816	19705530	1169456	26526429	17043784	3185146	1583648	8807558	1072037	38519133	20868925
2021-06-11	60449679	1061621	363310	698311	44377029	4857817	9948602	40148674	21567236	0.483	0.259	7644926	5826686	1124640	1761928	4910112	4346229	944820	1001588	2734814	1480457	179820	760340	40119661	20318630	1266231	26832033	17544996	3213355	1644462	8837055	1111547	38882443	21567236
2021-06-12	60884659	434980	123485	311495	44661546	4929683	9991958	40307400	21878731	0.485	0.263	7644926	5826686	1124640	1761928	4910112	4346229	944820	1001588	2734814	1480457	179820	760340	40451544	20420893	1301472	26923752	17737794	3232065	1697618	8850111	1141847	39005928	21878731
2021-06-13	61167635	282976	64705	218271	44841428	4993193	10017755	40385892	22097002	0.486	0.266	7644926	5826686	1124640	1761928	4910112	4346229	944820	1001588	2734814	1480457	179820	760340	40698860	20456247	1315259	26967910	17873518	3247991	1745202	8854732	1163023	39070633	22097002
2021-06-14	61822004	654369	213424	440945	45271939	5094397	10085172	40654553	22537947	0.489	0.271	7644926	5826686	1124640	1761928	4910112	4346229	944820	1001588	2734814	1480457	179820	760340	41110718	20696780	1370496	27140124	18131815	3271606	1822791	8872327	1212845	39284057	22537947
2021-06-15	62867549	1045545	345781	699764	46069265	5198960	10169744	41059418	23237711	0.494	0.279	7644926	5826686	1124640	1761928	4910112	4346229	944820	1001588	2734814	1480457	179820	760340	41566084	21283470	1429580	27437738	18631527	3300135	1898825	8891965	1277779	39629838	23237711
2021-06-16	64247448	1379899	464161	915738	47169849	5305414	10266320	41599864	24153449	0.500	0.290	7644926	5826686	1124640	1761928	4910112	4346229	944820	1001588	2734814	1480457	179820	760340	42043410	22182018	1505865	27843962	19325887	3332531	1972883	8917506	1348814	40093999	24153449
2021-06-17	65393277	1145829	397702	748127	48051698	5408946	10358510	42065824	24901576	0.506	0.299	7644926	5826686	1124640	1761928	4910112	4346229	944820	1001588	2734814	1480457	179820	760340	42515669	22852215	1574123	28189657	19862041	3362247	2046699	8939797	1418713	40491701	24901576
2021-06-18	66383209	989932	343045	646887	48782197	5503276	10454785	42477697	25548463	0.511	0.307	7644926	5826686	1124640	1761928	4910112	4346229	944820	1001588	2734814	1480457	179820	760340	42972614	23382503	1642951	28479421	20302776	3393506	2109770	8961819	1492966	40834746	25548463
2021-06-19	66810062	426853	119548	307305	49054980	5585350	10505639	42618387	25855768	0.512	0.311	7644926	5826686	1124640	1761928	4910112	4346229	944820	1001588	2734814	1480457	179820	760340	43313726	23466988	1664093	28571456	20483524	3414480	2170870	8968358	1537281	40954294	25855768
2021-06-20	67105094	295032	67838	227194	49233762	5656946	10537481	42699037	26082962	0.513	0.314	7644926	5826686	1124640	1761928	4910112	4346229	944820	1001588	2734814	1480457	179820	760340	43578853	23496614	1676905	28620647	20613115	3430511	2226435	8970974	1566507	41022132	26082962
2021-06-21	67734859	629765	208560	421205	49644134	5754561	10622912	42943944	26504167	0.516	0.319	7644926	5826686	1124640	1761928	4910112	4346229	944820	1001588	2734814	1480457	179820	760340	43977068	23726147	1713252	28790179	20853955	3455556	2299005	8984957	1637955	41230692	26504167
2021-06-22	68808922	1074063	373039	701024	50485640	5850528	10725452	43351033	27205191	0.521	0.327	7644926	5826686	1124640	1761928	4910112	4346229	944820	1001588	2734814	1480457	179820	760340	44418427	24354112	1747302	29116349	21369291	3486204	2364324	9001178	1724274	41603731	27205191
2021-06-23	70140609	1331687	485675	846012	51571373	5946561	10840945	43871136	28051203	0.528	0.337	7644926	5826686	1124640	1761928	4910112	4346229	944820	1001588	2734814	1480457	179820	760340	44861177	25237778	1781730	29551294	22020079	3516293	2430268	9021819	1819126	42089406	28051203
2021-06-24	71173666	1033057	487146	545911	52366190	6033905	10951653	44398470	28597114	0.534	0.344	7644926	5826686	1124640	1761928	4910112	4346229	944820	1001588	2734814	1480457	179820	760340	45296785	25830883	1821918	29981803	22384387	3551691	2482214	9043058	1908595	42576552	28597114
2021-06-25	72091744	918078	378272	539806	53057783	6110484	11061544	44816757	29136920	0.539	0.350	7644926	5826686	1124640	1761928	4910112	4346229	944820	1001588	2734814	1480457	179820	760340	45728118	26314646	1861933	30313395	22744388	3578515	2531969	9062914	1998630	42954824	29136920
2021-06-26	72501056	409312	136340	272972	53312332	6179560	11134020	44966308	29409892	0.541	0.354	7644926	5826686	1124640	1761928	4910112	4346229	944820	1001588	2734814	1480457	179820	760340	46073079	26378225	1875144	30417889	22894443	3604125	2575435	9069150	2064870	43091164	29409892
2021-06-27	72792942	291886	89953	201933	53485222	6237677	11190778	45060382	29611825	0.542	0.356	7644926	5826686	1124640	1761928	4910112	4346229	944820	1001588	2734814	1480457	179820	760340	46338892	26403445	1879265	30485125	23000097	3623443	2614234	9072549	2118229	43181117	29611825
2021-06-28	73420827	627885	243134	384751	53885147	6327530	11304527	45327874	29996576	0.545	0.361	7644926	5826686	1124640	1761928	4910112	4346229	944820	1001588	2734814	1480457	179820	760340	46750283	26617843	1903623	30682103	23203044	3655851	2671679	9086297	2218230	43424251	29996576
2021-06-29	74351585	930758	387667	543091	54568176	6420165	11437220	45737942	30539667	0.550	0.367	7644926	5826686	1124640	1761928	4910112	4346229	944820	1001588	2734814	1480457	179820	760340	47180399	27113831	1926024	31025022	23543154	3688872	2731293	9098024	2339196	43811918	30539667
2021-06-30	75371170	1019585	449211	570374	55334827	6513914	11573793	46209765	31110041	0.556	0.374	7644926	5826686	1124640	1761928	4910112	4346229	944820	1001588	2734814	1480457	179820	760340	47610624	27697962	1948636	31424998	23909829	3723618	2790296	9112513	2461280	44261129	31110041
2021-07-01	76351350	980180	451138	529042	56076562	6597059	11706598	46683398	31639083	0.561	0.380	7644926	5826686	1124640	1761928	4910112	4346229	944820	1001588	2734814	1480457	179820	760340	48016235	28268207	1971131	31832094	24244468	3754133	2842926	9126040	2580558	44712267	31639083
2021-07-02	77195528	844178	378432	465746	56725145	6691410	11785731	47083941	32104829	0.566	0.386	7644926	5826686	1124640	1761928	4910112	4346229	944820	1001588	2734814	1480457	179820	760340	48415276	28709971	1993242	32169604	24555541	3785847	2905563	9135248	2650483	45090699	32104829
2021-07-03	77572117	376589	148487	228102	56980115	6770689	11812865	47247634	32332931	0.568	0.389	7644926	5826686	1124640	1761928	4910112	4346229	944820	1001588	2734814	1480457	179820	760340	48724868	28776252	2008448	32290701	24689414	3810444	2960245	9138041	2674824	45239186	32332931
2021-07-04	77845174	273057	92827	180230	57161588	6838827	11827393	47349379	32513161	0.569	0.391	7644926	5826686	1124640	1761928	4910112	4346229	944820	1001588	2734814	1480457	179820	760340	48970406	28803194	2017366	32363631	24797957	3828888	3009939	9139494	2687899	45332013	32513161
2021-07-05	78379759	534585	195413	339172	57547471	6933133	11866937	47559644	32852333	0.572	0.395	7644926	5826686	1124640	1761928	4910112	4346229	944820	1001588	2734814	1480457	179820	760340	49312936	28993153	2032218	32528685	25018786	3854896	3078237	9143845	2723092	45527426	32852333
2021-07-06	79155029	775270	269286	505984	58163015	7031961	11912176	47844589	33358317	0.575	0.401	7644926	5826686	1124640	1761928	4910112	4346229	944820	1001588	2734814	1480457	179820	760340	49654534	29423099	2047877	32768146	25394869	3880168	3151793	9148398	2763778	45796712	33358317
2021-07-07	80147659	992630	322871	669759	58990021	7127311	11963478	48186432	34028076	0.579	0.409	7644926	5826686	1124640	1761928	4910112	4346229	944820	1001588	2734814	1480457	179820	760340	50008935	30056482	2066849	33061006	25929015	3904774	3222537	9153803	2809675	46119583	34028076
2021-07-08	80992267	844608	262369	582239	59671765	7228146	12006108	48468200	34610315	0.583	0.416	7644926	5826686	1124640	1761928	4910112	4346229	944820	1001588	2734814	1480457	179820	760340	50354341	30551427	2086248	33296623	26375142	3927240	3300906	9158089	2848019	46381952	34610315
2021-07-09	81747645	755378	219123	536255	60264871	7326654	12049309	48707886	35146570	0.586	0.423	7644926	5826686	1124640	1761928	4910112	4346229	944820	1001588	2734814	1480457	179820	760340	50700679	30956968	2106811	33493419	26771452	3945126	3381528	9162530	2886779	46601075	35146570
2021-07-10	82090728	343083	95625	247458	60492917	7410840	12070414	48813257	35394028	0.587	0.426	7644926	5826686	1124640	1761928	4910112	4346229	944820	1001588	2734814	1480457	179820	760340	50974853	31025280	2116557	33569451	26923466	3963276	3447564	9163973	2906441	46696700	35394028
2021-07-11	82318557	227829	61059	166770	60638639	7474366	12080702	48882609	35560798	0.588	0.428	7644926	5826686	1124640	1761928	4910112	4346229	944820	1001588	2734814	1480457	179820	760340	51183388	31044204	2124850	33615241	27023398	3978076	3496290	9164442	2916260	46757759	35560798
2021-07-12	82784509	465952	150705	315247	60987552	7553292	12104734	49047395	35876045	0.590	0.431	7644926	5826686	1124640	1761928	4910112	4346229	944820	1001588	2734814	1480457	179820	760340	51450887	31240232	2138931	33735130	27252422	4007021	3546271	9166313	2938421	46908464	35876045
2021-07-13	83542893	758384	179619	578765	61613776	7630923	12139347	49246930	36454810	0.592	0.438	7644926	5826686	1124640	1761928	4910112	4346229	944820	1001588	2734814	1480457	179820	760340	51706012	31739362	2158847	33886485	27727291	4033024	3597899	9168574	2970773	47088083	36454810
2021-07-14	84515067	972174	202660	769514	62444208	7702690	12186472	49472440	37224324	0.595	0.448	7644926	5826686	1124640	1761928	4910112	4346229	944820	1001588	2734814	1480457	179820	760340	51983645	32429200	2181697	34064283	28379925	4054219	3648471	9172241	3014231	47290743	37224324
2021-07-15	85279808	764741	170513	594228	63077006	7773529	12225034	49665495	37818552	0.597	0.455	7644926	5826686	1124640	1761928	4910112	4346229	944820	1001588	2734814	1480457	179820	760340	52242275	32931568	2204239	34212748	28864258	4073393	3700136	9175115	3049919	47461256	37818552
2021-07-16	85936717	656909	151017	505892	63615603	7837708	12256993	49838686	38324444	0.599	0.461	7644926	5826686	1124640	1761928	4910112	4346229	944820	1001588	2734814	1480457	179820	760340	52498626	33328254	2226413	34344635	29270968	4090602	3747106	9177036	3079957	47612273	38324444
2021-07-17	86207549	270832	70728	200104	63789195	7900843	12272640	49927872	38524548	0.600	0.463	7644926	5826686	1124640	1761928	4910112	4346229	944820	1001588	2734814	1480457	179820	760340	52711081	33384580	2244871	34398817	29390378	4106262	3794581	9177922	3094718	47683001	38524548
2021-07-18	86407106	199557	59503	140054	63924484	7942407	12284096	49998623	38664602	0.601	0.465	7644926	5826686	1124640	1761928	4910112	4346229	944820	1001588	2734814	1480457	179820	760340	52882014	33412623	2256119	34448774	29475710	4115531	3826876	9178199	3105897	47742504	38664602
2021-07-19	86786730	379624	91385	288239	64219647	7992870	12303876	50104226	38952841	0.602	0.468	7644926	5826686	1124640	1761928	4910112	4346229	944820	1001588	2734814	1480457	179820	760340	53079597	33592649	2270337	34525892	29693755	4128467	3864403	9179530	3124346	47833889	38952841
2021-07-20	87389148	602418	126089	476329	64737530	8041196	12325803	50244597	39429170	0.604	0.474	7644926	5826686	1124640	1761928	4910112	4346229	944820	1001588	2734814	1480457	179820	760340	53299903	33970767	2284619	34633847	30103683	4144073	3897123	9182058	3143745	47959978	39429170
2021-07-21	88138349	749201	154677	594524	65404214	8087145	12348537	50413108	40023694	0.606	0.481	7644926	5826686	1124640	1761928	4910112	4346229	944820	1001588	2734814	1480457	179820	760340	53537710	34477235	2298453	34773971	30630243	4157031	3930114	9183653	3164884	48114655	40023694
2021-07-22	88754252	615903	121084	494819	65944272	8130577	12367381	50547761	40518513	0.608	0.487	7644926	5826686	1124640	1761928	4910112	4346229	944820	1001588	2734814	1480457	179820	760340	53768497	34857754	2312022	34883576	31060696	4167118	3963459	9185045	3182336	48235739	40518513
2021-07-23	89319109	564857	113249	451608	66430208	8172825	12385934	50679130	40970121	0.609	0.493	7644926	5826686	1124640	1761928	4910112	4346229	944820	1001588	2734814	1480457	179820	760340	54002502	35185498	2330142	34985528	31444680	4177076	3995749	9186384	3199550	48348988	40970121
2021-07-24	89528559	209450	52232	157218	66582604	8210293	12393676	50743206	41127339	0.610	0.495	7644926	5826686	1124640	1761928	4910112	4346229	944820	1001588	2734814	1480457	179820	760340	54155993	35239989	2341986	35029722	31552882	4184350	4025943	9187148	3206528	48401220	41127339
2021-07-25	89652780	124221	31953	92268	66666360	8241733	12396951	50780909	41219607	0.611	0.496	7644926	5826686	1124640	1761928	4910112	4346229	944820	1001588	2734814	1480457	179820	760340	54260370	35258381	2347736	35055301	31611059	4190607	4051126	9187265	3209686	48433173	41219607
2021-07-26	89987753	334973	71345	263628	66938263	8281497	12409262	50863249	41483235	0.612	0.499	7644926	5826686	1124640	1761928	4910112	4346229	944820	1001588	2734814	1480457	179820	760340	54445099	35406924	2358731	35115962	31822301	4200157	4081340	9188399	3220863	48504518	41483235
2021-07-27	90533373	545620	97533	448087	67409162	8323630	12429135	50973497	41931322	0.613	0.504	7644926	5826686	1124640	1761928	4910112	4346229	944820	1001588	2734814	1480457	179820	760340	54654076	35739285	2371446	35203522	32205640	4208821	4114809	9189708	3239427	48602051	41931322
2021-07-28	91214668	681295	121302	559993	68006933	8370424	12452452	51108212	42491315	0.615	0.511	7644926	5826686	1124640	1761928	4910112	4346229	944820	1001588	2734814	1480457	179820	760340	54885215	36185608	2384859	35314162	32692771	4218248	4152176	9190943	3261509	48723353	42491315
2021-07-29	91785676	571008	104655	466353	68500185	8413850	12472237	51227412	42957668	0.616	0.517	7644926	5826686	1124640	1761928	4910112	4346229	944820	1001588	2734814	1480457	179820	760340	55096292	36541536	2399404	35408428	33091757	4227421	4186429	9192159	3280078	48828008	42957668
2021-07-30	92276105	490429	93729	396700	68912317	8459078	12489392	51337055	43354368	0.617	0.521	7644926	5826686	1124640	1761928	4910112	4346229	944820	1001588	2734814	1480457	179820	760340	55307155	36818387	2415318	35492105	33420212	4236405	4222673	9193227	3296165	48921737	43354368
2021-07-31	92469912	193807	46940	146867	69051879	8494907	12495409	51396394	43501235	0.618	0.523	7644926	5826686	1124640	1761928	4910112	4346229	944820	1001588	2734814	1480457	179820	760340	55462468	36856357	2427717	35532672	33519207	4242623	4252284	9193382	3302027	48968677	43501235
2021-08-01	92586347	116435	30368	86067	69135070	8519978	12497724	51432620	43587302	0.618	0.524	7644926	5826686	1124640	1761928	4910112	4346229	944820	1001588	2734814	1480457	179820	760340	55562161	36872662	2433575	35558784	33576286	4246797	4273181	9193464	3304260	48999045	43587302
2021-08-02	92875895	289548	58073	231475	69371095	8553282	12506848	51501788	43818777	0.619	0.527	7644926	5826686	1124640	1761928	4910112	4346229	944820	1001588	2734814	1480457	179820	760340	55729661	36992897	2444670	35611209	33759886	4251873	4301409	9194036	3312812	49057118	43818777
2021-08-03	93330408	454513	76109	378404	69762490	8591496	12518783	51590866	44197181	0.620	0.531	7644926	5826686	1124640	1761928	4910112	4346229	944820	1001588	2734814	1480457	179820	760340	55914383	37259593	2457639	35681749	34080741	4256716	4334780	9194762	3324021	49133227	44197181
2021-08-04	93891431	561023	95581	465442	70264185	8627009	12530039	51699006	44662623	0.622	0.537	7644926	5826686	1124640	1761928	4910112	4346229	944820	1001588	2734814	1480457	179820	760340	56116749	37614993	2470198	35771301	34492884	4262246	4364763	9195261	3334778	49228808	44662623
2021-08-05	94396211	504780	84382	420398	70708661	8665251	12537974	51797515	45083021	0.623	0.542	7644926	5826686	1124640	1761928	4910112	4346229	944820	1001588	2734814	1480457	179820	760340	56322717	37910549	2484325	35849998	34858663	4267324	4397927	9195868	3342106	49313190	45083021
2021-08-06	94826257	430046	79909	350137	71081911	8699966	12545269	51892210	45433158	0.624	0.546	7644926	5826686	1124640	1761928	4910112	4346229	944820	1001588	2734814	1480457	179820	760340	56533507	38127512	2499111	35923908	35158003	4272895	4427071	9196296	3348973	49393099	45433158
2021-08-07	95003921	177664	39583	138081	71216058	8729404	12546809	51944332	45571239	0.625	0.548	7644926	5826686	1124640	1761928	4910112	4346229	944820	1001588	2734814	1480457	179820	760340	56686171	38151629	2511650	35959072	35256986	4277235	4452169	9196375	3350434	49432682	45571239
2021-08-08	95116128	112207	22798	89409	71302850	8750082	12547718	51970958	45660648	0.625	0.549	7644926	5826686	1124640	1761928	4910112	4346229	944820	1001588	2734814	1480457	179820	760340	56786728	38163142	2515478	35979152	35323698	4279912	4470170	9196416	3351302	49455480	45660648
2021-08-09	95398430	282302	49844	232458	71531233	8790241	12553031	52029249	45893106	0.626	0.552	7644926	5826686	1124640	1761928	4910112	4346229	944820	1001588	2734814	1480457	179820	760340	56965914	38264866	2523925	36024363	35506870	4284239	4506002	9196722	3356309	49505324	45893106
2021-08-10	95802971	404541	69690	334851	71878525	8830584	12560868	52108008	46227957	0.627	0.556	7644926	5826686	1124640	1761928	4910112	4346229	944820	1001588	2734814	1480457	179820	760340	57136283	38496745	2532994	36089054	35789471	4288678	4541906	9197282	3363586	49575014	46227957
