date	dosen_kumulativ	dosen_differenz_zum_vortag	dosen_erst_differenz_zum_vortag	dosen_zweit_differenz_zum_vortag	dosen_biontech_kumulativ	dosen_moderna_kumulativ	dosen_astrazeneca_kumulativ	personen_erst_kumulativ	personen_voll_kumulativ	impf_quote_erst	impf_quote_voll	indikation_alter_dosen	indikation_beruf_dosen	indikation_medizinisch_dosen	indikation_pflegeheim_dosen	indikation_alter_erst	indikation_beruf_erst	indikation_medizinisch_erst	indikation_pflegeheim_erst	indikation_alter_voll	indikation_beruf_voll	indikation_medizinisch_voll	indikation_pflegeheim_voll	dosen_dim_kumulativ	dosen_kbv_kumulativ	dosen_johnson_kumulativ	dosen_biontech_erst_kumulativ	dosen_biontech_zweit_kumulativ	dosen_moderna_erst_kumulativ	dosen_moderna_zweit_kumulativ	dosen_astrazeneca_erst_kumulativ	dosen_astrazeneca_zweit_kumulativ	dosen_erst_kumulativ	dosen_zweit_kumulativ
2020-12-27	24096	24096	24083	13	24094	2	0	24083	13	0.000	0.000	10705	8657	1305	12604	10664	8590	1305	12536	41	67	0	68	24096	0	0	24081	13	2	0	0	0	24083	13
2020-12-28	42094	17998	17836	162	42092	2	0	41919	175	0.001	0.000	18621	15788	1991	21344	18580	15721	1991	21276	41	67	0	68	42094	0	0	41917	175	2	0	0	0	41919	175
2020-12-29	92114	50020	49286	734	92111	2	1	91205	909	0.001	0.000	34989	40734	3107	40508	34724	40420	3107	40099	265	314	0	409	92114	0	0	91202	909	2	0	1	0	91205	909
2020-12-30	155606	63492	63354	138	155603	2	1	154559	1047	0.002	0.000	55510	73365	4901	63206	55243	73050	4901	62794	267	315	0	412	155606	0	0	154556	1047	2	0	1	0	154559	1047
2020-12-31	205297	49691	49602	89	205294	2	1	204161	1136	0.002	0.000	72831	96719	6752	83965	72517	96367	6752	83476	314	352	0	489	205297	0	0	204158	1136	2	0	1	0	204161	1136
2021-01-01	230648	25351	25342	9	230637	7	4	229503	1145	0.003	0.000	81208	105449	7830	92301	80894	105097	7830	91812	314	352	0	489	230648	0	0	229493	1144	7	0	3	1	229503	1145
2021-01-02	278598	47950	47664	286	278587	7	4	277167	1431	0.003	0.000	102774	129731	10350	113258	102365	129304	10350	112629	409	427	0	629	278598	0	0	277157	1430	7	0	3	1	277167	1431
2021-01-03	301009	22411	22406	5	300997	8	4	299573	1436	0.004	0.000	113044	140227	11284	123279	112635	139800	11284	122650	409	427	0	629	301009	0	0	299562	1435	8	0	3	1	299573	1436
2021-01-04	346835	45826	45730	96	346822	9	4	345303	1532	0.004	0.000	129646	164913	13951	139091	129237	164486	13951	138462	409	427	0	629	346835	0	0	345291	1531	9	0	3	1	345303	1532
2021-01-05	398805	51970	51633	337	398791	10	4	396936	1869	0.005	0.000	147987	192565	16489	157656	147576	192117	16489	157025	411	448	0	631	398805	0	0	396923	1868	10	0	3	1	396936	1869
2021-01-06	461262	62457	62365	92	461239	16	7	459301	1961	0.006	0.000	169498	225530	19910	180812	169086	225082	19910	180181	412	448	0	631	461262	0	0	459280	1959	16	0	5	2	459301	1961
2021-01-07	515224	53962	53941	21	515196	19	9	513242	1982	0.006	0.000	189172	254868	22957	197233	188758	254418	22957	196600	414	450	0	633	515224	0	0	513216	1980	19	0	7	2	513242	1982
2021-01-08	576881	61657	61549	108	576801	70	10	574791	2090	0.007	0.000	211521	287315	26324	218219	211009	286711	26320	217449	512	604	4	770	576881	0	0	574713	2088	70	0	8	2	574791	2090
2021-01-09	636851	59970	59822	148	636767	73	11	634613	2238	0.008	0.000	237322	313238	29007	243325	236798	312599	29003	242545	524	639	4	780	636851	0	0	634532	2235	73	0	8	3	634613	2238
2021-01-10	672103	35252	35103	149	672011	81	11	669716	2387	0.008	0.000	252455	327794	30379	256315	251929	327151	30375	255535	526	643	4	780	672103	0	0	669628	2383	80	1	8	3	669716	2387
2021-01-11	739601	67498	67396	102	739494	94	13	737112	2489	0.009	0.000	277513	359176	33587	276774	276967	358513	33583	275968	546	663	4	806	739601	0	0	737015	2479	87	7	10	3	737112	2489
2021-01-12	817870	78269	78205	64	817747	109	14	815317	2553	0.010	0.000	305695	401338	36582	301731	305147	400670	36578	300888	548	668	4	843	817870	0	0	815205	2542	102	7	10	4	815317	2553
2021-01-13	928810	110940	110739	201	927518	1278	14	926056	2754	0.011	0.000	345167	458844	40485	337339	344574	458093	40466	336399	593	751	19	940	928810	0	0	924775	2743	1271	7	10	4	926056	2754
2021-01-14	1012136	83326	83104	222	1005695	6427	14	1009160	2976	0.012	0.000	374803	501101	42769	361463	374094	500254	42750	360452	709	847	19	1011	1012136	0	0	1002774	2921	6376	51	10	4	1009160	2976
2021-01-15	1102804	90668	89822	846	1091092	11693	19	1098982	3822	0.013	0.000	408725	545673	46728	389202	407810	544625	46700	387982	915	1048	28	1220	1102804	0	0	1087325	3767	11642	51	15	4	1098982	3822
2021-01-16	1160162	57358	56337	1021	1146770	13372	20	1155319	4843	0.014	0.000	432983	570627	48859	408798	431664	569232	48767	407047	1319	1395	92	1751	1160162	0	0	1141982	4788	13321	51	16	4	1155319	4843
2021-01-17	1207787	47625	29831	17794	1193132	14633	21	1185151	22637	0.014	0.000	453449	591002	50884	428544	444215	583354	50014	417145	9234	7648	870	11399	1207787	0	1	1170551	22581	14582	51	17	4	1185150	22637
2021-01-18	1289694	81907	66167	15740	1270896	18775	22	1251318	38377	0.015	0.000	482728	633883	53106	448900	467235	619730	51700	430238	15493	14153	1406	18662	1289694	0	1	1232577	38319	18722	53	18	4	1251317	38377
2021-01-19	1408502	118808	82363	36445	1386029	22442	30	1333681	74822	0.016	0.001	519765	695968	56714	479843	492669	666683	54375	447938	27096	29285	2339	31905	1408502	0	1	1311269	74760	22385	57	26	4	1333680	74822
2021-01-20	1540885	132383	77816	54567	1515667	25184	33	1411497	129389	0.017	0.002	568076	760039	60957	522078	522876	706310	57505	469463	45200	53729	3452	52615	1540885	0	1	1386340	129327	25127	57	29	4	1411496	129389
2021-01-21	1645868	104983	63672	41311	1617909	27924	34	1475169	170700	0.018	0.002	610150	808503	65406	556195	549621	735602	60889	487988	60529	72901	4517	68207	1645868	0	1	1447273	170636	27866	58	29	5	1475168	170700
2021-01-22	1747497	101629	68055	33574	1717344	30110	42	1543224	204274	0.019	0.002	654049	853889	69013	590642	579902	764987	63599	506975	74147	88902	5414	83667	1747497	0	1	1513139	204205	30047	63	37	5	1543223	204274
2021-01-23	1834079	86582	40467	46115	1803569	30464	45	1583691	250389	0.019	0.003	691767	890989	72414	617916	599855	780966	64783	516268	91912	110023	7631	101648	1834079	0	1	1553250	250319	30400	64	40	5	1583690	250389
2021-01-24	1881377	47298	25464	21834	1850665	30662	49	1609155	272223	0.019	0.003	715655	910067	73331	632982	614016	789814	65130	521524	101639	120253	8201	111458	1881377	0	1	1578512	272153	30598	64	44	5	1609154	272223
2021-01-25	1972420	91043	52277	38766	1940289	32078	52	1661432	310989	0.020	0.004	756375	951632	76827	658117	642321	811974	66847	534304	114054	139658	9980	123813	1972420	0	1	1629373	310916	32011	67	47	5	1661431	310989
2021-01-26	2069957	97537	50634	46903	2036385	33512	59	1712066	357892	0.021	0.004	796572	997196	80614	684405	667753	831436	68195	545278	128819	165760	12419	139127	2069957	0	1	1678571	357814	33440	72	54	5	1712065	357892
2021-01-27	2179315	109358	50820	58538	2143948	35298	67	1762887	416430	0.021	0.005	839834	1049509	85786	715259	691463	852265	70042	556304	148371	197244	15744	158955	2179315	0	2	1727609	416339	35214	84	62	5	1762885	416430
2021-01-28	2271765	92450	46573	45877	2234767	36926	70	1809460	462307	0.022	0.006	877990	1090332	89974	739697	713483	869115	71590	567469	164507	221217	18384	172228	2271765	0	2	1772639	462128	36754	172	65	5	1809458	462307
2021-01-29	2379531	107766	49988	57778	2341046	38406	77	1859448	520085	0.022	0.006	920894	1138243	95507	769100	735839	888487	73819	578309	185055	249756	21688	190791	2379531	0	2	1821141	519905	38233	173	72	5	1859446	520085
2021-01-30	2467536	88005	34361	53644	2428169	39286	79	1893809	573729	0.023	0.007	957412	1174692	99468	796433	752473	901967	75224	586328	204939	272725	24244	210105	2467536	0	2	1854623	573546	39111	175	73	6	1893807	573729
2021-01-31	2524403	56867	25753	31114	2484655	39662	84	1919562	604843	0.023	0.007	982865	1196922	101575	812430	766590	910861	76411	592657	216275	286061	25164	219773	2524403	0	2	1880004	604651	39479	183	77	7	1919560	604843
2021-02-01	2643928	119525	57963	61562	2601921	41870	135	1977525	666405	0.024	0.008	1026174	1260299	105285	839830	787193	944041	78273	602425	238981	316258	27012	237405	2643928	0	2	1935710	666211	41685	185	128	7	1977523	666405
2021-02-02	2776103	132175	64965	67210	2731021	44932	148	2042490	733615	0.025	0.009	1069633	1330364	110479	870030	806216	982089	80866	611659	263417	348275	29613	258371	2776103	0	2	1997601	733420	44746	186	141	7	2042488	733615
2021-02-03	2938032	161929	64082	97847	2886595	51260	174	2106573	831462	0.025	0.010	1128983	1407775	116405	912544	829819	1014401	83062	623312	299164	393374	33343	289232	2938032	0	3	2055335	831260	51068	192	167	7	2106570	831462
2021-02-04	3071913	133881	61729	72152	3014639	57092	179	2168302	903614	0.026	0.011	1177986	1472437	120972	943857	851937	1046473	85311	632945	326049	425964	35661	310912	3071913	0	3	2111230	903409	56897	195	172	7	2168299	903614
2021-02-05	3218731	146818	68902	77916	3155000	63541	187	2237204	981530	0.027	0.012	1232524	1542580	126293	977786	877231	1080338	86905	644262	355293	462242	39388	333524	3218731	0	3	2173810	981190	63212	329	179	8	2237201	981530
2021-02-06	3312494	93763	45417	48346	3246136	66167	188	2282621	1029876	0.027	0.012	1272514	1588658	130853	1003590	896490	1101898	88782	653957	376024	486760	42071	349633	3312494	0	3	2216600	1029536	65838	329	180	8	2282618	1029876
2021-02-07	3365805	53311	28263	25048	3297118	68493	190	2310885	1054924	0.028	0.013	1298155	1609930	133571	1016823	910800	1112720	90015	659435	387355	497210	43556	357388	3365805	0	4	2242536	1054582	68163	330	182	8	2310881	1054924
2021-02-08	3474746	108941	52871	56070	3402207	72316	218	2363757	1110994	0.028	0.013	1350672	1655734	137545	1035599	942269	1129343	91902	666781	408403	526391	45643	368818	3474746	0	5	2291558	1110649	71984	332	210	8	2363752	1110994
2021-02-09	3608769	134023	60196	73827	3532683	75750	331	2423953	1184821	0.029	0.014	1411842	1714380	141993	1058512	978151	1147503	94639	674792	433691	566877	47354	383720	3608769	0	5	2348397	1184286	75228	522	323	8	2423948	1184821
2021-02-10	3763143	154374	77289	77085	3674486	79985	8667	2501242	1261906	0.030	0.015	1478760	1781046	146001	1087933	1017461	1175177	96286	685176	461299	605869	49715	402757	3763143	0	5	2414108	1260378	78482	1503	8647	20	2501237	1261906
2021-02-11	3906891	143748	75242	68506	3794647	87252	24985	2576486	1330412	0.031	0.016	1539776	1848576	151475	1113070	1052428	1208053	98713	694775	487348	640523	52762	418295	3906891	0	7	2468811	1325836	82717	4535	24951	34	2576479	1330412
2021-02-12	4061996	155105	79526	75579	3926229	96550	39207	2656015	1405991	0.032	0.017	1611268	1919253	157751	1138545	1094198	1240389	101429	704318	517070	678864	56322	434227	4061996	0	10	2529866	1396363	87289	9261	38850	357	2656005	1405991
2021-02-13	4169375	107379	61922	45457	4017002	99807	52555	2717938	1451448	0.033	0.017	1667599	1960972	162355	1156080	1129093	1262877	103231	711418	538506	698095	59124	444662	4169375	0	11	2576735	1440267	89001	10806	52191	364	2717927	1451448
2021-02-14	4234582	65207	39494	25713	4072490	102281	59799	2757433	1477161	0.033	0.018	1706122	1983696	163973	1164146	1153761	1276081	104081	714928	552361	707615	59892	449218	4234582	0	12	2607736	1464754	90271	12010	59414	385	2757421	1477161
2021-02-15	4359862	125280	69538	55742	4177083	107510	75256	2826972	1532903	0.034	0.018	1773591	2031897	168008	1183418	1194859	1300739	106358	721524	578732	731158	61650	461894	4359862	0	13	2659563	1517520	92543	14967	74853	403	2826959	1532903
2021-02-16	4493972	134110	77764	56346	4285482	113629	94847	2904737	1589249	0.035	0.019	1839625	2089928	170683	1200400	1236633	1336138	107879	728440	602992	753790	62804	471960	4493972	0	14	2715023	1570459	95268	18361	94432	415	2904723	1589249
2021-02-17	4644734	150762	94458	56304	4407490	121628	115601	2999196	1645553	0.036	0.020	1920033	2147919	175770	1221928	1292995	1368705	110873	736858	627038	779214	64897	485070	4644734	0	15	2783927	1623563	100081	21547	115173	428	2999181	1645553
2021-02-18	4788990	144256	91265	52991	4519680	129851	139443	3090462	1698544	0.037	0.020	1995907	2206102	179208	1240945	1345328	1403985	112659	744258	650579	802117	66549	496687	4788990	0	16	2846672	1673008	104763	25088	139011	432	3090446	1698544
2021-02-19	4947340	158350	102787	55563	4640649	139812	166862	3193250	1754107	0.038	0.021	2076668	2266444	184080	1258305	1402958	1440066	115287	750941	673710	826378	68793	507364	4947340	0	17	2915195	1725454	111714	28098	166324	538	3193233	1754107
2021-02-20	5059411	112071	75801	36270	4727034	144276	188083	3269052	1790377	0.039	0.022	2138268	2310157	187738	1272296	1445964	1469322	117533	755178	692304	840835	70205	517118	5059411	0	18	2965753	1761281	115746	28530	187535	548	3269034	1790377
2021-02-21	5145211	85800	57420	28380	4793543	147917	203732	3326473	1818757	0.040	0.022	2187054	2340674	190304	1282667	1479917	1489494	118664	757407	707137	851180	71640	525260	5145211	0	19	3004048	1789495	119228	28689	203178	554	3326454	1818757
2021-02-22	5300537	155326	97585	57741	4916259	156910	227348	3424059	1876498	0.041	0.023	2266701	2410287	195201	1300517	1538362	1525084	121627	763642	728339	885203	73574	536875	5300537	0	20	3070804	1845455	126453	30457	226782	566	3424039	1876498
2021-02-23	5470181	169644	109168	60476	5049847	164119	256194	3533228	1936974	0.042	0.023	2346910	2483166	200501	1318387	1598211	1563793	124757	771284	748699	919373	75744	547103	5470181	0	21	3145587	1904260	132004	32115	255616	578	3533207	1936974
2021-02-24	5645831	175650	116509	59141	5181236	171729	292844	3649738	1996115	0.044	0.024	2431789	2557990	207079	1337422	1660503	1608669	128907	778912	771286	949321	78172	558510	5645831	0	22	3219539	1961697	137929	33800	292248	596	3649716	1996115
2021-02-25	5834556	188725	129767	58958	5312353	178488	343693	3779505	2055073	0.045	0.025	2514175	2648479	213515	1355541	1722988	1667176	133470	787131	791187	981303	80045	568410	5834556	0	22	3293240	2019113	143159	35329	343084	609	3779483	2055073
2021-02-26	6047004	212448	145561	66887	5453170	187320	406492	3925066	2121960	0.047	0.026	2602819	2749814	220591	1375230	1787946	1735795	138593	794627	814873	1014019	81998	580603	6047004	0	22	3368859	2084311	150375	36945	405810	682	3925044	2121960
2021-02-27	6194724	147720	107828	39892	5545825	191402	457475	4032894	2161852	0.048	0.026	2666475	2822116	227301	1388101	1833818	1790224	143432	799030	832657	1031892	83869	589071	6194724	0	22	3422362	2123463	153725	37677	456785	690	4032872	2161852
2021-02-28	6297560	102836	78770	24066	5607104	195357	495076	4111665	2185918	0.049	0.026	2714700	2875405	231582	1394762	1868893	1834535	146785	801170	845807	1040870	84797	593592	6297560	0	23	3459948	2147156	157327	38030	494367	709	4111642	2185918
2021-03-01	6495777	198217	148355	49862	5737367	204980	553407	4260020	2235780	0.051	0.027	2817221	2953369	239381	1408021	1943445	1896228	153263	806209	873776	1057141	86118	601812	6495777	0	23	3542386	2194981	164929	40051	552682	725	4259997	2235780
2021-03-02	6714584	218807	166708	52099	5877358	214975	622228	4426728	2287879	0.053	0.028	2927307	3047588	248982	1422628	2022735	1971725	160632	812692	904572	1075863	88350	609936	6714584	0	23	3633174	2244184	172050	42925	621481	747	4426705	2287879
2021-03-03	6960904	246320	175792	70528	6034381	229924	696576	4602520	2358407	0.055	0.028	3047976	3148969	260606	1439862	2105531	2048823	170041	819606	942445	1100146	90565	620256	6960904	0	23	3725620	2308761	181123	48801	695754	822	4602497	2358407
2021-03-04	7205583	244679	181839	62840	6175472	244391	785697	4784359	2421247	0.058	0.029	3159240	3258741	272992	1455625	2181653	2136963	180034	825002	977587	1121778	92958	630623	7205583	0	23	3809308	2366164	190197	54194	784831	866	4784336	2421247
2021-03-05	7481418	275835	207293	68542	6324963	257756	898675	4991653	2489789	0.060	0.030	3277185	3383782	287941	1471072	2258903	2242620	191990	830697	1018282	1141162	95951	640375	7481418	0	24	3896268	2428695	197602	60154	897759	916	4991629	2489789
2021-03-06	7683103	201685	153036	48649	6434185	266196	982698	5144689	2538438	0.062	0.031	3366696	3478463	298371	1480590	2314602	2325555	200824	833966	1052094	1152908	97547	646624	7683103	0	24	3959100	2475085	203804	62392	981761	937	5144665	2538438
2021-03-07	7830634	147531	114048	33483	6513925	272850	1043835	5258737	2571921	0.063	0.031	3437978	3544531	306478	1486155	2360956	2383880	208082	835928	1077022	1160651	98396	650227	7830634	0	24	4007713	2506212	208122	64728	1042878	957	5258713	2571921
2021-03-08	8068086	237452	185860	51592	6647830	283805	1136427	5444597	2623513	0.065	0.032	3556806	3640371	322827	1498475	2442587	2468035	222757	841890	1114219	1172336	100070	656585	8068086	0	24	4093430	2554400	215714	68091	1135429	998	5444573	2623513
2021-03-09	8320246	252160	197364	54796	6787880	296588	1235754	5641961	2678309	0.068	0.032	3677710	3742787	340236	1512022	2524321	2558568	238262	848791	1153389	1184219	101974	663231	8320246	0	24	4182221	2605659	225025	71563	1234691	1063	5641937	2678309
2021-03-10	8608572	288326	221287	67039	6946963	308766	1352818	5863249	2745348	0.070	0.033	3808598	3856306	360962	1530389	2606688	2661880	256906	860000	1201910	1194426	104056	670389	8607601	971	25	4277878	2669085	233644	75122	1351702	1116	5863224	2745348
2021-03-11	8892870	284298	223406	60892	7094593	322484	1475768	6086655	2806240	0.073	0.034	3937470	3976178	382106	1544008	2689957	2769533	276555	867677	1247513	1206645	105551	676331	8891244	1626	25	4369022	2725571	243014	79470	1474594	1174	6086630	2806240
2021-03-12	9219351	326481	255620	70861	7246176	339778	1633372	6342275	2877101	0.076	0.035	4071484	4127850	404783	1559463	2770420	2906954	297406	877132	1301064	1220896	107377	682331	9217515	1836	25	4454539	2791637	255715	84063	1631996	1376	6342250	2877101
2021-03-13	9459957	240606	190329	50277	7362187	349347	1748398	6532604	2927378	0.079	0.035	4181046	4240796	425293	1567511	2840453	3011727	316755	881879	1340593	1229069	108538	685632	9457965	1992	25	4521726	2840461	263943	85404	1746910	1488	6532579	2927378
2021-03-14	9630022	170065	134385	35680	7450251	354859	1824887	6666989	2963058	0.080	0.036	4266043	4307307	441408	1570975	2896461	3072888	331859	883676	1369582	1234419	109549	687299	9628020	2002	25	4575106	2875145	268480	86379	1823378	1509	6666964	2963058
2021-03-15	9877679	247657	188432	59225	7603009	367596	1907049	6855421	3022283	0.082	0.036	4400463	4391447	461474	1582289	2984151	3147219	350790	890548	1416312	1244228	110684	691741	9875394	2285	25	4670427	2932582	279518	88078	1905451	1598	6855396	3022283
2021-03-16	10056582	178903	110738	68165	7769646	378847	1908064	6966159	3090448	0.084	0.037	4527474	4426082	473886	1593025	3059300	3169255	361553	895647	1468174	1256827	112333	697378	10053750	2832	25	4771388	2998258	288284	90563	1906462	1602	6966134	3090448
2021-03-17	10261532	204950	124024	80926	7955862	396838	1908807	7090183	3171374	0.085	0.038	4672447	4463838	487350	1605072	3141952	3193652	373040	902175	1530495	1270186	114310	702897	10258083	3449	25	4881490	3074372	301468	95370	1907200	1607	7090158	3171374
2021-03-18	10455072	193540	117950	75590	8130081	415001	1909965	7208133	3246964	0.087	0.039	4812398	4498757	499905	1615322	3222615	3215628	383588	907340	1589783	1283129	116317	707982	10451200	3872	25	4985321	3144760	314430	100571	1908357	1608	7208108	3246964
2021-03-19	10699907	244835	160597	84238	8315562	435789	1948531	7368730	3331202	0.089	0.040	4961948	4563922	518114	1627194	3306761	3267408	399605	914537	1655187	1296514	118509	712657	10695504	4403	25	5093428	3222134	328411	107378	1946866	1665	7368705	3331202
2021-03-20	10920172	220265	166994	53271	8450949	451085	2018113	7535724	3384473	0.091	0.041	5078536	4641917	537715	1633319	3379545	3337212	417708	917920	1698991	1304705	120007	715399	10915445	4727	25	5179407	3271542	339874	111211	2016418	1695	7535699	3384473
2021-03-21	11084669	164497	126306	38191	8553123	460279	2071242	7662030	3422664	0.092	0.041	5171749	4694283	554274	1635819	3440184	3384099	433219	919244	1731565	1310184	121055	716575	11079942	4727	25	5246660	3306463	345824	114455	2069521	1721	7662005	3422664
2021-03-22	11353957	269288	192826	76462	8719612	484089	2150231	7854856	3499126	0.094	0.042	5329624	4766248	576579	1645397	3534739	3445389	453483	925279	1794885	1320859	123096	720118	11347702	6255	25	5344141	3375471	362234	121855	2148456	1775	7854831	3499126
2021-03-23	11654925	300968	216914	84054	8901290	503821	2249789	8071770	3583180	0.097	0.043	5490190	4854892	604288	1656865	3629814	3521119	478432	932910	1860376	1333773	125856	723955	11643682	11243	25	5446794	3454496	376993	126828	2247958	1831	8071745	3583180
2021-03-24	11993963	339038	249432	89606	9101433	536857	2355648	8321202	3672786	0.100	0.044	5664852	4952071	635971	1672375	3732242	3605792	507202	944863	1932610	1346279	128769	727512	11976928	17035	25	5562712	3538721	404723	132134	2353742	1906	8321177	3672786
2021-03-25	12326665	332702	251542	81160	9286964	564544	2475132	8572744	3753946	0.103	0.045	5830941	5060081	670798	1683452	3832663	3703768	539527	951994	1998278	1356313	131271	731458	12303685	22980	25	5672766	3614198	426839	137705	2473114	2018	8572719	3753946
2021-03-26	12700552	373887	285464	88423	9486576	601733	2612217	8858209	3842369	0.107	0.046	6003833	5184282	710463	1698535	3933360	3816071	576057	962322	2070473	1368211	134406	736213	12671258	29294	26	5790758	3695818	457324	144409	2610101	2116	8858183	3842369
2021-03-27	12981792	281240	218903	62337	9636137	629351	2716277	9077113	3904706	0.109	0.047	6147056	5279869	744190	1703356	4023632	3903670	607441	965464	2123424	1376199	136749	737892	12950148	31644	27	5881150	3754987	481832	147519	2714104	2173	9077086	3904706
2021-03-28	13178222	196430	143165	53265	9751507	647855	2778833	9220278	3957971	0.111	0.048	6253046	5333384	768116	1706823	4085867	3950861	629648	967502	2167179	1382523	138468	739321	13146387	31835	27	5946580	3804927	497062	150793	2776609	2224	9220251	3957971
2021-03-29	13483939	305717	217100	88617	9940254	672850	2870808	9437378	4046588	0.113	0.049	6418833	5404751	806706	1716518	4180272	4010842	665103	973637	2238561	1393909	141603	742881	13446156	37783	27	6053584	3886670	515248	157602	2868519	2289	9437351	4046588
2021-03-30	13812986	329047	236446	92601	10158951	697278	2956730	9673824	4139189	0.116	0.050	6591913	5474211	853024	1727240	4280843	4069380	706095	981320	2311070	1404831	146929	745920	13763067	49919	27	6186197	3972754	533219	164059	2954381	2349	9673797	4139189
2021-03-31	14149210	336224	234716	101508	10406442	733320	3009421	9908540	4240697	0.119	0.051	6774517	5538855	899988	1738789	4384637	4121392	747318	988525	2389880	1417463	152670	750264	14082976	66234	27	6340183	4066259	561294	172026	3007036	2385	9908513	4240697
2021-04-01	14475896	326686	235979	90707	10645347	765782	3064740	10144519	4331404	0.122	0.052	6936269	5606629	944397	1747554	4476928	4175958	787230	994147	2459341	1430671	157167	753407	14389583	86313	27	6496320	4149027	585859	179923	3062313	2427	10144492	4331404
2021-04-02	14701621	225725	157743	67982	10824881	780171	3096542	10302262	4399386	0.124	0.053	7067172	5654574	981393	1749910	4552089	4213818	820223	995356	2515083	1440756	161170	754554	14613784	87837	27	6612240	4212641	595907	184264	3094088	2454	10302235	4399386
2021-04-03	14933463	231842	167469	64373	10999028	795974	3138434	10469731	4463759	0.126	0.054	7198861	5698683	1018737	1753036	4633025	4248782	853330	997097	2565836	1449901	165407	755939	14844227	89236	27	6726901	4272127	606861	189113	3135942	2492	10469704	4463759
2021-04-04	15126407	192944	142576	50368	11131227	806036	3189117	10612307	4514127	0.128	0.054	7309766	5731715	1048001	1754173	4704262	4274251	879171	997551	2605504	1457464	168830	756622	15037035	89372	27	6812665	4318562	613033	193003	3186582	2535	10612280	4514127
2021-04-05	15374264	247857	177644	70213	11296217	823899	3254121	10789951	4584340	0.130	0.055	7456036	5770066	1081529	1756372	4794323	4302940	907924	998846	2661713	1467126	173605	757526	15283582	90682	27	6912253	4383964	626116	197783	3251555	2566	10789924	4584340
2021-04-06	15748058	373794	279089	94705	11551176	856125	3340728	11069042	4679045	0.133	0.056	7644926	5826686	1124640	1761928	4910112	4346229	944820	1001588	2734814	1480457	179820	760340	15620749	127309	29	7081270	4469906	649649	206476	3338094	2634	11069013	4679045
2021-04-07	16416148	668090	571721	96369	12093369	893171	3429579	11640763	4775414	0.140	0.057	7644926	5826686	1124640	1761928	4910112	4346229	944820	1001588	2734814	1480457	179820	760340	15983175	432973	29	7535781	4557588	678091	215080	3426862	2717	11640734	4775414
2021-04-08	17114983	698835	611163	87672	12664861	928803	3521290	12251926	4863086	0.147	0.058	7644926	5826686	1124640	1761928	4910112	4346229	944820	1001588	2734814	1480457	179820	760340	16357132	757851	29	8028654	4636207	704750	224053	3518493	2797	12251897	4863086
2021-04-09	17746936	631953	543031	88922	13155131	965394	3626382	12794957	4952008	0.154	0.060	7644926	5826686	1124640	1761928	4910112	4346229	944820	1001588	2734814	1480457	179820	760340	16749582	997354	29	8441519	4713612	729907	235487	3623502	2880	12794928	4952008
2021-04-10	18119523	372587	307531	65056	13403621	988614	3727259	13102488	5017064	0.158	0.060	7644926	5826686	1124640	1761928	4910112	4346229	944820	1001588	2734814	1480457	179820	760340	17089123	1030400	29	8632698	4770923	745445	243169	3724316	2943	13102459	5017064
2021-04-11	18383437	263914	213595	50319	13573989	1007280	3802139	13316083	5067383	0.160	0.061	7644926	5826686	1124640	1761928	4910112	4346229	944820	1001588	2734814	1480457	179820	760340	17347958	1035479	29	8756770	4817219	760164	247116	3799120	3019	13316054	5067383
2021-04-12	18802146	418709	342333	76376	13852853	1036516	3912747	13658417	5143759	0.164	0.062	7644926	5826686	1124640	1761928	4910112	4346229	944820	1001588	2734814	1480457	179820	760340	17718160	1083986	30	8967784	4885069	780928	255588	3909675	3072	13658387	5143759
2021-04-13	19379069	576923	503225	73698	14285157	1063756	4030126	14161642	5217457	0.170	0.063	7644926	5826686	1124640	1761928	4910112	4346229	944820	1001588	2734814	1480457	179820	760340	18098953	1280116	30	9332025	4953132	802727	261029	4026860	3266	14161612	5217457
2021-04-14	20154068	774999	691828	83171	14901625	1097309	4155104	14853470	5300628	0.179	0.064	7644926	5826686	1124640	1761928	4910112	4346229	944820	1001588	2734814	1480457	179820	760340	18500155	1653913	30	9874385	5027240	827775	269534	4151280	3824	14853440	5300628
2021-04-15	20834307	680239	610002	70237	15435623	1133512	4265141	15463473	5370865	0.186	0.065	7644926	5826686	1124640	1761928	4910112	4346229	944820	1001588	2734814	1480457	179820	760340	18884765	1949542	31	10347703	5087920	855366	278146	4260373	4768	15463442	5370865
2021-04-16	21430917	596610	522418	74192	15873748	1166122	4391016	15985891	5445057	0.192	0.065	7644926	5826686	1124640	1761928	4910112	4346229	944820	1001588	2734814	1480457	179820	760340	19286536	2144381	31	10720871	5152877	879546	286576	4385443	5573	15985860	5445057
2021-04-17	21796928	366011	309397	56614	16098630	1188808	4509459	16295288	5501671	0.196	0.066	7644926	5826686	1124640	1761928	4910112	4346229	944820	1001588	2734814	1480457	179820	760340	19630743	2166185	31	10897758	5200872	895095	293713	4502404	7055	16295257	5501671
2021-04-18	22066401	269473	230469	39004	16270670	1204197	4591503	16525757	5540675	0.199	0.067	7644926	5826686	1124640	1761928	4910112	4346229	944820	1001588	2734814	1480457	179820	760340	19895605	2170796	31	11035859	5234811	906585	297612	4583282	8221	16525726	5540675
2021-04-19	22468752	402351	340947	61404	16564503	1237128	4667089	16866705	5602079	0.203	0.067	7644926	5826686	1124640	1761928	4910112	4346229	944820	1001588	2734814	1480457	179820	760340	20253625	2215127	32	11277528	5286975	931594	305534	4657551	9538	16866673	5602079
2021-04-20	23029628	560876	498105	62771	16946477	1276373	4806745	17364811	5664850	0.209	0.068	7644926	5826686	1124640	1761928	4910112	4346229	944820	1001588	2734814	1480457	179820	760340	20620050	2409578	33	11605480	5340997	964171	312202	4795127	11618	17364778	5664850
2021-04-21	23750594	720966	647849	73117	17400731	1318086	5031744	18012660	5737967	0.217	0.069	7644926	5826686	1124640	1761928	4910112	4346229	944820	1001588	2734814	1480457	179820	760340	21001868	2748726	33	11997198	5403533	997752	320334	5017677	14067	18012627	5737967
2021-04-22	24389179	638585	571393	67192	17782496	1361760	5244890	18584053	5805159	0.223	0.070	7644926	5826686	1124640	1761928	4910112	4346229	944820	1001588	2734814	1480457	179820	760340	21373194	3015985	33	12323075	5459421	1033746	328014	5227199	17691	18584020	5805159
2021-04-23	24945443	556264	487337	68927	18135789	1405351	5404270	19071390	5874086	0.229	0.071	7644926	5826686	1124640	1761928	4910112	4346229	944820	1001588	2734814	1480457	179820	760340	21761263	3184180	33	12621516	5514273	1066813	338538	5383028	21242	19071357	5874086
2021-04-24	25311026	365583	306636	58947	18370767	1454688	5485538	19378026	5933033	0.233	0.071	7644926	5826686	1124640	1761928	4910112	4346229	944820	1001588	2734814	1480457	179820	760340	22109935	3201091	33	12815275	5555492	1100777	353911	5461941	23597	19377993	5933033
2021-04-25	25593950	282924	233877	49047	18558542	1488366	5547009	19611903	5982080	0.236	0.072	7644926	5826686	1124640	1761928	4910112	4346229	944820	1001588	2734814	1480457	179820	760340	22387045	3206905	33	12965652	5592890	1124590	363776	5521628	25381	19611870	5982080
2021-04-26	26026990	433040	359056	73984	18876452	1530866	5619569	19971029	6056064	0.240	0.073	7644926	5826686	1124640	1761928	4910112	4346229	944820	1001588	2734814	1480457	179820	760340	22733493	3293497	103	13222042	5654410	1158688	372178	5590196	29373	19970926	6056064
2021-04-27	26812425	785435	693429	92006	19553154	1582372	5676243	20665011	6148070	0.248	0.074	7644926	5826686	1124640	1761928	4910112	4346229	944820	1001588	2734814	1480457	179820	760340	23104048	3708377	656	13820896	5732258	1201061	381311	5642398	33845	20664355	6148070
2021-04-28	27935611	1123186	996094	127092	20561393	1643104	5729626	21661937	6275162	0.260	0.075	7644926	5826686	1124640	1761928	4910112	4346229	944820	1001588	2734814	1480457	179820	760340	23498151	4437460	1488	14720538	5840855	1249250	393854	5690661	38965	21660449	6275162
2021-04-29	28881975	946364	812872	133492	21385778	1706997	5786803	22475718	6408654	0.270	0.077	7644926	5826686	1124640	1761928	4910112	4346229	944820	1001588	2734814	1480457	179820	760340	23886447	4995528	2397	15432639	5953139	1300742	406255	5739940	46863	22473321	6408654
2021-04-30	29685755	803780	666699	137081	22064175	1764303	5854005	23143292	6545735	0.278	0.079	7644926	5826686	1124640	1761928	4910112	4346229	944820	1001588	2734814	1480457	179820	760340	24290381	5395374	3272	15999478	6064697	1342788	421515	5797754	56251	23140020	6545735
2021-05-01	30022035	336280	260029	76251	22317007	1805792	5893390	23405895	6621986	0.281	0.080	7644926	5826686	1124640	1761928	4910112	4346229	944820	1001588	2734814	1480457	179820	760340	24602011	5420024	5846	16191056	6125951	1377871	427921	5831122	62268	23400049	6621986
2021-05-02	30287029	264994	197612	67382	22512586	1843302	5923488	23605314	6689368	0.284	0.080	7644926	5826686	1124640	1761928	4910112	4346229	944820	1001588	2734814	1480457	179820	760340	24859350	5427679	7653	16330890	6181696	1410129	433173	5856642	66846	23597661	6689368
2021-05-03	30738726	451697	335343	116354	22830483	1913883	5985121	23942243	6805722	0.288	0.082	7644926	5826686	1124640	1761928	4910112	4346229	944820	1001588	2734814	1480457	179820	760340	25217187	5521539	9239	16557810	6272673	1467517	446366	5907677	77444	23933004	6805722
2021-05-04	31581711	842985	681242	161743	23456811	1977340	6135359	24626447	6967465	0.296	0.084	7644926	5826686	1124640	1761928	4910112	4346229	944820	1001588	2734814	1480457	179820	760340	25592920	5988791	12201	17052305	6404506	1517730	459610	6044211	91148	24614246	6967465
2021-05-05	32728928	1147217	914913	232304	24308108	2056303	6347846	25545830	7199769	0.307	0.087	7644926	5826686	1124640	1761928	4910112	4346229	944820	1001588	2734814	1480457	179820	760340	26014173	6714755	16671	17718175	6589933	1571188	485115	6239796	108050	25529159	7199769
2021-05-06	33719502	990574	767294	223280	25000866	2148409	6549363	26317317	7423049	0.316	0.089	7644926	5826686	1124640	1761928	4910112	4346229	944820	1001588	2734814	1480457	179820	760340	26429636	7289866	20864	18233702	6767164	1640890	507519	6421861	127502	26296453	7423049
2021-05-07	34610017	890515	652126	238389	25588085	2235102	6761797	26973612	7661438	0.324	0.092	7644926	5826686	1124640	1761928	4910112	4346229	944820	1001588	2734814	1480457	179820	760340	26876135	7733882	25033	18646923	6941162	1696619	538483	6605037	156760	26948579	7661438
2021-05-08	35035793	425776	271695	154081	25855748	2306885	6846410	27247024	7815519	0.328	0.094	7644926	5826686	1124640	1761928	4910112	4346229	944820	1001588	2734814	1480457	179820	760340	27241420	7794373	26750	18801683	7054065	1748567	558318	6670024	176386	27220274	7815519
2021-05-09	35321972	286179	183621	102558	26049640	2363442	6881074	27431711	7918077	0.330	0.095	7644926	5826686	1124640	1761928	4910112	4346229	944820	1001588	2734814	1480457	179820	760340	27516564	7805408	27816	18916304	7133336	1794326	569116	6693265	187809	27403895	7918077
2021-05-10	35911319	589347	395815	193532	26422806	2445230	7011738	27831255	8111609	0.335	0.098	7644926	5826686	1124640	1761928	4910112	4346229	944820	1001588	2734814	1480457	179820	760340	27917013	7994306	31545	19147689	7275117	1853941	591289	6798080	213658	27799710	8111609
2021-05-11	36997179	1085860	797995	287865	27248740	2525128	7188124	28632892	8399474	0.344	0.101	7644926	5826686	1124640	1761928	4910112	4346229	944820	1001588	2734814	1480457	179820	760340	28349178	8648001	35187	19740717	7508023	1911668	613460	6945320	242804	28597705	8399474
2021-05-12	38413069	1415890	1049264	366626	28342033	2616780	7413385	29687840	8766100	0.357	0.105	7644926	5826686	1124640	1761928	4910112	4346229	944820	1001588	2734814	1480457	179820	760340	28809085	9603984	40871	20537562	7804471	1972790	643990	7136617	276768	29646969	8766100
2021-05-13	38842345	429276	268417	160859	28657382	2683552	7457893	29958904	8926959	0.360	0.107	7644926	5826686	1124640	1761928	4910112	4346229	944820	1001588	2734814	1480457	179820	760340	29164882	9677463	43518	20725129	7932253	2024351	659201	7165906	291987	29915386	8926959
2021-05-14	39598853	756508	525983	230525	29202624	2748464	7596452	30492682	9157484	0.367	0.110	7644926	5826686	1124640	1761928	4910112	4346229	944820	1001588	2734814	1480457	179820	760340	29570053	10028800	51313	21089780	8112844	2074083	674381	7277506	318946	30441369	9157484
2021-05-15	39998929	400076	234548	165528	29481675	2808764	7652897	30731510	9323012	0.370	0.112	7644926	5826686	1124640	1761928	4910112	4346229	944820	1001588	2734814	1480457	179820	760340	29922463	10076466	55593	21246467	8235208	2118032	690732	7311418	341479	30675917	9323012
2021-05-16	40281501	282572	160601	121971	29681858	2861504	7677821	30896836	9444983	0.372	0.114	7644926	5826686	1124640	1761928	4910112	4346229	944820	1001588	2734814	1480457	179820	760340	30189030	10092471	60318	21352903	8328955	2160887	700617	7322728	355093	30836518	9444983
2021-05-17	40836808	555307	349290	206017	30020234	2947180	7799319	31255883	9651000	0.376	0.116	7644926	5826686	1124640	1761928	4910112	4346229	944820	1001588	2734814	1480457	179820	760340	30575019	10261789	70075	21545790	8474444	2222151	725029	7417867	381452	31185808	9651000
2021-05-18	41708835	872027	517366	354661	30609880	3048277	7972831	31781021	10005661	0.382	0.120	7644926	5826686	1124640	1761928	4910112	4346229	944820	1001588	2734814	1480457	179820	760340	30992042	10716793	77847	21845183	8764697	2294660	753617	7563331	409500	31703174	10005661
2021-05-19	42806593	1097758	563628	534130	31414049	3148369	8154170	32356807	10539791	0.389	0.127	7644926	5826686	1124640	1761928	4910112	4346229	944820	1001588	2734814	1480457	179820	760340	31410022	11396571	90005	22189187	9224862	2360905	787464	7716710	437460	32266802	10539791
2021-05-20	43754199	947606	455575	492031	32097730	3244840	8310783	32823223	11031822	0.395	0.133	7644926	5826686	1124640	1761928	4910112	4346229	944820	1001588	2734814	1480457	179820	760340	31826685	11927514	100846	22450114	9647616	2426417	818423	7845846	464937	32722377	11031822
2021-05-21	44605325	851126	405982	445144	32693928	3330509	8468161	33241086	11476966	0.400	0.138	7644926	5826686	1124640	1761928	4910112	4346229	944820	1001588	2734814	1480457	179820	760340	32255091	12350234	112727	22672629	10021299	2482793	847716	7972937	495224	33128359	11476966
2021-05-22	45079189	473864	214892	258972	33000122	3400013	8552051	33470254	11735938	0.402	0.141	7644926	5826686	1124640	1761928	4910112	4346229	944820	1001588	2734814	1480457	179820	760340	32600025	12479164	127003	22771104	10229018	2531101	868912	8041046	511005	33343251	11735938
2021-05-23	45364262	285073	124718	160355	33193038	3459401	8575956	33603836	11896293	0.404	0.143	7644926	5826686	1124640	1761928	4910112	4346229	944820	1001588	2734814	1480457	179820	760340	32866977	12497285	135867	22836727	10356311	2575398	884003	8055844	520112	33467969	11896293
2021-05-24	45690236	325974	141124	184850	33428758	3520949	8596622	33753000	12081143	0.406	0.145	7644926	5826686	1124640	1761928	4910112	4346229	944820	1001588	2734814	1480457	179820	760340	33177426	12512810	143907	22919326	10509432	2621951	898998	8067816	528806	33609093	12081143
2021-05-25	46345710	655474	272097	383377	33875401	3600618	8700673	34050208	12464520	0.409	0.150	7644926	5826686	1124640	1761928	4910112	4346229	944820	1001588	2734814	1480457	179820	760340	33573957	12771753	169018	23061031	10814370	2673396	927222	8146763	553910	33881190	12464520
2021-05-26	47525463	1179753	469536	710217	34760413	3683010	8834776	34597990	13174737	0.416	0.158	7644926	5826686	1124640	1761928	4910112	4346229	944820	1001588	2734814	1480457	179820	760340	33990295	13535168	247264	23375862	11384551	2725985	957025	8248879	585897	34350726	13174737
2021-05-27	48566229	1040766	404141	636625	35499528	3771913	8966401	35083254	13811362	0.422	0.166	7644926	5826686	1124640	1761928	4910112	4346229	944820	1001588	2734814	1480457	179820	760340	34409224	14157005	328387	23633701	11865827	2777607	994306	8343559	622842	34754867	13811362
2021-05-28	49469768	903539	356273	547266	36102641	3858081	9096902	35523284	14358628	0.427	0.173	7644926	5826686	1124640	1761928	4910112	4346229	944820	1001588	2734814	1480457	179820	760340	34844802	14624966	412144	23850478	12252163	2828126	1029955	8432536	664366	35111140	14358628
2021-05-29	49879894	410126	151684	258442	36364463	3920639	9154860	35702756	14617070	0.429	0.176	7644926	5826686	1124640	1761928	4910112	4346229	944820	1001588	2734814	1480457	179820	760340	35180519	14699375	439932	23930294	12434169	2864979	1055660	8467551	687309	35262824	14617070
2021-05-30	50163420	283526	97715	185811	36561597	3967652	9183210	35811500	14802881	0.431	0.178	7644926	5826686	1124640	1761928	4910112	4346229	944820	1001588	2734814	1480457	179820	760340	35442227	14721193	450961	23989502	12572095	2892326	1075326	8478711	704499	35360539	14802881
2021-05-31	50710053	546633	178263	368370	36928732	4035081	9252809	36032233	15171251	0.433	0.182	7644926	5826686	1124640	1761928	4910112	4346229	944820	1001588	2734814	1480457	179820	760340	35831091	14878962	493431	24101183	12827549	2919991	1115090	8517628	735181	35538802	15171251
2021-06-01	51698216	988163	399916	588247	37662104	4114870	9343312	36516648	15759498	0.439	0.189	7644926	5826686	1124640	1761928	4910112	4346229	944820	1001588	2734814	1480457	179820	760340	36228781	15469435	577930	24417246	13244858	2949736	1165134	8571736	771576	35938718	15759498
2021-06-02	52945568	1247352	516739	730613	38650989	4187443	9425528	37137065	16490111	0.447	0.198	7644926	5826686	1124640	1761928	4910112	4346229	944820	1001588	2734814	1480457	179820	760340	36635855	16309713	681608	24866569	13784420	2974195	1213248	8614693	810835	36455457	16490111
2021-06-03	53588233	642665	230362	412303	39125919	4251757	9475747	37420629	16902414	0.450	0.203	7644926	5826686	1124640	1761928	4910112	4346229	944820	1001588	2734814	1480457	179820	760340	36999107	16589126	734810	25046367	14079552	3003901	1247856	8635551	840196	36685819	16902414
2021-06-04	54398733	810500	291089	519411	39711104	4322994	9552608	37788935	17421825	0.454	0.209	7644926	5826686	1124640	1761928	4910112	4346229	944820	1001588	2734814	1480457	179820	760340	37407119	16991614	812027	25274299	14436805	3032592	1290402	8670017	882591	36976908	17421825
2021-06-05	54811548	412815	96276	316539	39982217	4389912	9596778	37915825	17738364	0.456	0.213	7644926	5826686	1124640	1761928	4910112	4346229	944820	1001588	2734814	1480457	179820	760340	37756390	17055158	842641	25333388	14648829	3058880	1331032	8680916	915862	37073184	17738364
2021-06-06	55103746	292198	59395	232803	40187946	4430903	9624016	37993460	17971167	0.457	0.216	7644926	5826686	1124640	1761928	4910112	4346229	944820	1001588	2734814	1480457	179820	760340	38018879	17084867	860881	25377292	14810654	3070850	1360053	8684437	939579	37132579	17971167
2021-06-07	55717322	613576	192798	420778	40589470	4515977	9696515	38240737	18391945	0.460	0.221	7644926	5826686	1124640	1761928	4910112	4346229	944820	1001588	2734814	1480457	179820	760340	38393171	17323248	915360	25511406	15078064	3098409	1417568	8715562	980953	37325377	18391945
2021-06-08	56768761	1051439	339891	711548	41434348	4591359	9759455	38648867	19103493	0.465	0.230	7644926	5826686	1124640	1761928	4910112	4346229	944820	1001588	2734814	1480457	179820	760340	38796789	17968865	983599	25792781	15641567	3124640	1466719	8747847	1011608	37665268	19103493
2021-06-09	58188753	1419992	445643	974349	42607333	4678593	9823451	39190287	20077842	0.471	0.241	7644926	5826686	1124640	1761928	4910112	4346229	944820	1001588	2734814	1480457	179820	760340	39226052	18956810	1079376	26177638	16429695	3153024	1525569	8780249	1043202	38110911	20077842
2021-06-10	59377347	1188594	402250	786344	43561906	4768401	9879220	39680981	20864186	0.477	0.251	7644926	5826686	1124640	1761928	4910112	4346229	944820	1001588	2734814	1480457	179820	760340	39663105	19705530	1167820	26520975	17040931	3185044	1583357	8807142	1072078	38513161	20864186
2021-06-11	60437379	1060032	362051	697981	44367144	4857424	9948215	40139808	21562167	0.483	0.259	7644926	5826686	1124640	1761928	4910112	4346229	944820	1001588	2734814	1480457	179820	760340	40107361	20318630	1264596	26825332	17541812	3213250	1644174	8836630	1111585	38875212	21562167
2021-06-12	60872354	434975	123475	311500	44651656	4929292	9991568	40298525	21873667	0.485	0.263	7644926	5826686	1124640	1761928	4910112	4346229	944820	1001588	2734814	1480457	179820	760340	40439239	20420893	1299838	26917042	17734614	3231962	1697330	8849683	1141885	38998687	21873667
2021-06-13	61155342	282988	64705	218283	44831543	4992805	10017367	40377019	22091950	0.485	0.266	7644926	5826686	1124640	1761928	4910112	4346229	944820	1001588	2734814	1480457	179820	760340	40686567	20456247	1313627	26961201	17870342	3247887	1744918	8854304	1163063	39063392	22091950
2021-06-14	61808787	653445	212792	440653	45261164	5094010	10084754	40645043	22532603	0.489	0.271	7644926	5826686	1124640	1761928	4910112	4346229	944820	1001588	2734814	1480457	179820	760340	41097501	20696780	1368859	27132791	18128373	3271501	1822509	8871892	1212862	39276184	22532603
2021-06-15	62853099	1044312	344830	699482	46057273	5198574	10169310	41048956	23232085	0.494	0.279	7644926	5826686	1124640	1761928	4910112	4346229	944820	1001588	2734814	1480457	179820	760340	41551634	21283470	1427942	27429472	18627801	3300028	1898546	8891514	1277796	39621014	23232085
2021-06-16	64231392	1378293	462887	915406	47156490	5304793	10265882	41588128	24147491	0.500	0.290	7644926	5826686	1124640	1761928	4910112	4346229	944820	1001588	2734814	1480457	179820	760340	42027354	22182018	1504227	27834660	19321830	3332190	1972603	8917051	1348831	40083901	24147491
2021-06-17	65375545	1144153	396290	747863	48037017	5407977	10358067	42052675	24895354	0.506	0.299	7644926	5826686	1124640	1761928	4910112	4346229	944820	1001588	2734814	1480457	179820	760340	42497937	22852215	1572484	28179296	19857721	3361556	2046421	8939339	1418728	40480191	24895354
2021-06-18	66364291	988746	342113	646633	48766547	5502099	10454333	42463616	25541987	0.511	0.307	7644926	5826686	1124640	1761928	4910112	4346229	944820	1001588	2734814	1480457	179820	760340	42953696	23382503	1641312	28468350	20298197	3392603	2109496	8961351	1492982	40822304	25541987
2021-06-19	66791140	426849	119521	307328	49039328	5584175	10505183	42604279	25849315	0.512	0.311	7644926	5826686	1124640	1761928	4910112	4346229	944820	1001588	2734814	1480457	179820	760340	43294804	23466988	1662454	28560365	20478963	3413574	2170601	8967886	1537297	40941825	25849315
2021-06-20	67086169	295029	67822	227207	49218104	5655776	10537023	42684913	26076522	0.513	0.314	7644926	5826686	1124640	1761928	4910112	4346229	944820	1001588	2734814	1480457	179820	760340	43559928	23496614	1675266	28609543	20608561	3429605	2226171	8970499	1566524	41009647	26076522
2021-06-21	67714407	628238	207379	420859	49627159	5753197	10622446	42928631	26497381	0.516	0.319	7644926	5826686	1124640	1761928	4910112	4346229	944820	1001588	2734814	1480457	179820	760340	43956616	23726147	1711605	28778100	20849059	3454452	2298745	8984474	1637972	41217026	26497381
2021-06-22	68786701	1072294	371561	700733	50467075	5849010	10724961	43334242	27198114	0.521	0.327	7644926	5826686	1124640	1761928	4910112	4346229	944820	1001588	2734814	1480457	179820	760340	44396206	24354112	1745655	29102960	21364115	3484943	2364067	9000684	1724277	41588587	27198114
2021-06-23	70116356	1329655	484029	845626	51551266	5944625	10840436	43852645	28043740	0.527	0.337	7644926	5826686	1124640	1761928	4910112	4346229	944820	1001588	2734814	1480457	179820	760340	44836924	25237778	1780029	29536695	22014571	3514612	2430013	9021309	1819127	42072616	28043740
2021-06-24	71147547	1031191	485419	545772	52344431	6031764	10951135	44378252	28589512	0.534	0.344	7644926	5826686	1124640	1761928	4910112	4346229	944820	1001588	2734814	1480457	179820	760340	45270666	25830883	1820217	29965700	22378731	3549797	2481967	9042538	1908597	42558035	28589512
2021-06-25	72063024	915477	375816	539661	53033715	6108066	11061011	44794083	29129173	0.539	0.350	7644926	5826686	1124640	1761928	4910112	4346229	944820	1001588	2734814	1480457	179820	760340	45699398	26314646	1860232	30295149	22738566	3576326	2531740	9062376	1998635	42933851	29129173
2021-06-26	72471704	408680	135626	273054	53287698	6177082	11133481	44942920	29402227	0.540	0.354	7644926	5826686	1124640	1761928	4910112	4346229	944820	1001588	2734814	1480457	179820	760340	46043727	26378225	1873443	30399006	22888692	3601864	2575218	9068607	2064874	43069477	29402227
2021-06-27	72763351	291647	89682	201965	53460388	6235160	11190239	45036723	29604192	0.542	0.356	7644926	5826686	1124640	1761928	4910112	4346229	944820	1001588	2734814	1480457	179820	760340	46309301	26403445	1877564	30466023	22994365	3621132	2614028	9072004	2118235	43159159	29604192
2021-06-28	73389695	626344	241798	384546	53858939	6324864	11303979	45302870	29988738	0.545	0.361	7644926	5826686	1124640	1761928	4910112	4346229	944820	1001588	2734814	1480457	179820	760340	46719151	26617843	1901913	30661849	23197090	3653368	2671496	9085740	2218239	43400957	29988738
2021-06-29	74318730	929035	386135	542900	54540371	6417412	11436656	45711383	30531638	0.550	0.367	7644926	5826686	1124640	1761928	4910112	4346229	944820	1001588	2734814	1480457	179820	760340	47147544	27113831	1924291	31003362	23537009	3686277	2731135	9097453	2339203	43787092	30531638
2021-06-30	75336332	1017602	447680	569922	55305050	6511153	11573226	46181675	31101560	0.555	0.374	7644926	5826686	1124640	1761928	4910112	4346229	944820	1001588	2734814	1480457	179820	760340	47575786	27697962	1946903	31401823	23903227	3721010	2790143	9111939	2461287	44234772	31101560
2021-07-01	76315147	978815	450292	528523	56045572	6594213	11705964	46654462	31630083	0.561	0.380	7644926	5826686	1124640	1761928	4910112	4346229	944820	1001588	2734814	1480457	179820	760340	47980032	28268207	1969398	31808084	24237488	3751519	2842694	9125461	2580503	44685064	31630083
2021-07-02	77157570	842423	377561	464862	56692960	6688557	11785043	47053635	32094945	0.566	0.386	7644926	5826686	1124640	1761928	4910112	4346229	944820	1001588	2734814	1480457	179820	760340	48377318	28709971	1991010	32144734	24548226	3783224	2905333	9134667	2650376	45062625	32094945
2021-07-03	77534080	376510	148376	228134	56947853	6767834	11812176	47217218	32323079	0.568	0.389	7644926	5826686	1124640	1761928	4910112	4346229	944820	1001588	2734814	1480457	179820	760340	48686831	28776252	2006217	32265728	24682125	3807814	2960020	9137459	2674717	45211001	32323079
2021-07-04	77807067	272987	92746	180241	57129264	6835975	11826698	47318877	32503320	0.569	0.391	7644926	5826686	1124640	1761928	4910112	4346229	944820	1001588	2734814	1480457	179820	760340	48932299	28803194	2015130	32338585	24790679	3826256	3009719	9138906	2687792	45303747	32503320
2021-07-05	78341161	534094	195115	338979	57514671	6930271	11866237	47528844	32842299	0.571	0.395	7644926	5826686	1124640	1761928	4910112	4346229	944820	1001588	2734814	1480457	179820	760340	49274338	28993153	2029982	32503364	25011307	3852242	3078029	9143256	2722981	45498862	32842299
2021-07-06	79115631	774470	268934	505536	58129422	7029097	11911471	47813437	33347835	0.575	0.401	7644926	5826686	1124640	1761928	4910112	4346229	944820	1001588	2734814	1480457	179820	760340	49615136	29423099	2045641	32742488	25386934	3877504	3151593	9147804	2763667	45767796	33347835
2021-07-07	80107213	991582	322552	669030	58955404	7124443	11962764	48154950	34016865	0.579	0.409	7644926	5826686	1124640	1761928	4910112	4346229	944820	1001588	2734814	1480457	179820	760340	49968489	30056482	2064602	33035044	25920360	3902098	3222345	9153206	2809558	46090348	34016865
2021-07-08	80950400	843187	261975	581212	59635817	7225272	12005326	48436308	34598077	0.582	0.416	7644926	5826686	1124640	1761928	4910112	4346229	944820	1001588	2734814	1480457	179820	760340	50312474	30551427	2083985	33270281	26365536	3924554	3300718	9157488	2847838	46352323	34598077
2021-07-09	81704522	754122	218526	535596	60227753	7323759	12048462	48675397	35133673	0.585	0.422	7644926	5826686	1124640	1761928	4910112	4346229	944820	1001588	2734814	1480457	179820	760340	50657556	30956968	2104548	33466517	26761236	3942406	3381353	9161926	2886536	46570849	35133673
2021-07-10	82047347	342825	95408	247417	60455569	7407921	12069564	48780550	35381090	0.587	0.425	7644926	5826686	1124640	1761928	4910112	4346229	944820	1001588	2734814	1480457	179820	760340	50931472	31025280	2114293	33542368	26913201	3960520	3447401	9163369	2906195	46666257	35381090
2021-07-11	82275089	227742	60951	166791	60601230	7471423	12079850	48849794	35547881	0.587	0.427	7644926	5826686	1124640	1761928	4910112	4346229	944820	1001588	2734814	1480457	179820	760340	51139920	31044204	2122586	33588080	27013150	3975292	3496131	9163836	2916014	46727208	35547881
2021-07-12	82739816	464727	150272	314455	60948987	7550309	12103862	49014138	35862336	0.589	0.431	7644926	5826686	1124640	1761928	4910112	4346229	944820	1001588	2734814	1480457	179820	760340	51406194	31240232	2136658	33707587	27241400	4004186	3546123	9165707	2938155	46877480	35862336
2021-07-13	83497078	757262	179257	578005	61574186	7627912	12138406	49213311	36440341	0.592	0.438	7644926	5826686	1124640	1761928	4910112	4346229	944820	1001588	2734814	1480457	179820	760340	51660197	31739362	2156574	33858616	27715570	4030153	3597759	9167968	2970438	47056737	36440341
2021-07-14	84467668	970590	202359	768231	62403119	7699671	12185496	49438478	37208572	0.594	0.447	7644926	5826686	1124640	1761928	4910112	4346229	944820	1001588	2734814	1480457	179820	760340	51936246	32429200	2179382	34036120	28366999	4051343	3648328	9171633	3013863	47259096	37208572
2021-07-15	85230988	763320	170339	592981	63034543	7770496	12224027	49631357	37801553	0.597	0.455	7644926	5826686	1124640	1761928	4910112	4346229	944820	1001588	2734814	1480457	179820	760340	52193455	32931568	2201922	34184411	28850132	4070518	3699978	9174506	3049521	47429435	37801553
2021-07-16	85886578	655590	150712	504878	63571825	7834674	12255982	49804244	38306431	0.599	0.461	7644926	5826686	1124640	1761928	4910112	4346229	944820	1001588	2734814	1480457	179820	760340	52448487	33328254	2224097	34315997	29255828	4087723	3746951	9176427	3079555	47580147	38306431
2021-07-17	86157345	270767	70685	200082	63745362	7897802	12271630	49893383	38506513	0.600	0.463	7644926	5826686	1124640	1761928	4910112	4346229	944820	1001588	2734814	1480457	179820	760340	52660877	33384580	2242551	34370141	29375221	4103378	3794424	9177313	3094317	47650832	38506513
2021-07-18	86356785	199440	59464	139976	63880595	7939363	12283081	49964042	38646489	0.601	0.465	7644926	5826686	1124640	1761928	4910112	4346229	944820	1001588	2734814	1480457	179820	760340	52831693	33412623	2253746	34420057	29460538	4112649	3826714	9177590	3105491	47710296	38646489
2021-07-19	86734827	378042	91052	286990	64174193	7989824	12302849	50069309	38933479	0.602	0.468	7644926	5826686	1124640	1761928	4910112	4346229	944820	1001588	2734814	1480457	179820	760340	53027694	33592649	2267961	34496846	29677347	4125581	3864243	9178921	3123928	47801348	38933479
2021-07-20	87335045	600218	125885	474333	64689933	8038150	12324723	50209472	39407812	0.604	0.474	7644926	5826686	1124640	1761928	4910112	4346229	944820	1001588	2734814	1480457	179820	760340	53245800	33970767	2282239	34604595	30085338	4141190	3896960	9181448	3143275	47927233	39407812
2021-07-21	88080329	745284	154510	590774	65352707	8084092	12347458	50377815	39998586	0.606	0.481	7644926	5826686	1124640	1761928	4910112	4346229	944820	1001588	2734814	1480457	179820	760340	53479690	34477235	2296072	34744555	30608152	4154145	3929947	9183043	3164415	48081743	39998586
2021-07-22	88691282	610953	120904	490049	65887960	8127414	12366295	50512260	40488635	0.607	0.487	7644926	5826686	1124640	1761928	4910112	4346229	944820	1001588	2734814	1480457	179820	760340	53705527	34857754	2309613	34853985	31033975	4164228	3963186	9184434	3181861	48202647	40488635
2021-07-23	89252795	561513	113060	448453	66370676	8169663	12384801	50643362	40937088	0.609	0.492	7644926	5826686	1124640	1761928	4910112	4346229	944820	1001588	2734814	1480457	179820	760340	53936188	35185498	2327655	34955750	31414926	4174185	3995478	9185772	3199029	48315707	40937088
2021-07-24	89462140	209345	52241	157104	66522977	8207122	12392542	50707447	41094192	0.610	0.494	7644926	5826686	1124640	1761928	4910112	4346229	944820	1001588	2734814	1480457	179820	760340	54089574	35239989	2339499	34999949	31523028	4181463	4025659	9186536	3206006	48367948	41094192
2021-07-25	89586216	124076	31950	92126	66606587	8238562	12395819	50745146	41186318	0.610	0.495	7644926	5826686	1124640	1761928	4910112	4346229	944820	1001588	2734814	1480457	179820	760340	54193806	35258381	2345248	35025525	31581062	4187720	4050842	9186653	3209166	48399898	41186318
2021-07-26	89918425	332209	71251	260958	66875790	8278323	12408103	50827358	41447276	0.611	0.498	7644926	5826686	1124640	1761928	4910112	4346229	944820	1001588	2734814	1480457	179820	760340	54375771	35406924	2356209	35086119	31789671	4197269	4081054	9187761	3220342	48471149	41447276
2021-07-27	90459717	541292	97320	443972	67342511	8320459	12427893	50937323	41891248	0.612	0.504	7644926	5826686	1124640	1761928	4910112	4346229	944820	1001588	2734814	1480457	179820	760340	54580420	35739285	2368854	35173483	32169028	4205935	4114524	9189051	3238842	48568469	41891248
2021-07-28	91136821	677104	121159	555945	67936242	8367151	12451186	51071870	42447193	0.614	0.510	7644926	5826686	1124640	1761928	4910112	4346229	944820	1001588	2734814	1480457	179820	760340	54807368	36185608	2382242	35283997	32652245	4215346	4151805	9190285	3260901	48689628	42447193
2021-07-29	91703381	566560	104512	462048	68425230	8410488	12470903	51190900	42909241	0.616	0.516	7644926	5826686	1124640	1761928	4910112	4346229	944820	1001588	2734814	1480457	179820	760340	55013997	36541536	2396760	35378128	33047102	4224510	4185978	9191502	3279401	48794140	42909241
2021-07-30	92190107	486726	93525	393201	68833862	8455666	12488037	51300207	43302442	0.617	0.521	7644926	5826686	1124640	1761928	4910112	4346229	944820	1001588	2734814	1480457	179820	760340	55221157	36818387	2412542	35461645	33372217	4233451	4222215	9192569	3295468	48887665	43302442
2021-07-31	92383143	193036	46697	146339	68972893	8491423	12494046	51359143	43448781	0.618	0.522	7644926	5826686	1124640	1761928	4910112	4346229	944820	1001588	2734814	1480457	179820	760340	55375699	36856357	2424781	35502027	33470866	4239614	4251809	9192721	3301325	48934362	43448781
2021-08-01	92499013	115870	30247	85623	69055722	8516443	12496357	51395100	43534404	0.618	0.523	7644926	5826686	1124640	1761928	4910112	4346229	944820	1001588	2734814	1480457	179820	760340	55474827	36872662	2430491	35528030	33527692	4243776	4272667	9192803	3303554	48964609	43534404
2021-08-02	92785797	286784	57789	228995	69289192	8549687	12505478	51463838	43763399	0.619	0.526	7644926	5826686	1124640	1761928	4910112	4346229	944820	1001588	2734814	1480457	179820	760340	55639563	36992897	2441440	35580213	33708979	4248811	4300876	9193374	3312104	49022398	43763399
2021-08-03	93234365	448568	75330	373238	69675485	8587525	12517412	51551671	44136637	0.620	0.531	7644926	5826686	1124640	1761928	4910112	4346229	944820	1001588	2734814	1480457	179820	760340	55818340	37259593	2453943	35650032	34025453	4253596	4333929	9194100	3323312	49097728	44136637
2021-08-04	93787279	552914	94324	458590	70170176	8622647	12528600	51657908	44595227	0.621	0.536	7644926	5826686	1124640	1761928	4910112	4346229	944820	1001588	2734814	1480457	179820	760340	56012597	37614993	2465856	35738449	34431727	4259008	4363639	9194595	3334005	49192052	44595227
2021-08-05	94272474	485195	80901	404294	70598204	8659853	12536488	51750882	44999521	0.622	0.541	7644926	5826686	1124640	1761928	4910112	4346229	944820	1001588	2734814	1480457	179820	760340	56198980	37910549	2477929	35814098	34784106	4263660	4396193	9195195	3341293	49272953	44999521
