date	dosen_kumulativ	dosen_differenz_zum_vortag	dosen_erst_differenz_zum_vortag	dosen_zweit_differenz_zum_vortag	dosen_biontech_kumulativ	dosen_moderna_kumulativ	dosen_astrazeneca_kumulativ	personen_erst_kumulativ	personen_voll_kumulativ	impf_quote_erst	impf_quote_voll	indikation_alter_dosen	indikation_beruf_dosen	indikation_medizinisch_dosen	indikation_pflegeheim_dosen	indikation_alter_erst	indikation_beruf_erst	indikation_medizinisch_erst	indikation_pflegeheim_erst	indikation_alter_voll	indikation_beruf_voll	indikation_medizinisch_voll	indikation_pflegeheim_voll	dosen_dim_kumulativ	dosen_kbv_kumulativ	dosen_johnson_kumulativ	dosen_biontech_erst_kumulativ	dosen_biontech_zweit_kumulativ	dosen_moderna_erst_kumulativ	dosen_moderna_zweit_kumulativ	dosen_astrazeneca_erst_kumulativ	dosen_astrazeneca_zweit_kumulativ	dosen_erst_kumulativ	dosen_zweit_kumulativ
2020-12-27	24096	24096	24083	13	24094	2	0	24083	13	0.000	0.000	10705	8657	1305	12604	10664	8590	1305	12536	41	67	0	68	24096	0	0	24081	13	2	0	0	0	24083	13
2020-12-28	41977	17881	17742	139	41975	2	0	41825	152	0.001	0.000	18621	15788	1991	21344	18580	15721	1991	21276	41	67	0	68	41977	0	0	41823	152	2	0	0	0	41825	152
2020-12-29	91933	49956	49250	706	91930	2	1	91075	858	0.001	0.000	34989	40734	3107	40508	34724	40420	3107	40099	265	314	0	409	91933	0	0	91072	858	2	0	1	0	91075	858
2020-12-30	155355	63422	63301	121	155352	2	1	154376	979	0.002	0.000	55510	73365	4901	63206	55243	73050	4901	62794	267	315	0	412	155355	0	0	154373	979	2	0	1	0	154376	979
2020-12-31	205054	49699	49610	89	205051	2	1	203986	1068	0.002	0.000	72831	96719	6752	83965	72517	96367	6752	83476	314	352	0	489	205054	0	0	203983	1068	2	0	1	0	203986	1068
2021-01-01	230395	25341	25332	9	230384	7	4	229318	1077	0.003	0.000	81208	105449	7830	92301	80894	105097	7830	91812	314	352	0	489	230395	0	0	229308	1076	7	0	3	1	229318	1077
2021-01-02	278345	47950	47664	286	278334	7	4	276982	1363	0.003	0.000	102774	129731	10350	113258	102365	129304	10350	112629	409	427	0	629	278345	0	0	276972	1362	7	0	3	1	276982	1363
2021-01-03	300753	22408	22403	5	300741	8	4	299385	1368	0.004	0.000	113044	140227	11284	123279	112635	139800	11284	122650	409	427	0	629	300753	0	0	299374	1367	8	0	3	1	299385	1368
2021-01-04	346473	45720	45670	50	346460	9	4	345055	1418	0.004	0.000	129646	164913	13951	139091	129237	164486	13951	138462	409	427	0	629	346473	0	0	345043	1417	9	0	3	1	345055	1418
2021-01-05	398238	51765	51487	278	398224	10	4	396542	1696	0.005	0.000	147987	192565	16489	157656	147576	192117	16489	157025	411	448	0	631	398238	0	0	396529	1695	10	0	3	1	396542	1696
2021-01-06	460523	62285	62278	7	460500	16	7	458820	1703	0.006	0.000	169498	225530	19910	180812	169086	225082	19910	180181	412	448	0	631	460523	0	0	458799	1701	16	0	5	2	458820	1703
2021-01-07	514447	53924	53903	21	514420	19	8	512723	1724	0.006	0.000	189172	254868	22957	197233	188758	254418	22957	196600	414	450	0	633	514447	0	0	512698	1722	19	0	6	2	512723	1724
2021-01-08	576013	61566	61458	108	575934	70	9	574181	1832	0.007	0.000	211521	287315	26324	218219	211009	286711	26320	217449	512	604	4	770	576013	0	0	574104	1830	70	0	7	2	574181	1832
2021-01-09	635980	59967	59820	147	635898	73	9	634001	1979	0.008	0.000	237322	313238	29007	243325	236798	312599	29003	242545	524	639	4	780	635980	0	0	633921	1977	73	0	7	2	634001	1979
2021-01-10	671208	35228	35079	149	671118	81	9	669080	2128	0.008	0.000	252455	327794	30379	256315	251929	327151	30375	255535	526	643	4	780	671208	0	0	668993	2125	80	1	7	2	669080	2128
2021-01-11	738709	67501	67399	102	738604	94	11	736479	2230	0.009	0.000	277513	359176	33587	276774	276967	358513	33583	275968	546	663	4	806	738709	0	0	736383	2221	87	7	9	2	736479	2230
2021-01-12	816975	78266	78202	64	816854	109	12	814681	2294	0.010	0.000	305695	401338	36582	301731	305147	400670	36578	300888	548	668	4	843	816975	0	0	814570	2284	102	7	9	3	814681	2294
2021-01-13	927696	110721	110520	201	926405	1279	12	925201	2495	0.011	0.000	345167	458844	40485	337339	344574	458093	40466	336399	593	751	19	940	927696	0	0	923920	2485	1272	7	9	3	925201	2495
2021-01-14	1010727	83031	82842	189	1004290	6425	12	1008043	2684	0.012	0.000	374803	501101	42769	361463	374094	500254	42750	360452	709	847	19	1011	1010727	0	0	1001660	2630	6374	51	9	3	1008043	2684
2021-01-15	1101138	90411	89565	846	1089431	11690	17	1097608	3530	0.013	0.000	408725	545673	46728	389202	407810	544625	46700	387982	915	1048	28	1220	1101138	0	0	1085955	3476	11639	51	14	3	1097608	3530
2021-01-16	1158480	57342	56320	1022	1145093	13369	18	1153928	4552	0.014	0.000	432983	570627	48859	408798	431664	569232	48767	407047	1319	1395	92	1751	1158480	0	0	1140595	4498	13318	51	15	3	1153928	4552
2021-01-17	1206036	47556	29783	17773	1191387	14630	19	1183711	22325	0.014	0.000	453449	591002	50884	428544	444215	583354	50014	417145	9234	7648	870	11399	1206036	0	0	1169116	22271	14579	51	16	3	1183711	22325
2021-01-18	1287860	81824	66152	15672	1269068	18772	20	1249863	37997	0.015	0.000	482728	633883	53106	448900	467235	619730	51700	430238	15493	14153	1406	18662	1287860	0	0	1231127	37941	18719	53	17	3	1249863	37997
2021-01-19	1406606	118746	82334	36412	1384145	22433	28	1332197	74409	0.016	0.001	519765	695968	56714	479843	492669	666683	54375	447938	27096	29285	2339	31905	1406606	0	0	1309796	74349	22376	57	25	3	1332197	74409
2021-01-20	1538715	132109	77581	54528	1513509	25175	31	1409778	128937	0.017	0.002	568076	760039	60957	522078	522876	706310	57505	469463	45200	53729	3452	52615	1538715	0	0	1384632	128877	25118	57	28	3	1409778	128937
2021-01-21	1643703	104988	63658	41330	1615755	27915	33	1473436	170267	0.018	0.002	610150	808503	65406	556195	549621	735602	60889	487988	60529	72901	4517	68207	1643703	0	0	1445550	170205	27857	58	29	4	1473436	170267
2021-01-22	1745186	101483	68028	33455	1715043	30102	41	1541464	203722	0.019	0.002	654049	853889	69013	590642	579902	764987	63599	506975	74147	88902	5414	83667	1745186	0	0	1511388	203655	30039	63	37	4	1541464	203722
2021-01-23	1831617	86431	40430	46001	1801117	30456	44	1581894	249723	0.019	0.003	691767	890989	72414	617916	599855	780966	64783	516268	91912	110023	7631	101648	1831617	0	0	1551462	249655	30392	64	40	4	1581894	249723
2021-01-24	1878906	47289	25454	21835	1848204	30654	48	1607348	271558	0.019	0.003	715655	910067	73331	632982	614016	789814	65130	521524	101639	120253	8201	111458	1878906	0	0	1576714	271490	30590	64	44	4	1607348	271558
2021-01-25	1969834	90928	52261	38667	1937712	32071	51	1659609	310225	0.020	0.004	756375	951632	76827	658117	642321	811974	66847	534304	114054	139658	9980	123813	1969834	0	0	1627558	310154	32004	67	47	4	1659609	310225
2021-01-26	2067249	97415	50609	46806	2033685	33506	58	1710218	357031	0.021	0.004	796572	997196	80614	684405	667753	831436	68195	545278	128819	165760	12419	139127	2067249	0	0	1676729	356956	33435	71	54	4	1710218	357031
2021-01-27	2176544	109295	50769	58526	2141186	35292	66	1760987	415557	0.021	0.005	839834	1049509	85786	715259	691463	852265	70042	556304	148371	197244	15744	158955	2176544	0	0	1725716	415470	35209	83	62	4	1760987	415557
2021-01-28	2268798	92254	46358	45896	2231809	36920	69	1807345	461453	0.022	0.006	877990	1090332	89974	739697	713483	869115	71590	567469	164507	221217	18384	172228	2268798	0	0	1770531	461278	36749	171	65	4	1807345	461453
2021-01-29	2376462	107664	49971	57693	2337986	38400	76	1857316	519146	0.022	0.006	920894	1138243	95507	769100	735839	888487	73819	578309	185055	249756	21688	190791	2376462	0	0	1819016	518970	38228	172	72	4	1857316	519146
2021-01-30	2464472	88010	34357	53653	2425114	39280	78	1891673	572799	0.023	0.007	957412	1174692	99468	796433	752473	901967	75224	586328	204939	272725	24244	210105	2464472	0	0	1852494	572620	39106	174	73	5	1891673	572799
2021-01-31	2521341	56869	25752	31117	2481602	39656	83	1917425	603916	0.023	0.007	982865	1196922	101575	812430	766590	910861	76411	592657	216275	286061	25164	219773	2521341	0	0	1877874	603728	39474	182	77	6	1917425	603916
2021-02-01	2640864	119523	57969	61554	2598865	41865	134	1975394	665470	0.024	0.008	1026174	1260299	105285	839830	787193	944041	78273	602425	238981	316258	27012	237405	2640864	0	0	1933585	665280	41681	184	128	6	1975394	665470
2021-02-02	2772876	132012	64792	67220	2727803	44926	147	2040186	732690	0.025	0.009	1069633	1330364	110479	870030	806216	982089	80866	611659	263417	348275	29613	258371	2772876	0	0	1995304	732499	44741	185	141	6	2040186	732690
2021-02-03	2933921	161045	63518	97527	2882493	51254	173	2103705	830217	0.025	0.010	1128983	1407775	116405	912544	829819	1014401	83062	623312	299164	393374	33343	289232	2933921	0	1	2052474	830019	51063	191	167	6	2103704	830217
2021-02-04	3066963	133042	61196	71846	3009697	57087	178	2164901	902063	0.026	0.011	1177986	1472437	120972	943857	851937	1046473	85311	632945	326049	425964	35661	310912	3066963	0	1	2107835	901862	56893	194	172	6	2164900	902063
2021-02-05	3213354	146391	68900	77491	3149630	63537	186	2233801	979554	0.027	0.012	1232524	1542580	126293	977786	877231	1080338	86905	644262	355293	462242	39388	333524	3213354	0	1	2170412	979218	63209	328	179	7	2233800	979554
2021-02-06	3307020	93666	45374	48292	3240669	66163	187	2279175	1027846	0.027	0.012	1272514	1588658	130853	1003590	896490	1101898	88782	653957	376024	486760	42071	349633	3307020	0	1	2213159	1027510	65835	328	180	7	2279174	1027846
2021-02-07	3360326	53306	28252	25054	3291646	68490	189	2307427	1052900	0.028	0.013	1298155	1609930	133571	1016823	910800	1112720	90015	659435	387355	497210	43556	357388	3360326	0	1	2239083	1052563	68161	329	182	7	2307426	1052900
2021-02-08	3469173	108847	52860	55987	3396645	72311	216	2360287	1108887	0.028	0.013	1350672	1655734	137545	1035599	942269	1129343	91902	666781	408403	526391	45643	368818	3469173	0	1	2288096	1108549	71981	330	209	7	2360286	1108887
2021-02-09	3603233	134060	60197	73863	3527158	75745	329	2420484	1182750	0.029	0.014	1411842	1714380	141993	1058512	978151	1147503	94639	674792	433691	566877	47354	383720	3603233	0	1	2344936	1182222	75225	520	322	7	2420483	1182750
2021-02-10	3757384	154151	77324	76827	3668743	79980	8660	2497808	1259577	0.030	0.015	1478760	1781046	146001	1087933	1017461	1175177	96286	685176	461299	605869	49715	402757	3757384	0	1	2410687	1258056	78479	1501	8641	19	2497807	1259577
2021-02-11	3901083	143699	75206	68493	3788861	87246	24973	2573016	1328070	0.031	0.016	1539776	1848576	151475	1113070	1052428	1208053	98713	694775	487348	640523	52762	418295	3901083	0	3	2465359	1323502	82714	4532	24940	33	2573013	1328070
2021-02-12	4056250	155167	79514	75653	3920505	96544	39195	2652533	1403723	0.032	0.017	1611268	1919253	157751	1138545	1094198	1240389	101429	704318	517070	678864	56322	434227	4056250	0	6	2526403	1394102	87286	9258	38838	357	2652527	1403723
2021-02-13	4163624	107374	61924	45450	4011271	99801	52545	2714458	1449173	0.033	0.017	1667599	1960972	162355	1156080	1129093	1262877	103231	711418	538506	698095	59124	444662	4163624	0	7	2573272	1437999	88998	10803	52181	364	2714451	1449173
2021-02-14	4228832	65208	39495	25713	4066757	102276	59791	2753954	1474886	0.033	0.018	1706122	1983696	163973	1164146	1153761	1276081	104081	714928	552361	707615	59892	449218	4228832	0	8	2604272	1462485	90268	12008	59406	385	2753946	1474886
2021-02-15	4354096	125264	69522	55742	4171335	107505	75247	2823477	1530628	0.034	0.018	1773591	2031897	168008	1183418	1194859	1300739	106358	721524	578732	731158	61650	461894	4354096	0	9	2656083	1515252	92540	14965	74845	402	2823468	1530628
2021-02-16	4488150	134054	77703	56351	4279723	113624	94793	2901181	1586979	0.035	0.019	1839625	2089928	170683	1200400	1236633	1336138	107879	728440	602992	753790	62804	471960	4488150	0	10	2711527	1568196	95265	18359	94379	414	2901171	1586979
2021-02-17	4638863	150713	94425	56288	4401713	121623	115516	2995607	1643267	0.036	0.020	1920033	2147919	175770	1221928	1292995	1368705	110873	736858	627038	779214	64897	485070	4638863	0	11	2780429	1621284	100077	21546	115090	426	2995596	1643267
2021-02-18	4783079	144216	91235	52981	4513891	129844	139332	3086843	1696248	0.037	0.020	1995907	2206102	179208	1240945	1345328	1403985	112659	744258	650579	802117	66549	496687	4783079	0	12	2843173	1670718	104756	25088	138902	430	3086831	1696248
2021-02-19	4941362	158283	102756	55527	4634808	139806	166735	3189600	1751775	0.038	0.021	2076668	2266444	184080	1258305	1402958	1440066	115287	750941	673710	826378	68793	507364	4941362	0	13	2911680	1723128	111708	28098	166199	536	3189587	1751775
2021-02-20	5053404	112042	75791	36251	4721165	144270	187955	3265392	1788026	0.039	0.021	2138268	2310157	187738	1272296	1445964	1469322	117533	755178	692304	840835	70205	517118	5053404	0	14	2962230	1758935	115739	28531	187409	546	3265378	1788026
2021-02-21	5139198	85794	57421	28373	4787670	147911	203602	3322814	1816399	0.040	0.022	2187054	2340674	190304	1282667	1479917	1489494	118664	757407	707137	851180	71640	525260	5139198	0	15	3000528	1787142	119221	28690	203050	552	3322799	1816399
2021-02-22	5294426	155228	97540	57688	4910329	156905	227176	3420355	1874087	0.041	0.023	2266701	2410287	195201	1300517	1538362	1525084	121627	763642	728339	885203	73574	536875	5294426	0	16	3067280	1843049	126447	30458	226612	564	3420339	1874087
2021-02-23	5464008	169582	109096	60486	5043867	164115	256009	3529452	1934573	0.042	0.023	2346910	2483166	200501	1318387	1598211	1563793	124757	771284	748699	919373	75744	547103	5464008	0	17	3142004	1901863	131998	32117	255433	576	3529435	1934573
2021-02-24	5639612	175604	116468	59136	5175208	171726	292660	3645921	1993709	0.044	0.024	2431789	2557990	207079	1337422	1660503	1608669	128907	778912	771286	949321	78172	558510	5639612	0	18	3215914	1959294	137923	33803	292066	594	3645903	1993709
2021-02-25	5828357	188745	129753	58992	5306349	178486	343504	3775674	2052701	0.045	0.025	2514175	2648479	213515	1355541	1722988	1667176	133470	787131	791187	981303	80045	568410	5828357	0	18	3289604	2016745	143154	35332	342898	606	3775656	2052701
2021-02-26	6040664	212307	145472	66835	5447019	187319	406308	3921146	2119536	0.047	0.025	2602819	2749814	220591	1375230	1787946	1735795	138593	794627	814873	1014019	81998	580603	6040664	0	18	3365127	2081892	150370	36949	405631	677	3921128	2119536
2021-02-27	6188385	147721	107826	39895	5539677	191401	457289	4028972	2159431	0.048	0.026	2666475	2822116	227301	1388101	1833818	1790224	143432	799030	832657	1031892	83869	589071	6188385	0	18	3418630	2121047	153720	37681	456604	685	4028954	2159431
2021-02-28	6291220	102835	78774	24061	5600952	195354	494895	4107747	2183492	0.049	0.026	2714700	2875405	231582	1394762	1868893	1834535	146785	801170	845807	1040870	84797	593592	6291220	0	19	3456215	2144737	157321	38033	494192	703	4107728	2183492
2021-03-01	6489307	198087	148276	49811	5731083	204977	553228	4256023	2233303	0.051	0.027	2817221	2953369	239381	1408021	1943445	1896228	153263	806209	873776	1057141	86118	601812	6489307	0	19	3538572	2192511	164922	40055	552510	718	4256004	2233303
2021-03-02	6707845	218538	166438	52100	5870806	214967	622053	4422461	2285403	0.053	0.027	2927307	3047588	248982	1422628	2022735	1971725	160632	812692	904572	1075863	88350	609936	6707845	0	19	3629091	2241715	172037	42930	621314	739	4422442	2285403
2021-03-03	6953829	245984	175769	70215	6027499	229915	696396	4598230	2355618	0.055	0.028	3047976	3148969	260606	1439862	2105531	2048823	170041	819606	942445	1100146	90565	620256	6953829	0	19	3721520	2305979	181109	48806	695582	814	4598211	2355618
2021-03-04	7198258	244429	181614	62815	6168512	244385	785342	4779844	2418433	0.057	0.029	3159240	3258741	272992	1455625	2181653	2136963	180034	825002	977587	1121778	92958	630623	7198258	0	19	3805156	2363356	190183	54202	784486	856	4779825	2418433
2021-03-05	7473810	275552	207053	68499	6317935	257750	898105	4986898	2486932	0.060	0.030	3277185	3383782	287941	1471072	2258903	2242620	191990	830697	1018282	1141162	95951	640375	7473810	0	20	3892090	2425845	197588	60162	897200	905	4986878	2486932
2021-03-06	7675481	201671	153023	48648	6427148	266191	982122	5139921	2535580	0.062	0.030	3366696	3478463	298371	1480590	2314602	2325555	200824	833966	1052094	1152908	97547	646624	7675481	0	20	3954914	2472234	203791	62400	981196	926	5139901	2535580
2021-03-07	7823008	147527	114045	33482	6506881	272848	1043259	5253966	2569062	0.063	0.031	3437978	3544531	306478	1486155	2360956	2383880	208082	835928	1077022	1160651	98396	650227	7823008	0	20	4003523	2503358	208110	64738	1042313	946	5253946	2569062
2021-03-08	8060455	237447	185859	51588	6640782	283803	1135850	5439825	2620650	0.065	0.032	3556806	3640371	322827	1498475	2442587	2468035	222757	841890	1114219	1172336	100070	656585	8060455	0	20	4089239	2551543	215702	68101	1134864	986	5439805	2620650
2021-03-09	8312647	252192	197344	54848	6780862	296588	1235177	5637169	2675498	0.068	0.032	3677710	3742787	340236	1512022	2524321	2558568	238262	848791	1153389	1184219	101974	663231	8312647	0	20	4178008	2602854	225014	71574	1234127	1050	5637149	2675498
2021-03-10	8600776	288129	221090	67039	6939900	308622	1352233	5858260	2742537	0.070	0.033	3808598	3856306	360962	1530389	2606688	2661880	256906	860000	1201910	1194426	104056	670389	8599805	971	21	4273620	2666280	233490	75132	1351129	1104	5858239	2742537
2021-03-11	8884863	284087	223207	60880	7087518	322339	1474985	6081467	2803417	0.073	0.034	3937470	3976178	382106	1544008	2689957	2769533	276555	867677	1247513	1206645	105551	676331	8883237	1626	21	4364762	2722756	242859	79480	1473825	1160	6081446	2803417
2021-03-12	9211299	326436	255590	70846	7239081	339634	1632563	6337057	2874263	0.076	0.035	4071484	4127850	404783	1559463	2770420	2906954	297406	877132	1301064	1220896	107377	682331	9209463	1836	21	4450274	2788807	255561	84073	1631201	1362	6337036	2874263
2021-03-13	9451888	240589	190309	50280	7355091	349201	1747575	6527366	2924543	0.078	0.035	4181046	4240796	425293	1567511	2840453	3011727	316755	881879	1340593	1229069	108538	685632	9449896	1992	21	4517457	2837634	263787	85414	1746101	1474	6527345	2924543
2021-03-14	9621893	170005	134355	35650	7443094	354713	1824065	6661721	2960193	0.080	0.036	4266043	4307307	441408	1570975	2896461	3072888	331859	883676	1369582	1234419	109549	687299	9619891	2002	21	4570806	2872288	268324	86389	1822570	1495	6661700	2960193
2021-03-15	9869538	247645	188424	59221	7595841	367450	1906226	6850145	3019414	0.082	0.036	4400463	4391447	461474	1582289	2984151	3147219	350790	890548	1416312	1244228	110684	691741	9867253	2285	21	4666121	2929720	279361	88089	1904642	1584	6850124	3019414
2021-03-16	10048406	178868	110732	68136	7762441	378701	1907243	6960877	3087550	0.084	0.037	4527474	4426082	473886	1593025	3059300	3169255	361553	895647	1468174	1256827	112333	697378	10045574	2832	21	4767073	2995368	288127	90574	1905656	1587	6960856	3087550
2021-03-17	10253331	204925	124032	80893	7948637	396688	1907985	7084909	3168443	0.085	0.038	4672447	4463838	487350	1605072	3141952	3193652	373040	902175	1530495	1270186	114310	702897	10249882	3449	21	4877188	3071449	301307	95381	1906393	1592	7084888	3168443
2021-03-18	10446799	193468	117900	75568	8122789	414845	1909144	7202809	3244011	0.087	0.039	4812398	4498757	499905	1615322	3222615	3215628	383588	907340	1589783	1283129	116317	707982	10442927	3872	21	4980973	3141816	314264	100581	1907551	1593	7202788	3244011
2021-03-19	10691485	244686	160530	84156	8308149	435633	1947682	7363339	3328167	0.089	0.040	4961948	4563922	518114	1627194	3306761	3267408	399605	914537	1655187	1296514	118509	712657	10687082	4403	21	5089041	3219108	328245	107388	1946032	1650	7363318	3328167
2021-03-20	10911736	220251	166993	53258	8443522	450921	2017272	7530332	3381425	0.091	0.041	5078536	4641917	537715	1633319	3379545	3337212	417708	917920	1698991	1304705	120007	715399	10907009	4727	21	5175014	3268508	339706	111215	2015591	1681	7530311	3381425
2021-03-21	11076224	164488	126303	38185	8545693	460110	2070400	7656635	3419610	0.092	0.041	5171749	4694283	554274	1635819	3440184	3384099	433219	919244	1731565	1310184	121055	716575	11071497	4727	21	5242270	3303423	345651	114459	2068693	1707	7656614	3419610
2021-03-22	11345354	269130	192744	76386	8712083	483897	2149353	7849379	3495996	0.094	0.042	5329624	4766248	576579	1645397	3534739	3445389	453483	925279	1794885	1320859	123096	720118	11339099	6255	21	5339730	3372353	362036	121861	2147592	1761	7849358	3495996
2021-03-23	11645998	300644	216841	83803	8893490	503588	2248899	8066220	3579799	0.097	0.043	5490190	4854892	604288	1656865	3629814	3521119	478432	932910	1860376	1333773	125856	723955	11634755	11243	21	5442363	3451127	376754	126834	2247082	1817	8066199	3579799
2021-03-24	11985001	339003	249407	89596	9093617	536613	2354750	8315627	3669395	0.100	0.044	5664852	4952071	635971	1672375	3732242	3605792	507202	944863	1932610	1346279	128769	727512	11967966	17035	21	5558276	3535341	404473	132140	2352857	1893	8315606	3669395
2021-03-25	12317590	332589	251452	81137	9279086	564276	2474207	8567079	3750532	0.103	0.045	5830941	5060081	670798	1683452	3832663	3703768	539527	951994	1998278	1356313	131271	731458	12294610	22980	21	5668289	3610797	426565	137711	2472204	2003	8567058	3750532
2021-03-26	12691307	373717	285326	88391	9478620	601437	2611229	8852405	3838923	0.106	0.046	6003833	5184282	710463	1698535	3933360	3816071	576057	962322	2070473	1368211	134406	736213	12662013	29294	21	5786226	3692394	457022	144415	2609136	2093	8852384	3838923
2021-03-27	12972523	281216	218889	62327	9628175	629055	2715271	9071295	3901250	0.109	0.047	6147056	5279869	744190	1703356	4023632	3903670	607441	965464	2123424	1376199	136749	737892	12940879	31644	22	5876620	3751555	481529	147526	2713124	2147	9071273	3901250
2021-03-28	13168890	196367	143119	53248	9743505	647558	2777805	9214414	3954498	0.111	0.048	6253046	5333384	768116	1706823	4085867	3950861	629648	967502	2167179	1382523	138468	739321	13137055	31835	22	5942028	3801477	496758	150800	2775606	2199	9214392	3954498
2021-03-29	13474319	305429	216877	88552	9932159	672457	2869681	9431291	4043050	0.113	0.049	6418833	5404751	806706	1716518	4180272	4010842	665103	973637	2238561	1393909	141603	742881	13436536	37783	22	6048993	3883166	514854	157603	2867422	2259	9431269	4043050
2021-03-30	13803239	328920	236393	92527	10150773	696844	2955600	9667684	4135577	0.116	0.050	6591913	5474211	853024	1727240	4280843	4069380	706095	981320	2311070	1404831	146929	745920	13753320	49919	22	6181566	3969207	532815	164029	2953281	2319	9667662	4135577
2021-03-31	14139383	336144	234665	101479	10398210	732881	3008270	9902349	4237056	0.119	0.051	6774517	5538855	899988	1738789	4384637	4121392	747318	988525	2389880	1417463	152670	750264	14073149	66234	22	6335525	4062685	560887	171994	3005915	2355	9902327	4237056
2021-04-01	14465752	326369	235847	90522	10636839	765330	3063561	10138196	4327578	0.122	0.052	6936269	5606629	944397	1747554	4476928	4175958	787230	994147	2459341	1430671	157167	753407	14379439	86313	22	6491570	4145269	585439	179891	3061165	2396	10138174	4327578
2021-04-02	14691407	225655	157699	67956	10816337	779715	3095333	10295895	4395534	0.124	0.053	7067172	5654574	981393	1749910	4552089	4213818	820223	995356	2515083	1440756	161170	754554	14603570	87837	22	6607479	4208858	595484	184231	3092910	2423	10295873	4395534
2021-04-03	14923176	231769	167458	64311	10990422	795515	3137217	10463353	4459845	0.126	0.054	7198861	5698683	1018737	1753036	4633025	4248782	853330	997097	2565836	1449901	165407	755939	14833940	89236	22	6722137	4268285	606438	189077	3134756	2461	10463331	4459845
2021-04-04	15116096	192920	142564	50356	11122607	805577	3187890	10605917	4510201	0.128	0.054	7309766	5731715	1048001	1754173	4704262	4274251	879171	997551	2605504	1457464	168830	756622	15026724	89372	22	6807900	4314707	612609	192968	3185386	2504	10605895	4510201
2021-04-05	15363857	247761	177593	70168	11287545	823437	3252853	10783510	4580369	0.130	0.055	7456036	5770066	1081529	1756372	4794323	4302940	907924	998846	2661713	1467126	173605	757526	15273175	90682	22	6907481	4380064	625689	197748	3250318	2535	10783488	4580369
2021-04-06	15737485	373628	278965	94663	11542415	855648	3339400	11062475	4675032	0.133	0.056	7644926	5826686	1124640	1761928	4910112	4346229	944820	1001588	2734814	1480457	179820	760340	15610176	127309	22	7076448	4465967	649208	206440	3336797	2603	11062453	4675032
2021-04-07	16405292	667807	571515	96292	12084489	892565	3428216	11633990	4771324	0.140	0.057	7644926	5826686	1124640	1761928	4910112	4346229	944820	1001588	2734814	1480457	179820	760340	15972319	432973	22	7530843	4553646	677595	214970	3425530	2686	11633968	4771324
2021-04-08	17103732	698440	610915	87525	12655708	928126	3519876	12244905	4858849	0.147	0.058	7644926	5826686	1124640	1761928	4910112	4346229	944820	1001588	2734814	1480457	179820	760340	16345881	757851	22	8023525	4632183	704249	223877	3517109	2767	12244883	4858849
2021-04-09	17735286	631554	542682	88872	13145709	964655	3624900	12787587	4947721	0.154	0.059	7644926	5826686	1124640	1761928	4910112	4346229	944820	1001588	2734814	1480457	179820	760340	16737932	997354	22	8436166	4709543	729348	235307	3622051	2849	12787565	4947721
2021-04-10	18107854	372568	307517	65051	13394192	987877	3725763	13095104	5012772	0.157	0.060	7644926	5826686	1124640	1761928	4910112	4346229	944820	1001588	2734814	1480457	179820	760340	17077454	1030400	22	8627340	4766852	744890	242987	3722852	2911	13095082	5012772
2021-04-11	18371762	263908	213590	50318	13564558	1006542	3800640	13308694	5063090	0.160	0.061	7644926	5826686	1124640	1761928	4910112	4346229	944820	1001588	2734814	1480457	179820	760340	17336283	1035479	22	8751410	4813148	759609	246933	3797653	2987	13308672	5063090
2021-04-12	18790226	418464	342093	76371	13843387	1035724	3911092	13650788	5139461	0.164	0.062	7644926	5826686	1124640	1761928	4910112	4346229	944820	1001588	2734814	1480457	179820	760340	17706240	1083986	23	8962392	4880995	780322	255402	3908051	3041	13650765	5139461
2021-04-13	19366945	576719	503079	73640	14275619	1062935	4028368	14153867	5213101	0.170	0.063	7644926	5826686	1124640	1761928	4910112	4346229	944820	1001588	2734814	1480457	179820	760340	18086829	1280116	23	9326617	4949002	802094	260841	4025133	3235	14153844	5213101
2021-04-14	20141800	774855	691699	83156	14892042	1096471	4153264	14845566	5296257	0.179	0.064	7644926	5826686	1124640	1761928	4910112	4346229	944820	1001588	2734814	1480457	179820	760340	18487887	1653913	23	9868945	5023097	827127	269344	4149471	3793	14845543	5296257
2021-04-15	20821888	680088	609921	70167	15425957	1132676	4263231	15455488	5366424	0.186	0.065	7644926	5826686	1124640	1761928	4910112	4346229	944820	1001588	2734814	1480457	179820	760340	18872346	1949542	24	10342248	5083709	854722	277954	4258494	4737	15455464	5366424
2021-04-16	21418221	596333	522286	74047	15864002	1165163	4389032	15977774	5440471	0.192	0.065	7644926	5826686	1124640	1761928	4910112	4346229	944820	1001588	2734814	1480457	179820	760340	19273840	2144381	24	10715373	5148629	878885	286278	4383492	5540	15977750	5440471
2021-04-17	21784193	365972	309363	56609	16088875	1187845	4507449	16287137	5497080	0.196	0.066	7644926	5826686	1124640	1761928	4910112	4346229	944820	1001588	2734814	1480457	179820	760340	19618008	2166185	24	10892255	5196620	894433	293412	4500425	7024	16287113	5497080
2021-04-18	22053591	269398	230402	38996	16260904	1203228	4589435	16517539	5536076	0.199	0.067	7644926	5826686	1124640	1761928	4910112	4346229	944820	1001588	2734814	1480457	179820	760340	19882795	2170796	24	11030346	5230558	905925	297303	4581244	8191	16517515	5536076
2021-04-19	22455772	402181	340821	61360	16554659	1236145	4664943	16858361	5597436	0.203	0.067	7644926	5826686	1124640	1761928	4910112	4346229	944820	1001588	2734814	1480457	179820	760340	20240645	2215127	25	11271976	5282683	930926	305219	4655434	9509	16858336	5597436
2021-04-20	23016407	560635	497987	62648	16936586	1275362	4804434	17356348	5660084	0.209	0.068	7644926	5826686	1124640	1761928	4910112	4346229	944820	1001588	2734814	1480457	179820	760340	20606829	2409578	25	11599927	5336659	963548	311814	4792848	11586	17356323	5660084
2021-04-21	23737131	720724	647719	73005	17390753	1317045	5029308	18004067	5733089	0.216	0.069	7644926	5826686	1124640	1761928	4910112	4346229	944820	1001588	2734814	1480457	179820	760340	20988405	2748726	25	11991586	5399167	997185	319860	5015271	14037	18004042	5733089
2021-04-22	24375525	638394	571279	67115	17772434	1360696	5242370	18575346	5800204	0.223	0.070	7644926	5826686	1124640	1761928	4910112	4346229	944820	1001588	2734814	1480457	179820	760340	21359540	3015985	25	12317406	5455028	1033205	327491	5224710	17660	18575321	5800204
2021-04-23	24931481	555956	487146	68810	18125586	1404225	5401645	19062492	5869014	0.229	0.071	7644926	5826686	1124640	1761928	4910112	4346229	944820	1001588	2734814	1480457	179820	760340	21747301	3184180	25	12615781	5509805	1066253	337972	5380433	21212	19062467	5869014
2021-04-24	25296854	365373	306413	58960	18360557	1453566	5482706	19368905	5927974	0.233	0.071	7644926	5826686	1124640	1761928	4910112	4346229	944820	1001588	2734814	1480457	179820	760340	22095763	3201091	25	12809529	5551028	1100219	353347	5459132	23574	19368880	5927974
2021-04-25	25579591	282737	233671	49066	18548319	1487245	5544002	19602576	5977040	0.236	0.072	7644926	5826686	1124640	1761928	4910112	4346229	944820	1001588	2734814	1480457	179820	760340	22372686	3206905	25	12959890	5588429	1124031	363214	5518630	25372	19602551	5977040
2021-04-26	26012308	432717	358759	73958	18866190	1529718	5616306	19961404	6050998	0.240	0.073	7644926	5826686	1124640	1761928	4910112	4346229	944820	1001588	2734814	1480457	179820	760340	22718811	3293497	94	13216257	5649933	1158114	371604	5586939	29367	19961310	6050998
2021-04-27	26797364	785056	693198	91858	19542748	1581212	5672849	20655063	6142856	0.248	0.074	7644926	5826686	1124640	1761928	4910112	4346229	944820	1001588	2734814	1480457	179820	760340	23088987	3708377	555	13815016	5727732	1200487	380725	5639005	33844	20654508	6142856
2021-04-28	27920033	1122669	995882	126787	20550934	1641747	5726080	21651662	6269643	0.260	0.075	7644926	5826686	1124640	1761928	4910112	4346229	944820	1001588	2734814	1480457	179820	760340	23482573	4437460	1272	14714632	5836302	1248641	393106	5687117	38963	21650390	6269643
2021-04-29	28865828	945795	812405	133390	21375196	1705355	5783124	22464948	6403033	0.270	0.077	7644926	5826686	1124640	1761928	4910112	4346229	944820	1001588	2734814	1480457	179820	760340	23870300	4995528	2153	15426649	5948547	1299868	405487	5736278	46846	22462795	6403033
2021-04-30	29669151	803323	666343	136980	22053497	1762609	5850059	23132124	6540013	0.278	0.079	7644926	5826686	1124640	1761928	4910112	4346229	944820	1001588	2734814	1480457	179820	760340	24273777	5395374	2986	15993438	6060059	1341882	420727	5793818	56241	23129138	6540013
2021-05-01	30005120	335969	259711	76258	22306304	1804096	5889160	23394409	6616271	0.281	0.080	7644926	5826686	1124640	1761928	4910112	4346229	944820	1001588	2734814	1480457	179820	760340	24585096	5420024	5560	16184995	6121309	1376962	427134	5826892	62268	23388849	6616271
2021-05-02	30269991	264871	197490	67381	22501869	1841610	5919145	23593706	6683652	0.284	0.080	7644926	5826686	1124640	1761928	4910112	4346229	944820	1001588	2734814	1480457	179820	760340	24842312	5427679	7367	16324821	6177048	1409224	432386	5852294	66851	23586339	6683652
2021-05-03	30721492	451501	335148	116353	22819737	1912189	5980612	23930441	6800005	0.288	0.082	7644926	5826686	1124640	1761928	4910112	4346229	944820	1001588	2734814	1480457	179820	760340	25199953	5521539	8954	16551728	6268009	1466606	445583	5903153	77459	23921487	6800005
2021-05-04	31564005	842513	680824	161689	23446000	1975329	6130762	24614225	6961694	0.296	0.084	7644926	5826686	1124640	1761928	4910112	4346229	944820	1001588	2734814	1480457	179820	760340	25575214	5988791	11914	17046207	6399793	1516508	458821	6039596	91166	24602311	6961694
2021-05-05	32710562	1146557	914615	231942	24296793	2054287	6343097	25533311	7193636	0.307	0.086	7644926	5826686	1124640	1761928	4910112	4346229	944820	1001588	2734814	1480457	179820	760340	25995807	6714755	16385	17711933	6584860	1569967	484320	6235026	108071	25516926	7193636
2021-05-06	33700587	990025	766885	223140	24989338	2146180	6544490	26304390	7416776	0.316	0.089	7644926	5826686	1124640	1761928	4910112	4346229	944820	1001588	2734814	1480457	179820	760340	26410721	7289866	20579	18227371	6761967	1639472	506708	6416968	127522	26283811	7416776
2021-05-07	34590350	889763	651825	237938	25576263	2232866	6756787	26960070	7654714	0.324	0.092	7644926	5826686	1124640	1761928	4910112	4346229	944820	1001588	2734814	1480457	179820	760340	26856468	7733882	24434	18640429	6935834	1695195	537671	6600012	156775	26935636	7654714
2021-05-08	35016047	425697	271639	154058	25843903	2304638	6841354	27233427	7808772	0.327	0.094	7644926	5826686	1124640	1761928	4910112	4346229	944820	1001588	2734814	1480457	179820	760340	27221674	7794373	26152	18795182	7048721	1747140	557498	6664953	176401	27207275	7808772
2021-05-09	35302141	286094	183543	102551	26037785	2361187	6875951	27418036	7911323	0.330	0.095	7644926	5826686	1124640	1761928	4910112	4346229	944820	1001588	2734814	1480457	179820	760340	27496733	7805408	27218	18909804	7127981	1792893	568294	6688121	187830	27390818	7911323
2021-05-10	35891226	589085	395618	193467	26410882	2442876	7006521	27817383	8104790	0.334	0.097	7644926	5826686	1124640	1761928	4910112	4346229	944820	1001588	2734814	1480457	179820	760340	27896920	7994306	30947	19141174	7269708	1852425	590451	6792837	213684	27786436	8104790
2021-05-11	36976854	1085628	797845	287783	27236746	2522747	7182778	28618864	8392573	0.344	0.101	7644926	5826686	1124640	1761928	4910112	4346229	944820	1001588	2734814	1480457	179820	760340	28328853	8648001	34583	19734179	7502567	1910142	612605	6939960	242818	28584281	8392573
2021-05-12	38392303	1415449	1049053	366396	28329845	2614382	7407909	29673501	8758969	0.357	0.105	7644926	5826686	1124640	1761928	4910112	4346229	944820	1001588	2734814	1480457	179820	760340	28788319	9603984	40167	20530933	7798912	1971267	643115	7131134	276775	29633334	8758969
2021-05-13	38821504	429201	268376	160825	28645158	2681151	7452381	29944524	8919794	0.360	0.107	7644926	5826686	1124640	1761928	4910112	4346229	944820	1001588	2734814	1480457	179820	760340	29144041	9677463	42814	20718492	7926666	2022828	658323	7160390	291991	29901710	8919794
2021-05-14	39577785	756281	525873	230408	29190293	2746038	7590844	30478193	9150202	0.366	0.110	7644926	5826686	1124640	1761928	4910112	4346229	944820	1001588	2734814	1480457	179820	760340	29548985	10028800	50610	21083122	8107171	2072545	673493	7271916	318928	30427583	9150202
2021-05-15	39977775	399990	234470	165520	29469312	2806339	7647231	30716946	9315722	0.369	0.112	7644926	5826686	1124640	1761928	4910112	4346229	944820	1001588	2734814	1480457	179820	760340	29901309	10076466	54893	21239796	8229516	2116493	689846	7305764	341467	30662053	9315722
2021-05-16	40260284	282509	160532	121977	29669484	2859077	7672104	30882204	9437699	0.371	0.113	7644926	5826686	1124640	1761928	4910112	4346229	944820	1001588	2734814	1480457	179820	760340	30167813	10092471	59619	21346223	8323261	2159345	699732	7317017	355087	30822585	9437699
2021-05-17	40815475	555191	349210	205981	30007802	2944758	7793537	31241173	9643680	0.376	0.116	7644926	5826686	1124640	1761928	4910112	4346229	944820	1001588	2734814	1480457	179820	760340	30553686	10261789	69378	21539092	8468710	2220609	724149	7412094	381443	31171795	9643680
2021-05-18	41687193	871718	517218	354500	30597267	3045842	7966935	31766162	9998180	0.382	0.120	7644926	5826686	1124640	1761928	4910112	4346229	944820	1001588	2734814	1480457	179820	760340	30970400	10716793	77149	21838455	8758812	2293116	752726	7557442	409493	31689013	9998180
2021-05-19	42784612	1097419	563467	533952	31401270	3145923	8148157	32341742	10532132	0.389	0.127	7644926	5826686	1124640	1761928	4910112	4346229	944820	1001588	2734814	1480457	179820	760340	31388041	11396571	89262	22182425	9218845	2359360	786563	7710695	437462	32252480	10532132
2021-05-20	43731407	946795	455390	491405	32084281	3242386	8304636	32807974	11023537	0.394	0.133	7644926	5826686	1124640	1761928	4910112	4346229	944820	1001588	2734814	1480457	179820	760340	31803893	11927514	100104	22443292	9640989	2424867	817519	7839711	464925	32707870	11023537
2021-05-21	44581834	850427	405672	444755	32680136	3328006	8461771	33225463	11468292	0.400	0.138	7644926	5826686	1124640	1761928	4910112	4346229	944820	1001588	2734814	1480457	179820	760340	32231600	12350234	111921	22665746	10014390	2481236	846770	7966560	495211	33113542	11468292
2021-05-22	45055501	473667	214675	258992	32986198	3397507	8545596	33454417	11727284	0.402	0.141	7644926	5826686	1124640	1761928	4910112	4346229	944820	1001588	2734814	1480457	179820	760340	32576337	12479164	126200	22764079	10222119	2529538	867969	8034600	510996	33328217	11727284
2021-05-23	45340590	285089	124709	160380	33179142	3456894	8569487	33587993	11887664	0.404	0.143	7644926	5826686	1124640	1761928	4910112	4346229	944820	1001588	2734814	1480457	179820	760340	32843305	12497285	135067	22829711	10349431	2573833	883061	8049382	520105	33452926	11887664
2021-05-24	45666530	325940	141110	184830	33414838	3518440	8590142	33737146	12072494	0.406	0.145	7644926	5826686	1124640	1761928	4910112	4346229	944820	1001588	2734814	1480457	179820	760340	33153720	12512810	143110	22912306	10502532	2620386	898054	8061344	528798	33594036	12072494
2021-05-25	46321715	655185	271973	383212	33861334	3598109	8694049	34034232	12455706	0.409	0.150	7644926	5826686	1124640	1761928	4910112	4346229	944820	1001588	2734814	1480457	179820	760340	33549962	12771753	168223	23053993	10807341	2671830	926279	8140186	553863	33866009	12455706
2021-05-26	47500964	1179249	469299	709950	34746139	3680503	8827891	34581739	13165656	0.416	0.158	7644926	5826686	1124640	1761928	4910112	4346229	944820	1001588	2734814	1480457	179820	760340	33965796	13535168	246431	23368752	11377387	2724411	956092	8242145	585746	34335308	13165656
2021-05-27	48541417	1040453	403958	636495	35485114	3769361	8959395	35066813	13802151	0.422	0.166	7644926	5826686	1124640	1761928	4910112	4346229	944820	1001588	2734814	1480457	179820	760340	34384412	14157005	327547	23626552	11858562	2776001	993360	8336713	622682	34739266	13802151
2021-05-28	49444156	902739	355968	546771	36087844	3855405	9089612	35506529	14348922	0.427	0.173	7644926	5826686	1124640	1761928	4910112	4346229	944820	1001588	2734814	1480457	179820	760340	34819190	14624966	411295	23843206	12244638	2826508	1028897	8425520	664092	35095234	14348922
2021-05-29	49853904	409748	151550	258198	36349390	3917947	9147486	35685865	14607120	0.429	0.176	7644926	5826686	1124640	1761928	4910112	4346229	944820	1001588	2734814	1480457	179820	760340	35154529	14699375	439081	23922988	12426402	2863351	1054596	8460445	687041	35246784	14607120
2021-05-30	50137225	283321	97653	185668	36546420	3964953	9175744	35794545	14792788	0.430	0.178	7644926	5826686	1124640	1761928	4910112	4346229	944820	1001588	2734814	1480457	179820	760340	35416032	14721193	450108	23982170	12564250	2890687	1074266	8471580	704164	35344437	14792788
2021-05-31	50683344	546119	178122	367997	36913378	4032174	9245214	36015137	15160785	0.433	0.182	7644926	5826686	1124640	1761928	4910112	4346229	944820	1001588	2734814	1480457	179820	760340	35804382	14878962	492578	24093788	12819590	2918342	1113832	8510429	734785	35522559	15160785
2021-06-01	51670447	987103	399455	587648	37646376	4111475	9335519	36499091	15748433	0.439	0.189	7644926	5826686	1124640	1761928	4910112	4346229	944820	1001588	2734814	1480457	179820	760340	36201012	15469435	577077	24409725	13236651	2947817	1163658	8564472	771047	35922014	15748433
2021-06-02	52916461	1246014	516461	729553	38634437	4183666	9417609	37119224	16477986	0.446	0.198	7644926	5826686	1124640	1761928	4910112	4346229	944820	1001588	2734814	1480457	179820	760340	36606748	16309713	680749	24858907	13775530	2972196	1211470	8607372	810237	36438475	16477986
2021-06-03	53558580	642119	230226	411893	39109099	4247821	9467706	37402655	16889879	0.450	0.203	7644926	5826686	1124640	1761928	4910112	4346229	944820	1001588	2734814	1480457	179820	760340	36969454	16589126	733954	25038638	14070461	3001886	1245935	8628177	839529	36668701	16889879
2021-06-04	54368562	809982	290798	519184	39693908	4318978	9544507	37770668	17409063	0.454	0.209	7644926	5826686	1124640	1761928	4910112	4346229	944820	1001588	2734814	1480457	179820	760340	37376948	16991614	811169	25266409	14427499	3030504	1288474	8662586	881921	36959499	17409063
2021-06-05	54780703	412141	96059	316082	39964916	4385375	9588631	37897339	17725145	0.456	0.213	7644926	5826686	1124640	1761928	4910112	4346229	944820	1001588	2734814	1480457	179820	760340	37725545	17055158	841781	25325421	14639495	3056698	1328677	8673439	915192	37055558	17725145
2021-06-06	55072818	292115	59272	232843	40170582	4426355	9615859	37974852	17957988	0.457	0.216	7644926	5826686	1124640	1761928	4910112	4346229	944820	1001588	2734814	1480457	179820	760340	37987951	17084867	860022	25369243	14801339	3068635	1357720	8676952	938907	37114830	17957988
2021-06-07	55685232	612414	191887	420527	40571249	4511239	9688296	38221165	18378515	0.460	0.221	7644926	5826686	1124640	1761928	4910112	4346229	944820	1001588	2734814	1480457	179820	760340	38361081	17323248	914448	25502717	15068532	3095971	1415268	8708029	980267	37306717	18378515
2021-06-08	56732019	1046787	335641	711146	41411972	4586280	9751083	38625042	19089661	0.464	0.230	7644926	5826686	1124640	1761928	4910112	4346229	944820	1001588	2734814	1480457	179820	760340	38760047	17968865	982684	25780130	15631842	3121985	1464295	8740243	1010840	37642358	19089661
2021-06-09	58146161	1414142	440196	973946	42579606	4673158	9815004	39160947	20063607	0.471	0.241	7644926	5826686	1124640	1761928	4910112	4346229	944820	1001588	2734814	1480457	179820	760340	39183460	18956810	1078393	26159851	16419755	3150104	1523054	8772599	1042405	38082554	20063607
2021-06-10	59328085	1181924	395840	786084	43527865	4762722	9870667	39645225	20849691	0.477	0.251	7644926	5826686	1124640	1761928	4910112	4346229	944820	1001588	2734814	1480457	179820	760340	39613843	19705530	1166831	26497133	17030732	3181872	1580850	8799389	1071278	38478394	20849691
2021-06-11	60381259	1053174	355586	697588	44327064	4851467	9939174	40097534	21547279	0.482	0.259	7644926	5826686	1124640	1761928	4910112	4346229	944820	1001588	2734814	1480457	179820	760340	40051241	20318630	1263554	26795804	17531260	3209742	1641725	8828434	1110740	38833980	21547279
2021-06-12	60814370	433111	121807	311304	44609986	4923102	9982492	40254577	21858583	0.484	0.263	7644926	5826686	1124640	1761928	4910112	4346229	944820	1001588	2734814	1480457	179820	760340	40381255	20420893	1298790	26886010	17723976	3228332	1694770	8841445	1141047	38955787	21858583
2021-06-13	61097080	282710	64367	218343	44789690	4986518	10008292	40332734	22076926	0.485	0.265	7644926	5826686	1124640	1761928	4910112	4346229	944820	1001588	2734814	1480457	179820	760340	40628305	20456247	1312580	26929943	17859747	3244150	1742368	8846061	1162231	39020154	22076926
2021-06-14	61746060	648980	208663	440317	45215103	5087564	10075596	40596614	22517243	0.488	0.271	7644926	5826686	1124640	1761928	4910112	4346229	944820	1001588	2734814	1480457	179820	760340	41034774	20696780	1367797	27097657	18117446	3267579	1819985	8863581	1212015	39228817	22517243
2021-06-15	62783182	1037122	338260	698862	46004464	5191870	10160014	40993911	23216105	0.493	0.279	7644926	5826686	1124640	1761928	4910112	4346229	944820	1001588	2734814	1480457	179820	760340	41481717	21283470	1426834	27388058	18616406	3295872	1895998	8883147	1276867	39567077	23216105
2021-06-16	64153442	1370260	455434	914826	47096310	5297709	10256362	41525572	24130931	0.499	0.290	7644926	5826686	1124640	1761928	4910112	4346229	944820	1001588	2734814	1480457	179820	760340	41949404	22182018	1503061	27786113	19310197	3327805	1969904	8908593	1347769	40022511	24130931
2021-06-17	65289646	1136204	388815	747389	47969376	5400618	10348339	41982639	24878320	0.505	0.299	7644926	5826686	1124640	1761928	4910112	4346229	944820	1001588	2734814	1480457	179820	760340	42412038	22852215	1571313	28123583	19845793	3356926	2043692	8930817	1417522	40411326	24878320
2021-06-18	66271916	982270	336479	645791	48693261	5494283	10444274	42387903	25524111	0.510	0.307	7644926	5826686	1124640	1761928	4910112	4346229	944820	1001588	2734814	1480457	179820	760340	42861321	23382503	1640098	28407190	20286071	3387847	2106436	8952768	1491506	40747805	25524111
2021-06-19	66697285	425369	117976	307393	48964888	5576081	10495082	42527015	25831504	0.511	0.311	7644926	5826686	1124640	1761928	4910112	4346229	944820	1001588	2734814	1480457	179820	760340	43200949	23466988	1661234	28498001	20466887	3408520	2167561	8959260	1535822	40865781	25831504
2021-06-20	66991639	294354	67395	226959	49143326	5647372	10526897	42607220	26058463	0.512	0.313	7644926	5826686	1124640	1761928	4910112	4346229	944820	1001588	2734814	1480457	179820	760340	43465398	23496614	1674044	28546874	20596452	3424439	2222933	8961863	1565034	40933176	26058463
2021-06-21	67616240	624601	204406	420195	49549421	5744391	10612121	42847889	26478658	0.515	0.318	7644926	5826686	1124640	1761928	4910112	4346229	944820	1001588	2734814	1480457	179820	760340	43858449	23726147	1710307	28712678	20836743	3449120	2295271	8975784	1636337	41137582	26478658
2021-06-22	68682038	1065798	365655	700143	50383541	5839872	10714389	43247473	27178801	0.520	0.327	7644926	5826686	1124640	1761928	4910112	4346229	944820	1001588	2734814	1480457	179820	760340	44291543	24354112	1744236	29031921	21351620	3479383	2360489	8991933	1722456	41503237	27178801
2021-06-23	70004795	1322757	477455	845302	51461351	5935401	10829595	43759140	28024103	0.526	0.337	7644926	5826686	1124640	1761928	4910112	4346229	944820	1001588	2734814	1480457	179820	760340	44725363	25237778	1778448	29459389	22001962	3508944	2426457	9012359	1817236	41980692	28024103
2021-06-24	71027824	1023029	477884	545145	52247153	6022425	10940005	44276817	28569248	0.532	0.344	7644926	5826686	1124640	1761928	4910112	4346229	944820	1001588	2734814	1480457	179820	760340	45150943	25830883	1818241	29881041	22366112	3543999	2478426	9033536	1906469	42458576	28569248
2021-06-25	71937377	909553	370633	538920	52931260	6098554	11049751	44687021	29108168	0.537	0.350	7644926	5826686	1124640	1761928	4910112	4346229	944820	1001588	2734814	1480457	179820	760340	45573751	26314646	1857812	30205431	22725829	3570487	2528067	9053291	1996460	42829209	29108168
2021-06-26	72344396	407019	134170	272849	53183823	6167572	11122188	44834192	29381017	0.539	0.353	7644926	5826686	1124640	1761928	4910112	4346229	944820	1001588	2734814	1480457	179820	760340	45916419	26378225	1870813	30307880	22875943	3596018	2571554	9059481	2062707	42963379	29381017
2021-06-27	72635893	291497	89434	202063	53356381	6225636	11178942	44927747	29583080	0.540	0.356	7644926	5826686	1124640	1761928	4910112	4346229	944820	1001588	2734814	1480457	179820	760340	46181843	26403445	1874934	30374691	22981690	3615256	2610380	9062866	2116076	43052813	29583080
2021-06-28	73258909	623016	239225	383791	53751785	6315318	11292626	45191218	29966871	0.543	0.360	7644926	5826686	1124640	1761928	4910112	4346229	944820	1001588	2734814	1480457	179820	760340	46588365	26617843	1899180	30567989	23183796	3647468	2667850	9076581	2216045	43292038	29966871
2021-06-29	74182968	924059	382435	541624	54428711	6407838	11425197	45595695	30508495	0.548	0.367	7644926	5826686	1124640	1761928	4910112	4346229	944820	1001588	2734814	1480457	179820	760340	47011782	27113831	1921222	30905878	23522833	3680330	2727508	9088265	2336932	43674473	30508495
2021-06-30	75194287	1011319	442597	568722	55187810	6501523	11561421	46060603	31077217	0.554	0.374	7644926	5826686	1124640	1761928	4910112	4346229	944820	1001588	2734814	1480457	179820	760340	47433741	27697962	1943533	31299311	23888499	3715039	2786484	9102720	2458701	44117070	31077217
2021-07-01	76167763	973476	446278	527198	55923323	6584538	11694108	46529142	31604415	0.559	0.380	7644926	5826686	1124640	1761928	4910112	4346229	944820	1001588	2734814	1480457	179820	760340	47832648	28268207	1965794	31701623	24221700	3745501	2839037	9116224	2577884	44563348	31604415
2021-07-02	77004871	837108	374044	463064	56565893	6678851	11773117	46924402	32067479	0.564	0.386	7644926	5826686	1124640	1761928	4910112	4346229	944820	1001588	2734814	1480457	179820	760340	48224619	28709971	1987010	32034815	24531078	3777170	2901681	9125407	2647710	44937392	32067479
2021-07-03	77380194	375323	147798	227525	56819861	6758081	11800191	47087251	32295004	0.566	0.388	7644926	5826686	1124640	1761928	4910112	4346229	944820	1001588	2734814	1480457	179820	760340	48532945	28776252	2002061	32155294	24664567	3801706	2956375	9128190	2672001	45085190	32295004
2021-07-04	77652734	272540	92604	179936	57001158	6826223	11814714	47188433	32474940	0.567	0.390	7644926	5826686	1124640	1761928	4910112	4346229	944820	1001588	2734814	1480457	179820	760340	48777966	28803194	2010639	32228029	24773129	3820128	3006095	9129637	2685077	45177794	32474940
2021-07-05	78184594	531860	193795	338065	57384625	6920387	11854175	47396996	32813005	0.570	0.395	7644926	5826686	1124640	1761928	4910112	4346229	944820	1001588	2734814	1480457	179820	760340	49117771	28993153	2025407	32391536	24993089	3846081	3074306	9133972	2720203	45371589	32813005
2021-07-06	78954928	770334	267239	503095	57995669	7019040	11899305	47679742	33316100	0.573	0.401	7644926	5826686	1124640	1761928	4910112	4346229	944820	1001588	2734814	1480457	179820	760340	49454433	29423099	2040914	32629019	25366650	3871304	3147736	9138505	2760800	45638828	33316100
2021-07-07	79941296	986368	320411	665957	58816804	7114337	11950546	48018848	33982057	0.577	0.409	7644926	5826686	1124640	1761928	4910112	4346229	944820	1001588	2734814	1480457	179820	760340	49802572	30056482	2059609	32919480	25897324	3895856	3218481	9143903	2806643	45959239	33982057
2021-07-08	80778676	837380	260092	577288	59492178	7214932	11993061	48297836	34559345	0.581	0.416	7644926	5826686	1124640	1761928	4910112	4346229	944820	1001588	2734814	1480457	179820	760340	50140750	30551427	2078505	33152911	26339267	3918252	3296680	9148168	2844893	46219331	34559345
2021-07-09	81526424	747748	217019	530729	60078396	7313148	12036072	48535158	35090074	0.584	0.422	7644926	5826686	1124640	1761928	4910112	4346229	944820	1001588	2734814	1480457	179820	760340	50479458	30956968	2098808	33347698	26730698	3936049	3377099	9152603	2883469	46436350	35090074
2021-07-10	81867691	341267	95184	246083	60305046	7397213	12057009	48639957	35336157	0.585	0.425	7644926	5826686	1124640	1761928	4910112	4346229	944820	1001588	2734814	1480457	179820	760340	50751816	31025280	2108423	33423353	26881693	3954153	3443060	9154028	2902981	46531534	35336157
2021-07-11	82095175	227484	60921	166563	60450580	7460624	12067263	48709163	35502720	0.586	0.427	7644926	5826686	1124640	1761928	4910112	4346229	944820	1001588	2734814	1480457	179820	760340	50960006	31044204	2116708	33469042	26981538	3968919	3491705	9154494	2912769	46592455	35502720
2021-07-12	82556162	460987	149646	311341	60795131	7539128	12091194	48872810	35814061	0.588	0.431	7644926	5826686	1124640	1761928	4910112	4346229	944820	1001588	2734814	1480457	179820	760340	51222540	31240232	2130709	33587984	27207147	3997775	3541353	9156342	2934852	46742101	35814061
2021-07-13	83308249	752087	178252	573835	61415919	7616283	12125648	49070752	36387896	0.590	0.438	7644926	5826686	1124640	1761928	4910112	4346229	944820	1001588	2734814	1480457	179820	760340	51471368	31739362	2150399	33738100	27677819	4023672	3592611	9158581	2967067	46920353	36387896
2021-07-14	84268098	959849	200169	759680	62236091	7687285	12172556	49292688	37147576	0.593	0.447	7644926	5826686	1124640	1761928	4910112	4346229	944820	1001588	2734814	1480457	179820	760340	51736676	32429200	2172166	33913529	28322562	4044782	3642503	9162211	3010345	47120522	37147576
2021-07-15	85014210	746112	166440	579672	62854029	7756227	12210857	49480059	37727248	0.595	0.454	7644926	5826686	1124640	1761928	4910112	4346229	944820	1001588	2734814	1480457	179820	760340	51976677	32931568	2193097	34058348	28795681	4063591	3692636	9165023	3045834	47286962	37727248
2021-07-16	85615430	601220	134152	467068	63349756	7811885	12242093	49632810	38194316	0.597	0.459	7644926	5826686	1124640	1761928	4910112	4346229	944820	1001588	2734814	1480457	179820	760340	52177339	33328254	2211696	34176171	29173585	4078146	3733739	9166797	3075296	47421114	38194316
