date	dosen_kumulativ	dosen_differenz_zum_vortag	dosen_erst_differenz_zum_vortag	dosen_zweit_differenz_zum_vortag	dosen_biontech_kumulativ	dosen_moderna_kumulativ	dosen_astrazeneca_kumulativ	personen_erst_kumulativ	personen_voll_kumulativ	impf_quote_erst	impf_quote_voll	indikation_alter_dosen	indikation_beruf_dosen	indikation_medizinisch_dosen	indikation_pflegeheim_dosen	indikation_alter_erst	indikation_beruf_erst	indikation_medizinisch_erst	indikation_pflegeheim_erst	indikation_alter_voll	indikation_beruf_voll	indikation_medizinisch_voll	indikation_pflegeheim_voll	dosen_dim_kumulativ	dosen_kbv_kumulativ	dosen_johnson_kumulativ	dosen_biontech_erst_kumulativ	dosen_biontech_zweit_kumulativ	dosen_moderna_erst_kumulativ	dosen_moderna_zweit_kumulativ	dosen_astrazeneca_erst_kumulativ	dosen_astrazeneca_zweit_kumulativ	dosen_erst_kumulativ	dosen_zweit_kumulativ
2020-12-27	24097	24097	24084	13	24095	2	0	24084	13	0.000	0.000	10705	8657	1305	12604	10664	8590	1305	12536	41	67	0	68	24097	0	0	24082	13	2	0	0	0	24084	13
2020-12-28	42096	17999	17837	162	42094	2	0	41921	175	0.001	0.000	18621	15788	1991	21344	18580	15721	1991	21276	41	67	0	68	42096	0	0	41919	175	2	0	0	0	41921	175
2020-12-29	92119	50023	49289	734	92116	2	1	91210	909	0.001	0.000	34989	40734	3107	40508	34724	40420	3107	40099	265	314	0	409	92119	0	0	91207	909	2	0	1	0	91210	909
2020-12-30	155611	63492	63354	138	155608	2	1	154564	1047	0.002	0.000	55510	73365	4901	63206	55243	73050	4901	62794	267	315	0	412	155611	0	0	154561	1047	2	0	1	0	154564	1047
2020-12-31	205303	49692	49603	89	205300	2	1	204167	1136	0.002	0.000	72831	96719	6752	83965	72517	96367	6752	83476	314	352	0	489	205303	0	0	204164	1136	2	0	1	0	204167	1136
2021-01-01	230652	25349	25340	9	230641	7	4	229507	1145	0.003	0.000	81208	105449	7830	92301	80894	105097	7830	91812	314	352	0	489	230652	0	0	229497	1144	7	0	3	1	229507	1145
2021-01-02	278602	47950	47664	286	278591	7	4	277171	1431	0.003	0.000	102774	129731	10350	113258	102365	129304	10350	112629	409	427	0	629	278602	0	0	277161	1430	7	0	3	1	277171	1431
2021-01-03	301012	22410	22405	5	301000	8	4	299576	1436	0.004	0.000	113044	140227	11284	123279	112635	139800	11284	122650	409	427	0	629	301012	0	0	299565	1435	8	0	3	1	299576	1436
2021-01-04	346838	45826	45730	96	346825	9	4	345306	1532	0.004	0.000	129646	164913	13951	139091	129237	164486	13951	138462	409	427	0	629	346838	0	0	345294	1531	9	0	3	1	345306	1532
2021-01-05	398806	51968	51631	337	398792	10	4	396937	1869	0.005	0.000	147987	192565	16489	157656	147576	192117	16489	157025	411	448	0	631	398806	0	0	396924	1868	10	0	3	1	396937	1869
2021-01-06	461264	62458	62366	92	461241	16	7	459303	1961	0.006	0.000	169498	225530	19910	180812	169086	225082	19910	180181	412	448	0	631	461264	0	0	459282	1959	16	0	5	2	459303	1961
2021-01-07	515227	53963	53942	21	515199	19	9	513245	1982	0.006	0.000	189172	254868	22957	197233	188758	254418	22957	196600	414	450	0	633	515227	0	0	513219	1980	19	0	7	2	513245	1982
2021-01-08	576883	61656	61548	108	576803	70	10	574793	2090	0.007	0.000	211521	287315	26324	218219	211009	286711	26320	217449	512	604	4	770	576883	0	0	574715	2088	70	0	8	2	574793	2090
2021-01-09	636853	59970	59822	148	636769	73	11	634615	2238	0.008	0.000	237322	313238	29007	243325	236798	312599	29003	242545	524	639	4	780	636853	0	0	634534	2235	73	0	8	3	634615	2238
2021-01-10	672105	35252	35103	149	672013	81	11	669718	2387	0.008	0.000	252455	327794	30379	256315	251929	327151	30375	255535	526	643	4	780	672105	0	0	669630	2383	80	1	8	3	669718	2387
2021-01-11	739605	67500	67398	102	739498	94	13	737116	2489	0.009	0.000	277513	359176	33587	276774	276967	358513	33583	275968	546	663	4	806	739605	0	0	737019	2479	87	7	10	3	737116	2489
2021-01-12	817873	78268	78204	64	817750	109	14	815320	2553	0.010	0.000	305695	401338	36582	301731	305147	400670	36578	300888	548	668	4	843	817873	0	0	815208	2542	102	7	10	4	815320	2553
2021-01-13	928607	110734	110533	201	927315	1278	14	925853	2754	0.011	0.000	345167	458844	40485	337339	344574	458093	40466	336399	593	751	19	940	928607	0	0	924572	2743	1271	7	10	4	925853	2754
2021-01-14	1011724	83117	82895	222	1005284	6426	14	1008748	2976	0.012	0.000	374803	501101	42769	361463	374094	500254	42750	360452	709	847	19	1011	1011724	0	0	1002363	2921	6375	51	10	4	1008748	2976
2021-01-15	1102195	90471	89626	845	1090484	11692	19	1098374	3821	0.013	0.000	408725	545673	46728	389202	407810	544625	46700	387982	915	1048	28	1220	1102195	0	0	1086718	3766	11641	51	15	4	1098374	3821
2021-01-16	1159531	57336	56315	1021	1146140	13371	20	1154689	4842	0.014	0.000	432983	570627	48859	408798	431664	569232	48767	407047	1319	1395	92	1751	1159531	0	0	1141353	4787	13320	51	16	4	1154689	4842
2021-01-17	1207113	47582	29788	17794	1192459	14632	21	1184478	22636	0.014	0.000	453449	591002	50884	428544	444215	583354	50014	417145	9234	7648	870	11399	1207113	0	1	1169879	22580	14581	51	17	4	1184477	22636
2021-01-18	1289020	81907	66167	15740	1270223	18774	22	1250645	38376	0.015	0.000	482728	633883	53106	448900	467235	619730	51700	430238	15493	14153	1406	18662	1289020	0	1	1231905	38318	18721	53	18	4	1250644	38376
2021-01-19	1407818	118798	82351	36447	1385352	22435	30	1332996	74823	0.016	0.001	519765	695968	56714	479843	492669	666683	54375	447938	27096	29285	2339	31905	1407818	0	1	1310591	74761	22378	57	26	4	1332995	74823
2021-01-20	1540181	132363	77792	54571	1514970	25177	33	1410788	129394	0.017	0.002	568076	760039	60957	522078	522876	706310	57505	469463	45200	53729	3452	52615	1540181	0	1	1385638	129332	25120	57	29	4	1410787	129394
2021-01-21	1645163	104982	63666	41316	1617211	27917	34	1474454	170710	0.018	0.002	610150	808503	65406	556195	549621	735602	60889	487988	60529	72901	4517	68207	1645163	0	1	1446565	170646	27859	58	29	5	1474453	170710
2021-01-22	1746793	101630	68054	33576	1716647	30103	42	1542508	204286	0.019	0.002	654049	853889	69013	590642	579902	764987	63599	506975	74147	88902	5414	83667	1746793	0	1	1512430	204217	30040	63	37	5	1542507	204286
2021-01-23	1833374	86581	40465	46116	1802871	30457	45	1582973	250402	0.019	0.003	691767	890989	72414	617916	599855	780966	64783	516268	91912	110023	7631	101648	1833374	0	1	1552539	250332	30393	64	40	5	1582972	250402
2021-01-24	1880667	47293	25459	21834	1849962	30655	49	1608432	272236	0.019	0.003	715655	910067	73331	632982	614016	789814	65130	521524	101639	120253	8201	111458	1880667	0	1	1577796	272166	30591	64	44	5	1608431	272236
2021-01-25	1971709	91042	52275	38767	1939585	32071	52	1660707	311003	0.020	0.004	756375	951632	76827	658117	642321	811974	66847	534304	114054	139658	9980	123813	1971709	0	1	1628655	310930	32004	67	47	5	1660706	311003
2021-01-26	2069245	97536	50634	46902	2035680	33505	59	1711341	357905	0.021	0.004	796572	997196	80614	684405	667753	831436	68195	545278	128819	165760	12419	139127	2069245	0	1	1677852	357828	33434	71	54	5	1711340	357905
2021-01-27	2178626	109381	50820	58561	2143266	35291	67	1762162	416466	0.021	0.005	839834	1049509	85786	715259	691463	852265	70042	556304	148371	197244	15744	158955	2178626	0	2	1726890	416376	35208	83	62	5	1762160	416466
2021-01-28	2271082	92456	46573	45883	2234091	36919	70	1808735	462349	0.022	0.006	877990	1090332	89974	739697	713483	869115	71590	567469	164507	221217	18384	172228	2271082	0	2	1771920	462171	36748	171	65	5	1808733	462349
2021-01-29	2378858	107776	49989	57787	2340380	38399	77	1858724	520136	0.022	0.006	920894	1138243	95507	769100	735839	888487	73819	578309	185055	249756	21688	190791	2378858	0	2	1820423	519957	38227	172	72	5	1858722	520136
2021-01-30	2466873	88015	34361	53654	2427513	39279	79	1893085	573790	0.023	0.007	957412	1174692	99468	796433	752473	901967	75224	586328	204939	272725	24244	210105	2466873	0	2	1853905	573608	39105	174	73	6	1893083	573790
2021-01-31	2523740	56867	25751	31116	2483999	39655	84	1918836	604906	0.023	0.007	982865	1196922	101575	812430	766590	910861	76411	592657	216275	286061	25164	219773	2523740	0	2	1879284	604715	39473	182	77	7	1918834	604906
2021-02-01	2643266	119526	57966	61560	2601265	41864	135	1976802	666466	0.024	0.008	1026174	1260299	105285	839830	787193	944041	78273	602425	238981	316258	27012	237405	2643266	0	2	1934992	666273	41680	184	128	7	1976800	666466
2021-02-02	2775444	132178	64966	67212	2730368	44926	148	2041768	733678	0.025	0.009	1069633	1330364	110479	870030	806216	982089	80866	611659	263417	348275	29613	258371	2775444	0	2	1996884	733484	44741	185	141	7	2041766	733678
2021-02-03	2937178	161734	64097	97637	2885747	51254	174	2105866	831315	0.025	0.010	1128983	1407775	116405	912544	829819	1014401	83062	623312	299164	393374	33343	289232	2937178	0	3	2054633	831114	51063	191	167	7	2105863	831315
2021-02-04	3070837	133659	61728	71931	3013569	57086	179	2167594	903246	0.026	0.011	1177986	1472437	120972	943857	851937	1046473	85311	632945	326049	425964	35661	310912	3070837	0	3	2110527	903042	56892	194	172	7	2167591	903246
2021-02-05	3217362	146525	68901	77624	3153637	63535	187	2236495	980870	0.027	0.012	1232524	1542580	126293	977786	877231	1080338	86905	644262	355293	462242	39388	333524	3217362	0	3	2173106	980531	63207	328	179	8	2236492	980870
2021-02-06	3311046	93684	45391	48293	3244694	66161	188	2281886	1029163	0.027	0.012	1272514	1588658	130853	1003590	896490	1101898	88782	653957	376024	486760	42071	349633	3311046	0	3	2215870	1028824	65833	328	180	8	2281883	1029163
2021-02-07	3364356	53310	28261	25049	3295676	68487	190	2310147	1054212	0.028	0.013	1298155	1609930	133571	1016823	910800	1112720	90015	659435	387355	497210	43556	357388	3364356	0	3	2241804	1053872	68158	329	182	8	2310144	1054212
2021-02-08	3473279	108923	52867	56056	3400749	72309	218	2363014	1110268	0.028	0.013	1350672	1655734	137545	1035599	942269	1129343	91902	666781	408403	526391	45643	368818	3473279	0	3	2290823	1109926	71978	331	210	8	2363011	1110268
2021-02-09	3607317	134038	60201	73837	3531240	75743	331	2423215	1184105	0.029	0.014	1411842	1714380	141993	1058512	978151	1147503	94639	674792	433691	566877	47354	383720	3607317	0	3	2347667	1183573	75222	521	323	8	2423212	1184105
2021-02-10	3761703	154386	77320	77066	3673055	79978	8667	2500535	1261171	0.030	0.015	1478760	1781046	146001	1087933	1017461	1175177	96286	685176	461299	605869	49715	402757	3761703	0	3	2413409	1259646	78476	1502	8647	20	2500532	1261171
2021-02-11	3905420	143717	75211	68506	3793184	87245	24986	2575748	1329677	0.031	0.016	1539776	1848576	151475	1113070	1052428	1208053	98713	694775	487348	640523	52762	418295	3905420	0	5	2468080	1325104	82711	4534	24952	34	2575743	1329677
2021-02-12	4060500	155080	79515	75565	3924740	96543	39209	2655266	1405242	0.032	0.017	1611268	1919253	157751	1138545	1094198	1240389	101429	704318	517070	678864	56322	434227	4060500	0	8	2529123	1395617	87283	9260	38852	357	2655258	1405242
2021-02-13	4167866	107366	61921	45445	4015500	99800	52557	2717188	1450687	0.033	0.017	1667599	1960972	162355	1156080	1129093	1262877	103231	711418	538506	698095	59124	444662	4167866	0	9	2575991	1439509	88995	10805	52193	364	2717179	1450687
2021-02-14	4233073	65207	39495	25712	4070987	102274	59802	2756684	1476399	0.033	0.018	1706122	1983696	163973	1164146	1153761	1276081	104081	714928	552361	707615	59892	449218	4233073	0	10	2606992	1463995	90265	12009	59417	385	2756674	1476399
2021-02-15	4358339	125266	69524	55742	4175567	107503	75258	2826209	1532141	0.034	0.018	1773591	2031897	168008	1183418	1194859	1300739	106358	721524	578732	731158	61650	461894	4358339	0	11	2658805	1516762	92537	14966	74856	402	2826198	1532141
2021-02-16	4492444	134105	77757	56348	4283961	113622	94849	2903967	1588489	0.035	0.019	1839625	2089928	170683	1200400	1236633	1336138	107879	728440	602992	753790	62804	471960	4492444	0	12	2714258	1569703	95262	18360	94435	414	2903955	1588489
2021-02-17	4643211	150767	94460	56307	4405973	121621	115604	2998428	1644796	0.036	0.020	1920033	2147919	175770	1221928	1292995	1368705	110873	736858	627038	779214	64897	485070	4643211	0	13	2783163	1622810	100075	21546	115177	427	2998415	1644796
2021-02-18	4787462	144251	91261	52990	4518161	129845	139442	3089690	1697786	0.037	0.020	1995907	2206102	179208	1240945	1345328	1403985	112659	744258	650579	802117	66549	496687	4787462	0	14	2845908	1672253	104757	25088	139011	431	3089676	1697786
2021-02-19	4945791	158329	102774	55555	4639113	139806	166857	3192465	1753341	0.038	0.021	2076668	2266444	184080	1258305	1402958	1440066	115287	750941	673710	826378	68793	507364	4945791	0	15	2914422	1724691	111708	28098	166320	537	3192450	1753341
2021-02-20	5057855	112064	75796	36268	4725490	144270	188079	3268262	1789609	0.039	0.022	2138268	2310157	187738	1272296	1445964	1469322	117533	755178	692304	840835	70205	517118	5057855	0	16	2964974	1760516	115740	28530	187532	547	3268246	1789609
2021-02-21	5143655	85800	57419	28381	4792000	147911	203727	3325682	1817990	0.040	0.022	2187054	2340674	190304	1282667	1479917	1489494	118664	757407	707137	851180	71640	525260	5143655	0	17	3003269	1788731	119222	28689	203174	553	3325665	1817990
2021-02-22	5298990	155335	97586	57749	4914725	156904	227343	3423269	1875739	0.041	0.023	2266701	2410287	195201	1300517	1538362	1525084	121627	763642	728339	885203	73574	536875	5298990	0	18	3070026	1844699	126447	30457	226778	565	3423251	1875739
2021-02-23	5468634	169644	109164	60480	5048314	164113	256188	3532434	1936219	0.042	0.023	2346910	2483166	200501	1318387	1598211	1563793	124757	771284	748699	919373	75744	547103	5468634	0	19	3144806	1903508	131998	32115	255611	577	3532415	1936219
2021-02-24	5644279	175645	116509	59136	5179697	171723	292839	3648944	1995355	0.044	0.024	2431789	2557990	207079	1337422	1660503	1608669	128907	778912	771286	949321	78172	558510	5644279	0	20	3218757	1960940	137923	33800	292244	595	3648924	1995355
2021-02-25	5833000	188721	129754	58967	5310814	178482	343684	3778698	2054322	0.045	0.025	2514175	2648479	213515	1355541	1722988	1667176	133470	787131	791187	981303	80045	568410	5833000	0	20	3292449	2018365	143153	35329	343076	608	3778678	2054322
2021-02-26	6045303	212303	145464	66839	5451485	187314	406484	3924162	2121161	0.047	0.026	2602819	2749814	220591	1375230	1787946	1735795	138593	794627	814873	1014019	81998	580603	6045303	0	20	3367970	2083515	150369	36945	405803	681	3924142	2121161
2021-02-27	6193019	147716	107826	39890	5544138	191396	457465	4031988	2161051	0.048	0.026	2666475	2822116	227301	1388101	1833818	1790224	143432	799030	832657	1031892	83869	589071	6193019	0	20	3421473	2122665	153719	37677	456776	689	4031968	2161051
2021-02-28	6295854	102835	78770	24065	5605417	195351	495065	4110759	2185116	0.049	0.026	2714700	2875405	231582	1394762	1868893	1834535	146785	801170	845807	1040870	84797	593592	6295854	0	21	3459060	2146357	157321	38030	494357	708	4110738	2185116
2021-03-01	6493954	198100	148277	49823	5735566	204975	553392	4259036	2234939	0.051	0.027	2817221	2953369	239381	1408021	1943445	1896228	153263	806209	873776	1057141	86118	601812	6493954	0	21	3541424	2194142	164923	40052	552668	724	4259015	2234939
2021-03-02	6712529	218575	166475	52100	5875329	214964	622215	4425511	2287039	0.053	0.027	2927307	3047588	248982	1422628	2022735	1971725	160632	812692	904572	1075863	88350	609936	6712529	0	21	3631983	2243346	172038	42926	621469	746	4425490	2287039
2021-03-03	6958789	246260	175786	70474	6032295	229914	696559	4601297	2357513	0.055	0.028	3047976	3148969	260606	1439862	2105531	2048823	170041	819606	942445	1100146	90565	620256	6958789	0	21	3724427	2307868	181111	48803	695738	821	4601276	2357513
2021-03-04	7203460	244671	181832	62839	6173384	244380	785675	4783129	2420352	0.058	0.029	3159240	3258741	272992	1455625	2181653	2136963	180034	825002	977587	1121778	92958	630623	7203460	0	21	3808114	2365270	190184	54196	784810	865	4783108	2420352
2021-03-05	7479106	275646	207103	68543	6322860	257745	898479	4990233	2488895	0.060	0.030	3277185	3383782	287941	1471072	2258903	2242620	191990	830697	1018282	1141162	95951	640375	7479106	0	22	3895058	2427802	197589	60156	897564	915	4990211	2488895
2021-03-06	7680790	201684	153036	48648	6432083	266185	982500	5143269	2537543	0.062	0.031	3366696	3478463	298371	1480590	2314602	2325555	200824	833966	1052094	1152908	97547	646624	7680790	0	22	3957892	2474191	203791	62394	981564	936	5143247	2537543
2021-03-07	7828325	147535	114050	33485	6511825	272839	1043639	5257319	2571028	0.063	0.031	3437978	3544531	306478	1486155	2360956	2383880	208082	835928	1077022	1160651	98396	650227	7828325	0	22	4006505	2505320	208109	64730	1042683	956	5257297	2571028
2021-03-08	8065776	237451	185859	51592	6645732	283793	1136229	5443178	2622620	0.065	0.032	3556806	3640371	322827	1498475	2442587	2468035	222757	841890	1114219	1172336	100070	656585	8065776	0	22	4092223	2553509	215701	68092	1135232	997	5443156	2622620
2021-03-09	8317990	252214	197365	54849	6785835	296577	1235556	5640543	2677469	0.068	0.032	3677710	3742787	340236	1512022	2524321	2558568	238262	848791	1153389	1184219	101974	663231	8317990	0	22	4181014	2604821	225013	71564	1234494	1062	5640521	2677469
2021-03-10	8606310	288320	221281	67039	6944917	308755	1352615	5861825	2744508	0.070	0.033	3808598	3856306	360962	1530389	2606688	2661880	256906	860000	1201910	1194426	104056	670389	8605339	971	23	4276670	2668247	233632	75123	1351500	1115	5861802	2744508
2021-03-11	8890549	284239	223348	60891	7092546	322473	1475507	6085173	2805399	0.073	0.034	3937470	3976178	382106	1544008	2689957	2769533	276555	867677	1247513	1206645	105551	676331	8888923	1626	23	4367814	2724732	243002	79471	1474334	1173	6085150	2805399
2021-03-12	9217020	326471	255611	70860	7244125	339767	1633105	6340784	2876259	0.076	0.035	4071484	4127850	404783	1559463	2770420	2906954	297406	877132	1301064	1220896	107377	682331	9215184	1836	23	4453328	2790797	255703	84064	1631730	1375	6340761	2876259
2021-03-13	9457611	240591	190312	50279	7360138	349336	1748114	6531096	2926538	0.079	0.035	4181046	4240796	425293	1567511	2840453	3011727	316755	881879	1340593	1229069	108538	685632	9455619	1992	23	4520515	2839623	263931	85405	1746627	1487	6531073	2926538
2021-03-14	9627664	170053	134381	35672	7448194	354848	1824599	6665477	2962210	0.080	0.036	4266043	4307307	441408	1570975	2896461	3072888	331859	883676	1369582	1234419	109549	687299	9625662	2002	23	4573895	2874299	268468	86380	1823091	1508	6665454	2962210
2021-03-15	9875320	247656	188430	59226	7600951	367585	1906761	6853907	3021436	0.082	0.036	4400463	4391447	461474	1582289	2984151	3147219	350790	890548	1416312	1244228	110684	691741	9873035	2285	23	4669214	2931737	279506	88079	1905164	1597	6853884	3021436
2021-03-16	10054222	178902	110737	68165	7767587	378836	1907776	6964644	3089601	0.084	0.037	4527474	4426082	473886	1593025	3059300	3169255	361553	895647	1468174	1256827	112333	697378	10051390	2832	23	4770174	2997413	288272	90564	1906175	1601	6964621	3089601
2021-03-17	10259174	204952	124026	80926	7953808	396825	1908518	7088670	3170527	0.085	0.038	4672447	4463838	487350	1605072	3141952	3193652	373040	902175	1530495	1270186	114310	702897	10255725	3449	23	4880281	3073527	301454	95371	1906912	1606	7088647	3170527
2021-03-18	10452699	193525	117945	75580	8128012	414988	1909676	7206615	3246107	0.087	0.039	4812398	4498757	499905	1615322	3222615	3215628	383588	907340	1589783	1283129	116317	707982	10448827	3872	23	4984107	3143905	314416	100572	1908069	1607	7206592	3246107
2021-03-19	10697411	244712	160558	84154	8313393	435777	1948218	7367173	3330261	0.089	0.040	4961948	4563922	518114	1627194	3306761	3267408	399605	914537	1655187	1296514	118509	712657	10693008	4403	23	5092198	3221195	328398	107379	1946554	1664	7367150	3330261
2021-03-20	10917670	220259	166995	53264	8448772	451072	2017803	7534168	3383525	0.091	0.041	5078536	4641917	537715	1633319	3379545	3337212	417708	917920	1698991	1304705	120007	715399	10912943	4727	23	5178176	3270596	339860	111212	2016109	1694	7534145	3383525
2021-03-21	11082167	164497	126305	38192	8550947	460266	2070931	7660473	3421717	0.092	0.041	5171749	4694283	554274	1635819	3440184	3384099	433219	919244	1731565	1310184	121055	716575	11077440	4727	23	5245429	3305518	345810	114456	2069211	1720	7660450	3421717
2021-03-22	11351322	269155	192763	76392	8717360	484054	2149885	7853236	3498109	0.094	0.042	5329624	4766248	576579	1645397	3534739	3445389	453483	925279	1794885	1320859	123096	720118	11345067	6255	23	5342904	3374456	362198	121856	2148111	1774	7853213	3498109
2021-03-23	11652037	300715	216874	83841	8898814	503766	2249434	8070110	3581950	0.097	0.043	5490190	4854892	604288	1656865	3629814	3521119	478432	932910	1860376	1333773	125856	723955	11640794	11243	23	5445545	3453269	376938	126828	2247604	1830	8070087	3581950
2021-03-24	11991072	339035	249427	89608	9098967	536793	2355289	8319537	3671558	0.100	0.044	5664852	4952071	635971	1672375	3732242	3605792	507202	944863	1932610	1346279	128769	727512	11974037	17035	23	5561471	3537496	404659	132134	2353384	1905	8319514	3671558
2021-03-25	12323758	332686	251526	81160	9284503	564480	2474752	8571063	3752718	0.103	0.045	5830941	5060081	670798	1683452	3832663	3703768	539527	951994	1998278	1356313	131271	731458	12300778	22980	23	5671530	3612973	426775	137705	2472735	2017	8571040	3752718
2021-03-26	12697536	373778	285373	88405	9484068	601645	2611799	8856437	3841123	0.106	0.046	6003833	5184282	710463	1698535	3933360	3816071	576057	962322	2070473	1368211	134406	736213	12668242	29294	24	5789487	3694581	457236	144409	2609690	2109	8856413	3841123
2021-03-27	12978759	281223	218888	62335	9633628	629263	2715843	9075326	3903458	0.109	0.047	6147056	5279869	744190	1703356	4023632	3903670	607441	965464	2123424	1376199	136749	737892	12947115	31644	25	5879879	3753749	481744	147519	2713678	2165	9075301	3903458
2021-03-28	13175170	196411	143146	53265	9748997	647767	2778381	9218472	3956723	0.111	0.048	6253046	5333384	768116	1706823	4085867	3950861	629648	967502	2167179	1382523	138468	739321	13143335	31835	25	5945308	3803689	496974	150793	2776165	2216	9218447	3956723
2021-03-29	13480761	305591	216987	88604	9937740	672744	2870252	9435459	4045327	0.113	0.049	6418833	5404751	806706	1716518	4180272	4010842	665103	973637	2238561	1393909	141603	742881	13442978	37783	25	6052310	3885430	515149	157595	2867975	2277	9435434	4045327
2021-03-30	13809797	329036	236433	92603	10156442	697159	2956171	9671892	4137930	0.116	0.050	6591913	5474211	853024	1727240	4280843	4069380	706095	981320	2311070	1404831	146929	745920	13759878	49919	25	6184926	3971516	533107	164052	2953834	2337	9671867	4137930
2021-03-31	14146010	336213	234707	101506	10403936	733202	3008847	9906599	4239436	0.119	0.051	6774517	5538855	899988	1738789	4384637	4121392	747318	988525	2389880	1417463	152670	750264	14079776	66234	25	6338915	4065021	561184	172018	3006475	2372	9906574	4239436
2021-04-01	14472639	326629	235925	90704	10642818	765654	3064142	10142524	4330140	0.122	0.052	6936269	5606629	944397	1747554	4476928	4175958	787230	994147	2459341	1430671	157167	753407	14386326	86313	25	6495032	4147786	585739	179915	3061728	2414	10142499	4330140
2021-04-02	14698333	225694	157713	67981	10822350	780043	3095915	10300237	4398121	0.124	0.053	7067172	5654574	981393	1749910	4552089	4213818	820223	995356	2515083	1440756	161170	754554	14610496	87837	25	6610951	4211399	595787	184256	3093474	2441	10300212	4398121
2021-04-03	14930169	231836	167465	64371	10996497	795843	3137804	10467702	4462492	0.126	0.054	7198861	5698683	1018737	1753036	4633025	4248782	853330	997097	2565836	1449901	165407	755939	14840933	89236	25	6725612	4270885	606740	189103	3135325	2479	10467677	4462492
2021-04-04	15123108	192939	142571	50368	11128695	805905	3188483	10610273	4512860	0.128	0.054	7309766	5731715	1048001	1754173	4704262	4274251	879171	997551	2605504	1457464	168830	756622	15033736	89372	25	6811375	4317320	612912	192993	3185961	2522	10610248	4512860
2021-04-05	15370943	247835	177622	70213	11293688	823771	3253459	10787895	4583073	0.130	0.055	7456036	5770066	1081529	1756372	4794323	4302940	907924	998846	2661713	1467126	173605	757526	15280261	90682	25	6910966	4382722	625998	197773	3250906	2553	10787870	4583073
2021-04-06	15744680	373737	279030	94707	11548648	855987	3340018	11066927	4677780	0.133	0.056	7644926	5826686	1124640	1761928	4910112	4346229	944820	1001588	2734814	1480457	179820	760340	15617371	127309	27	7079982	4468666	649521	206466	3337397	2621	11066900	4677780
2021-04-07	16412734	668054	571684	96370	12090839	893022	3428846	11638611	4774150	0.140	0.057	7644926	5826686	1124640	1761928	4910112	4346229	944820	1001588	2734814	1480457	179820	760340	15979761	432973	27	7534490	4556349	677952	215070	3426142	2704	11638584	4774150
2021-04-08	17111516	698782	611112	87670	12662324	928653	3520512	12249723	4861820	0.147	0.058	7644926	5826686	1124640	1761928	4910112	4346229	944820	1001588	2734814	1480457	179820	760340	16353665	757851	27	8027359	4634965	704610	224043	3517727	2785	12249696	4861820
2021-04-09	17743301	631785	542890	88895	13152522	965217	3625535	12792613	4950715	0.154	0.060	7644926	5826686	1124640	1761928	4910112	4346229	944820	1001588	2734814	1480457	179820	760340	16745947	997354	27	8440178	4712344	729740	235477	3622668	2867	12792586	4950715
2021-04-10	18115881	372580	307524	65056	13401014	988437	3726403	13100137	5015771	0.158	0.060	7644926	5826686	1124640	1761928	4910112	4346229	944820	1001588	2734814	1480457	179820	760340	17085481	1030400	27	8631359	4769655	745278	243159	3723473	2930	13100110	5015771
2021-04-11	18379795	263914	213593	50321	13571383	1007103	3801282	13313730	5066092	0.160	0.061	7644926	5826686	1124640	1761928	4910112	4346229	944820	1001588	2734814	1480457	179820	760340	17344316	1035479	27	8755430	4815953	759997	247106	3798276	3006	13313703	5066092
2021-04-12	18798324	418529	342152	76377	13850246	1036289	3911761	13655883	5142469	0.164	0.062	7644926	5826686	1124640	1761928	4910112	4346229	944820	1001588	2734814	1480457	179820	760340	17714338	1083986	28	8966443	4883803	780710	255579	3908702	3059	13655855	5142469
2021-04-13	19375126	576802	503132	73670	14282517	1063507	4029074	14159015	5216139	0.170	0.063	7644926	5826686	1124640	1761928	4910112	4346229	944820	1001588	2734814	1480457	179820	760340	18095010	1280116	28	9330679	4951838	802487	261020	4025821	3253	14158987	5216139
2021-04-14	20150028	774902	691734	83168	14898955	1097043	4154002	14850749	5299307	0.179	0.064	7644926	5826686	1124640	1761928	4910112	4346229	944820	1001588	2734814	1480457	179820	760340	18496115	1653913	28	9873011	5025944	827519	269524	4150191	3811	14850721	5299307
2021-04-15	20830166	680138	609937	70201	15432910	1133248	4263979	15460687	5369508	0.186	0.065	7644926	5826686	1124640	1761928	4910112	4346229	944820	1001588	2734814	1480457	179820	760340	18880624	1949542	29	10346323	5086587	855111	278137	4259224	4755	15460658	5369508
2021-04-16	21426701	596535	522348	74187	15871028	1165846	4389798	15983035	5443695	0.192	0.065	7644926	5826686	1124640	1761928	4910112	4346229	944820	1001588	2734814	1480457	179820	760340	19282320	2144381	29	10719490	5151538	879278	286568	4384238	5560	15983006	5443695
2021-04-17	21792694	365993	309382	56611	16095907	1188532	4508226	16292417	5500306	0.196	0.066	7644926	5826686	1124640	1761928	4910112	4346229	944820	1001588	2734814	1480457	179820	760340	19626509	2166185	29	10896377	5199530	894827	293705	4501184	7042	16292388	5500306
2021-04-18	22062123	269429	230427	39002	16267949	1203920	4590225	16522844	5539308	0.199	0.067	7644926	5826686	1124640	1761928	4910112	4346229	944820	1001588	2734814	1480457	179820	760340	19891327	2170796	29	11034480	5233469	906318	297602	4582017	8208	16522815	5539308
2021-04-19	22464389	402266	340873	61393	16561772	1236840	4665747	16863718	5600701	0.203	0.067	7644926	5826686	1124640	1761928	4910112	4346229	944820	1001588	2734814	1480457	179820	760340	20249262	2215127	30	11276144	5285628	931321	305519	4656223	9524	16863688	5600701
2021-04-20	23025116	560727	498057	62670	16943715	1276058	4805313	17361775	5663371	0.209	0.068	7644926	5826686	1124640	1761928	4910112	4346229	944820	1001588	2734814	1480457	179820	760340	20615538	2409578	30	11604094	5339621	963942	312116	4793709	11604	17361745	5663371
2021-04-21	23745968	720852	647810	73042	17397966	1317754	5030218	18009585	5736413	0.217	0.069	7644926	5826686	1124640	1761928	4910112	4346229	944820	1001588	2734814	1480457	179820	760340	20997242	2748726	30	11995810	5402156	997579	320175	5016166	14052	18009555	5736413
2021-04-22	24384478	638510	571366	67144	17779727	1361406	5243315	18580951	5803557	0.223	0.070	7644926	5826686	1124640	1761928	4910112	4346229	944820	1001588	2734814	1480457	179820	760340	21368493	3015985	30	12321685	5458042	1033597	327809	5225639	17676	18580921	5803557
2021-04-23	24940657	556179	487301	68878	18133012	1404943	5402672	19068252	5872435	0.229	0.071	7644926	5826686	1124640	1761928	4910112	4346229	944820	1001588	2734814	1480457	179820	760340	21756477	3184180	30	12620124	5512888	1066651	338292	5381447	21225	19068222	5872435
2021-04-24	25306219	365562	306614	58948	18367993	1454283	5483913	19374866	5931383	0.233	0.071	7644926	5826686	1124640	1761928	4910112	4346229	944820	1001588	2734814	1480457	179820	760340	22105128	3201091	30	12813886	5554107	1100617	353666	5460333	23580	19374836	5931383
2021-04-25	25589108	282889	233844	49045	18555759	1487958	5545361	19608710	5980428	0.236	0.072	7644926	5826686	1124640	1761928	4910112	4346229	944820	1001588	2734814	1480457	179820	760340	22382203	3206905	30	12964255	5591504	1124428	363530	5519997	25364	19608680	5980428
2021-04-26	26022013	432905	358940	73965	18873667	1530425	5617822	19967719	6054393	0.240	0.073	7644926	5826686	1124640	1761928	4910112	4346229	944820	1001588	2734814	1480457	179820	760340	22728516	3293497	99	13220647	5653020	1158505	371920	5588468	29354	19967620	6054393
2021-04-27	26807342	785329	693422	91907	19550381	1581919	5674482	20661602	6146300	0.248	0.074	7644926	5826686	1124640	1761928	4910112	4346229	944820	1001588	2734814	1480457	179820	760340	23098965	3708377	560	13819511	5730870	1200875	381044	5640656	33826	20661042	6146300
2021-04-28	27930330	1122988	996026	126962	20558612	1642634	5727807	21658345	6273262	0.260	0.075	7644926	5826686	1124640	1761928	4910112	4346229	944820	1001588	2734814	1480457	179820	760340	23492870	4437460	1277	14719152	5839460	1249053	393581	5688863	38944	21657068	6273262
2021-04-29	28876299	945969	812523	133446	21382921	1706262	5784959	22471748	6406708	0.270	0.077	7644926	5826686	1124640	1761928	4910112	4346229	944820	1001588	2734814	1480457	179820	760340	23880771	4995528	2157	15431174	5951747	1300299	405963	5738118	46841	22469591	6406708
2021-04-30	29679940	803641	666622	137019	22061311	1763518	5852121	23139203	6543727	0.278	0.079	7644926	5826686	1124640	1761928	4910112	4346229	944820	1001588	2734814	1480457	179820	760340	24284566	5395374	2990	15998010	6063301	1342311	421207	5795892	56229	23136213	6543727
2021-05-01	30016216	336276	260030	76246	22314141	1805008	5891503	23401807	6619973	0.281	0.080	7644926	5826686	1124640	1761928	4910112	4346229	944820	1001588	2734814	1480457	179820	760340	24596192	5420024	5564	16189591	6124550	1377395	427613	5829257	62246	23396243	6619973
2021-05-02	30281207	264991	197608	67383	22509721	1842518	5921596	23601223	6687356	0.284	0.080	7644926	5826686	1124640	1761928	4910112	4346229	944820	1001588	2734814	1480457	179820	760340	24853528	5427679	7372	16329427	6180294	1409653	432865	5854771	66825	23593851	6687356
2021-05-03	30732900	451693	335334	116359	22827613	1913102	5983227	23938143	6803715	0.288	0.082	7644926	5826686	1124640	1761928	4910112	4346229	944820	1001588	2734814	1480457	179820	760340	25211361	5521539	8958	16556341	6271272	1467042	446060	5905802	77425	23929185	6803715
2021-05-04	31575837	842937	681211	161726	23453929	1976532	6133457	24622315	6965441	0.296	0.084	7644926	5826686	1124640	1761928	4910112	4346229	944820	1001588	2734814	1480457	179820	760340	25587046	5988791	11919	17050835	6403094	1517234	459298	6042327	91130	24610396	6965441
2021-05-05	32722738	1146901	914897	232004	24304918	2055498	6345932	25541683	7197445	0.307	0.087	7644926	5826686	1124640	1761928	4910112	4346229	944820	1001588	2734814	1480457	179820	760340	26007983	6714755	16390	17716696	6588222	1570695	484803	6237902	108030	25525293	7197445
2021-05-06	33713213	990475	767292	223183	24997584	2147603	6547442	26313169	7420628	0.316	0.089	7644926	5826686	1124640	1761928	4910112	4346229	944820	1001588	2734814	1480457	179820	760340	26423347	7289866	20584	18232227	6765357	1640397	507206	6419961	127481	26292585	7420628
2021-05-07	34603381	890168	652104	238064	25584770	2234294	6759870	26969136	7658692	0.324	0.092	7644926	5826686	1124640	1761928	4910112	4346229	944820	1001588	2734814	1480457	179820	760340	26869499	7733882	24447	18645434	6939336	1696124	538170	6603131	156739	26944689	7658692
2021-05-08	35029140	425759	271686	154073	25852425	2306077	6844474	27242539	7812765	0.328	0.094	7644926	5826686	1124640	1761928	4910112	4346229	944820	1001588	2734814	1480457	179820	760340	27234767	7794373	26164	18800194	7052231	1748072	558005	6668109	176365	27216375	7812765
2021-05-09	35315313	286173	183621	102552	26046319	2362630	6879134	27427226	7915317	0.330	0.095	7644926	5826686	1124640	1761928	4910112	4346229	944820	1001588	2734814	1480457	179820	760340	27509905	7805408	27230	18914822	7131497	1793827	568803	6691347	187787	27399996	7915317
2021-05-10	35904600	589287	395762	193525	26419476	2444419	7009746	27826717	8108842	0.335	0.098	7644926	5826686	1124640	1761928	4910112	4346229	944820	1001588	2734814	1480457	179820	760340	27910294	7994306	30959	19146205	7273271	1853443	590976	6796110	213636	27795758	8108842
2021-05-11	36990397	1085797	797938	287859	27245398	2524310	7186088	28628297	8396701	0.344	0.101	7644926	5826686	1124640	1761928	4910112	4346229	944820	1001588	2734814	1480457	179820	760340	28342396	8648001	34601	19739227	7506171	1911168	613142	6943301	242787	28593696	8396701
2021-05-12	38406210	1415813	1049228	366585	28338653	2615960	7411312	29683209	8763286	0.357	0.105	7644926	5826686	1124640	1761928	4910112	4346229	944820	1001588	2734814	1480457	179820	760340	28802226	9603984	40285	20536074	7802579	1972289	643671	7134561	276751	29642924	8763286
2021-05-13	38835466	429256	268404	160852	28653990	2682731	7455813	29954260	8924138	0.360	0.107	7644926	5826686	1124640	1761928	4910112	4346229	944820	1001588	2734814	1480457	179820	760340	29158003	9677463	42932	20723636	7930354	2023849	658882	7163843	291970	29911328	8924138
2021-05-14	39591960	756494	525973	230521	29199230	2747638	7594365	30488028	9154659	0.367	0.110	7644926	5826686	1124640	1761928	4910112	4346229	944820	1001588	2734814	1480457	179820	760340	29563160	10028800	50727	21088288	8110942	2073580	674058	7275433	318932	30437301	9154659
2021-05-15	39992014	400054	234536	165518	29478265	2807939	7650803	30726844	9320177	0.369	0.112	7644926	5826686	1124640	1761928	4910112	4346229	944820	1001588	2734814	1480457	179820	760340	29915548	10076466	55007	21244970	8233295	2117530	690409	7309337	341466	30671837	9320177
2021-05-16	40274585	282571	160599	121972	29678449	2860680	7675724	30892168	9442149	0.371	0.114	7644926	5826686	1124640	1761928	4910112	4346229	944820	1001588	2734814	1480457	179820	760340	30182114	10092471	59732	21351406	8327043	2160386	700294	7320644	355080	30832436	9442149
2021-05-17	40829874	555289	349274	206015	30016815	2946355	7797215	31251199	9648164	0.376	0.116	7644926	5826686	1124640	1761928	4910112	4346229	944820	1001588	2734814	1480457	179820	760340	30568085	10261789	69489	21544284	8472531	2221648	724707	7415778	381437	31181710	9648164
2021-05-18	41701880	872006	517342	354664	30606451	3047448	7970720	31776313	10002828	0.382	0.120	7644926	5826686	1124640	1761928	4910112	4346229	944820	1001588	2734814	1480457	179820	760340	30985087	10716793	77261	21843666	8762785	2294155	753293	7561231	409489	31699052	10002828
2021-05-19	42799560	1097680	563608	534072	31410558	3147537	8152046	32352079	10536900	0.389	0.127	7644926	5826686	1124640	1761928	4910112	4346229	944820	1001588	2734814	1480457	179820	760340	31402989	11396571	89419	22187666	9222892	2360396	787141	7714598	437448	32262660	10536900
2021-05-20	43746796	947236	455549	491687	32093885	3244011	8308639	32818470	11028587	0.395	0.133	7644926	5826686	1124640	1761928	4910112	4346229	944820	1001588	2734814	1480457	179820	760340	31819282	11927514	100261	22448589	9645296	2425908	818103	7843712	464927	32718209	11028587
2021-05-21	44597695	850899	405909	444990	32689966	3329677	8465971	33236199	11473577	0.400	0.138	7644926	5826686	1124640	1761928	4910112	4346229	944820	1001588	2734814	1480457	179820	760340	32247461	12350234	112081	22671080	10018886	2482281	847396	7970757	495214	33124118	11473577
2021-05-22	45071482	473787	214816	258971	32996091	3399176	8549857	33465292	11732548	0.402	0.141	7644926	5826686	1124640	1761928	4910112	4346229	944820	1001588	2734814	1480457	179820	760340	32592318	12479164	126358	22769487	10226604	2530586	868590	8038861	510996	33338934	11732548
2021-05-23	45356560	285078	124719	160359	33189013	3458564	8573761	33598875	11892907	0.404	0.143	7644926	5826686	1124640	1761928	4910112	4346229	944820	1001588	2734814	1480457	179820	760340	32859275	12497285	135222	22835112	10353901	2574883	883681	8053658	520103	33463653	11892907
2021-05-24	45682531	325971	141120	184851	33424730	3520113	8594424	33748037	12077758	0.406	0.145	7644926	5826686	1124640	1761928	4910112	4346229	944820	1001588	2734814	1480457	179820	760340	33169721	12512810	143264	22917708	10507022	2621436	898677	8065629	528795	33604773	12077758
2021-05-25	46337984	655453	272079	383374	33871365	3599781	8698463	34045227	12461132	0.409	0.150	7644926	5826686	1124640	1761928	4910112	4346229	944820	1001588	2734814	1480457	179820	760340	33566231	12771753	168375	23059410	10811955	2672879	926902	8144563	553900	33876852	12461132
2021-05-26	47517581	1179597	469504	710093	34756259	3682174	8832557	34592947	13171225	0.416	0.158	7644926	5826686	1124640	1761928	4910112	4346229	944820	1001588	2734814	1480457	179820	760340	33982413	13535168	246591	23374222	11382037	2725466	956708	8246668	585889	34346356	13171225
2021-05-27	48558228	1040647	404095	636552	35495284	3771062	8964168	35078165	13807777	0.422	0.166	7644926	5826686	1124640	1761928	4910112	4346229	944820	1001588	2734814	1480457	179820	760340	34401223	14157005	327714	23632030	11863254	2777084	993978	8341337	622831	34750451	13807777
2021-05-28	49461449	903221	356206	547015	36098207	3857139	9094643	35518117	14354792	0.427	0.173	7644926	5826686	1124640	1761928	4910112	4346229	944820	1001588	2734814	1480457	179820	760340	34836483	14624966	411460	23848757	12249450	2827595	1029544	8430305	664338	35106657	14354792
2021-05-29	49871515	410066	151642	258424	36359997	3919677	9152594	35697546	14613216	0.429	0.176	7644926	5826686	1124640	1761928	4910112	4346229	944820	1001588	2734814	1480457	179820	760340	35172140	14699375	439247	23928552	12431445	2864438	1055239	8465309	687285	35258299	14613216
2021-05-30	50155017	283502	97696	185806	36557115	3966681	9180947	35806269	14799022	0.431	0.178	7644926	5826686	1124640	1761928	4910112	4346229	944820	1001588	2734814	1480457	179820	760340	35433824	14721193	450274	23987748	12569367	2891777	1074904	8476470	704477	35355995	14799022
2021-05-31	50701515	546498	178213	368285	36924203	4034036	9250532	36026952	15167307	0.433	0.182	7644926	5826686	1124640	1761928	4910112	4346229	944820	1001588	2734814	1480457	179820	760340	35822553	14878962	492744	24099396	12824807	2919439	1114597	8515373	735159	35534208	15167307
2021-06-01	51689477	987962	399820	588142	37657485	4113726	9341023	36511271	15755449	0.439	0.189	7644926	5826686	1124640	1761928	4910112	4346229	944820	1001588	2734814	1480457	179820	760340	36220042	15469435	577243	24415428	13242057	2949130	1164596	8569470	771553	35934028	15755449
2021-06-02	52936529	1247052	516697	730355	38646160	4186213	9423234	37131647	16485804	0.446	0.198	7644926	5826686	1124640	1761928	4910112	4346229	944820	1001588	2734814	1480457	179820	760340	36626816	16309713	680922	24864735	13781425	2973568	1212645	8612422	810812	36450725	16485804
2021-06-03	53579162	642633	230343	412290	39121059	4250526	9473453	37415192	16898094	0.450	0.203	7644926	5826686	1124640	1761928	4910112	4346229	944820	1001588	2734814	1480457	179820	760340	36990036	16589126	734124	25044514	14076545	3003274	1247252	8633280	840173	36681068	16898094
2021-06-04	54389426	810264	291035	519229	39706024	4321753	9550308	37783444	17417323	0.454	0.209	7644926	5826686	1124640	1761928	4910112	4346229	944820	1001588	2734814	1480457	179820	760340	37397812	16991614	811341	25272397	14433627	3031964	1289789	8667742	882566	36972103	17417323
2021-06-05	54802221	412795	96259	316536	39977119	4388671	9594476	37910317	17733859	0.456	0.213	7644926	5826686	1124640	1761928	4910112	4346229	944820	1001588	2734814	1480457	179820	760340	37747063	17055158	841955	25331473	14645646	3058252	1330419	8678637	915839	37068362	17733859
2021-06-06	55094387	292166	59372	232794	40182815	4429662	9621713	37987931	17966653	0.457	0.216	7644926	5826686	1124640	1761928	4910112	4346229	944820	1001588	2734814	1480457	179820	760340	38009520	17084867	860197	25375354	14807461	3070223	1359439	8682157	939556	37127734	17966653
2021-06-07	55707556	613169	192615	420554	40584002	4514700	9694198	38235005	18387207	0.460	0.221	7644926	5826686	1124640	1761928	4910112	4346229	944820	1001588	2734814	1480457	179820	760340	38383405	17323248	914656	25509303	15074699	3097772	1416928	8713274	980924	37320349	18387207
2021-06-08	56758074	1050518	339145	711373	41428008	4590051	9757122	38642387	19098580	0.465	0.230	7644926	5826686	1124640	1761928	4910112	4346229	944820	1001588	2734814	1480457	179820	760340	38786102	17968865	982893	25789939	15638069	3123998	1466053	8745557	1011565	37659494	19098580
2021-06-09	58176560	1418486	444405	974081	42599556	4677297	9821104	39182502	20072661	0.471	0.241	7644926	5826686	1124640	1761928	4910112	4346229	944820	1001588	2734814	1480457	179820	760340	39213859	18956810	1078603	26173566	16425990	3152379	1524918	8777954	1043150	38103899	20072661
2021-06-10	59364091	1187531	401356	786175	43553086	4767098	9876865	39672297	20858836	0.477	0.251	7644926	5826686	1124640	1761928	4910112	4346229	944820	1001588	2734814	1480457	179820	760340	39649849	19705530	1167042	26516022	17037064	3184392	1582706	8804841	1072024	38505255	20858836
2021-06-11	60422902	1058811	361197	697614	44357105	4856122	9945857	40130270	21556450	0.483	0.259	7644926	5826686	1124640	1761928	4910112	4346229	944820	1001588	2734814	1480457	179820	760340	40092884	20318630	1263818	26819533	17537572	3212594	1643528	8834325	1111532	38866452	21556450
2021-06-12	60857698	434796	123484	311312	44641549	4927883	9989207	40288995	21867762	0.484	0.263	7644926	5826686	1124640	1761928	4910112	4346229	944820	1001588	2734814	1480457	179820	760340	40424583	20420893	1299059	26911257	17730292	3231305	1696578	8847374	1141833	38989936	21867762
2021-06-13	61140673	282975	64687	218288	44821422	4991397	10015006	40367471	22086050	0.485	0.266	7644926	5826686	1124640	1761928	4910112	4346229	944820	1001588	2734814	1480457	179820	760340	40671898	20456247	1312848	26955399	17866023	3247229	1744168	8851995	1163011	39054623	22086050
2021-06-14	61793258	652585	212199	440386	45250243	5092600	10082336	40634901	22526436	0.489	0.271	7644926	5826686	1124640	1761928	4910112	4346229	944820	1001588	2734814	1480457	179820	760340	41081972	20696780	1368079	27126448	18123795	3270836	1821764	8869538	1212798	39266822	22526436
2021-06-15	62836402	1043144	343972	699172	46045317	5197119	10166804	41037956	23225608	0.493	0.279	7644926	5826686	1124640	1761928	4910112	4346229	944820	1001588	2734814	1480457	179820	760340	41534937	21283470	1427162	27422283	18623034	3299357	1897762	8889154	1277650	39610794	23225608
2021-06-16	64213035	1376633	461553	915080	47143110	5303243	10263235	41575794	24140688	0.500	0.290	7644926	5826686	1124640	1761928	4910112	4346229	944820	1001588	2734814	1480457	179820	760340	42008997	22182018	1503447	27826166	19316944	3331507	1971736	8914674	1348561	40072347	24140688
2021-06-17	65355402	1142367	394832	747535	48022031	5406348	10355319	42038883	24888223	0.505	0.299	7644926	5826686	1124640	1761928	4910112	4346229	944820	1001588	2734814	1480457	179820	760340	42477794	22852215	1571704	28169363	19852668	3360867	2045481	8936949	1418370	40467179	24888223
2021-06-18	66343149	987747	341482	646265	48750754	5500398	10451465	42449193	25534488	0.510	0.307	7644926	5826686	1124640	1761928	4910112	4346229	944820	1001588	2734814	1480457	179820	760340	42932554	23382503	1640532	28457811	20292943	3391900	2108498	8958950	1492515	40808661	25534488
2021-06-19	66769833	426684	119350	307334	49023385	5582464	10502310	42589685	25841822	0.512	0.311	7644926	5826686	1124640	1761928	4910112	4346229	944820	1001588	2734814	1480457	179820	760340	43273497	23466988	1661674	28549674	20473711	3412857	2169607	8965480	1536830	40928011	25841822
2021-06-20	67064642	294809	67788	227021	49202065	5653964	10534128	42670284	26068843	0.513	0.313	7644926	5826686	1124640	1761928	4910112	4346229	944820	1001588	2734814	1480457	179820	760340	43538401	23496614	1674485	28598824	20603241	3428884	2225080	8968091	1566037	40995799	26068843
2021-06-21	67691919	627277	206590	420687	49610334	5751281	10619505	42913188	26489530	0.516	0.319	7644926	5826686	1124640	1761928	4910112	4346229	944820	1001588	2734814	1480457	179820	760340	43934128	23726147	1710799	28766720	20843614	3453613	2297668	8982056	1637449	41202389	26489530
2021-06-22	68762413	1070494	369982	700512	50448711	5846961	10721893	43317219	27190042	0.521	0.327	7644926	5826686	1124640	1761928	4910112	4346229	944820	1001588	2734814	1480457	179820	760340	44371918	24354112	1744848	29090176	21358535	3483947	2363014	8998248	1723645	41572371	27190042
2021-06-23	70090557	1328144	482573	845571	51531499	5942528	10837330	43834144	28035613	0.527	0.337	7644926	5826686	1124640	1761928	4910112	4346229	944820	1001588	2734814	1480457	179820	760340	44811125	25237778	1779200	29522525	22008974	3513560	2428968	9018859	1818471	42054944	28035613
2021-06-24	71119828	1029271	483751	545520	52323074	6029568	10947827	44358054	28581133	0.533	0.344	7644926	5826686	1124640	1761928	4910112	4346229	944820	1001588	2734814	1480457	179820	760340	45242947	25830883	1819359	29949982	22373092	3548637	2480931	9040076	1907751	42538695	28581133
2021-06-25	72034297	914469	374967	539502	53011453	6105865	11057665	44772976	29120635	0.538	0.350	7644926	5826686	1124640	1761928	4910112	4346229	944820	1001588	2734814	1480457	179820	760340	45670671	26314646	1859314	30278598	22732855	3575159	2530706	9059905	1997760	42913662	29120635
2021-06-26	72442712	408415	135361	273054	53265179	6174892	11130131	44921533	29393689	0.540	0.353	7644926	5826686	1124640	1761928	4910112	4346229	944820	1001588	2734814	1480457	179820	760340	46014735	26378225	1872510	30382188	22882991	3600704	2574188	9066131	2064000	43049023	29393689
2021-06-27	72734317	291605	89610	201995	53437833	6232962	11186892	45015263	29595684	0.541	0.356	7644926	5826686	1124640	1761928	4910112	4346229	944820	1001588	2734814	1480457	179820	760340	46280267	26403445	1876630	30449150	22988683	3619956	2613006	9069527	2117365	43138633	29595684
2021-06-28	73359853	625536	241111	384425	53835592	6322663	11300618	45280724	29980109	0.544	0.360	7644926	5826686	1124640	1761928	4910112	4346229	944820	1001588	2734814	1480457	179820	760340	46689309	26617843	1900980	30644300	23191292	3652187	2670476	9083257	2217361	43379744	29980109
2021-06-29	74287608	927755	385167	542588	54515791	6415209	11433264	45688255	30522697	0.549	0.367	7644926	5826686	1124640	1761928	4910112	4346229	944820	1001588	2734814	1480457	179820	760340	47116422	27113831	1923344	30984864	23530927	3685083	2730126	9094964	2338300	43764911	30522697
2021-06-30	75303571	1015963	446288	569675	55279039	6508917	11569665	46157149	31092372	0.555	0.374	7644926	5826686	1124640	1761928	4910112	4346229	944820	1001588	2734814	1480457	179820	760340	47543025	27697962	1945950	31381955	23897084	3719810	2789107	9109434	2460231	44211199	31092372
2021-07-01	76281061	977490	449362	528128	56018365	6591954	11702382	46628921	31620500	0.561	0.380	7644926	5826686	1124640	1761928	4910112	4346229	944820	1001588	2734814	1480457	179820	760340	47945946	28268207	1968360	31787324	24231041	3750287	2841667	9122950	2579432	44660561	31620500
2021-07-02	77122313	841252	376805	464447	56664796	6686306	11781421	47027156	32084947	0.565	0.386	7644926	5826686	1124640	1761928	4910112	4346229	944820	1001588	2734814	1480457	179820	760340	48342061	28709971	1989790	32123222	24541574	3781994	2904312	9132150	2649271	45037366	32084947
2021-07-03	77498554	376241	148233	228008	56919545	6765581	11808527	47190500	32312955	0.567	0.389	7644926	5826686	1124640	1761928	4910112	4346229	944820	1001588	2734814	1480457	179820	760340	48651305	28776252	2004901	32244079	24675466	3806579	2959002	9134941	2673586	45185599	32312955
2021-07-04	77771205	272651	92669	179982	57100875	6833721	11823046	47291831	32492937	0.569	0.391	7644926	5826686	1124640	1761928	4910112	4346229	944820	1001588	2734814	1480457	179820	760340	48896437	28803194	2013563	32316871	24784004	3825012	3008709	9136385	2686661	45278268	32492937
2021-07-05	78304898	533693	194820	338873	57485897	6928012	11862576	47501501	32831810	0.571	0.395	7644926	5826686	1124640	1761928	4910112	4346229	944820	1001588	2734814	1480457	179820	760340	49238075	28993153	2028413	32481370	25004527	3850984	3077028	9140734	2721842	45473088	32831810
2021-07-06	79078630	773732	268624	505108	58099969	7026830	11907786	47785757	33336918	0.575	0.401	7644926	5826686	1124640	1761928	4910112	4346229	944820	1001588	2734814	1480457	179820	760340	49578135	29423099	2044045	32720206	25379763	3876227	3150603	9145279	2762507	45741712	33336918
2021-07-07	80069181	990551	322198	668353	58925045	7122162	11959070	48126814	34005271	0.579	0.409	7644926	5826686	1124640	1761928	4910112	4346229	944820	1001588	2734814	1480457	179820	760340	49930457	30056482	2062904	33012433	25912612	3900800	3221362	9150677	2808393	46063910	34005271
2021-07-08	80910959	841778	261598	580180	59604370	7222868	12001627	48407602	34585451	0.582	0.416	7644926	5826686	1124640	1761928	4910112	4346229	944820	1001588	2734814	1480457	179820	760340	50273033	30551427	2082094	33247336	26357034	3923218	3299650	9154954	2846673	46325508	34585451
2021-07-09	81663727	752768	218343	534425	60195260	7321242	12044712	48646364	35119876	0.585	0.422	7644926	5826686	1124640	1761928	4910112	4346229	944820	1001588	2734814	1480457	179820	760340	50616761	30956968	2102513	33443394	26751866	3941065	3380177	9159392	2885320	46543851	35119876
2021-07-10	82006497	342770	95381	247389	60423047	7405404	12065788	48751490	35367265	0.586	0.425	7644926	5826686	1124640	1761928	4910112	4346229	944820	1001588	2734814	1480457	179820	760340	50890622	31025280	2112258	33519225	26903822	3959176	3446228	9160831	2904957	46639232	35367265
2021-07-11	82234224	227727	60933	166794	60568690	7468909	12076074	48820716	35534059	0.587	0.427	7644926	5826686	1124640	1761928	4910112	4346229	944820	1001588	2734814	1480457	179820	760340	51099055	31044204	2120551	33564918	27003772	3973949	3494960	9161298	2914776	46700165	35534059
2021-07-12	82698513	464289	150079	314210	60916042	7547759	12100085	48984871	35848269	0.589	0.431	7644926	5826686	1124640	1761928	4910112	4346229	944820	1001588	2734814	1480457	179820	760340	51364891	31240232	2134627	33684246	27231796	4002829	3544930	9163169	2936916	46850244	35848269
2021-07-13	83455105	756592	179098	577494	61540641	7625362	12134629	49183815	36425763	0.591	0.438	7644926	5826686	1124640	1761928	4910112	4346229	944820	1001588	2734814	1480457	179820	760340	51618224	31739362	2154473	33835117	27705524	4028795	3596567	9165430	2969199	47029342	36425763
2021-07-14	84424849	969744	202182	767562	62368862	7697116	12181718	49408677	37193325	0.594	0.447	7644926	5826686	1124640	1761928	4910112	4346229	944820	1001588	2734814	1480457	179820	760340	51893427	32429200	2177153	34012448	28356414	4049981	3647135	9169095	3012623	47231524	37193325
2021-07-15	85186815	761966	170152	591814	62999210	7767943	12220249	49601089	37785139	0.596	0.454	7644926	5826686	1124640	1761928	4910112	4346229	944820	1001588	2734814	1480457	179820	760340	52149282	32931568	2199413	34160550	28838660	4069158	3698785	9171968	3048281	47401676	37785139
2021-07-16	85840436	653621	150190	503431	63535012	7832089	12252180	49773021	38288570	0.598	0.460	7644926	5826686	1124640	1761928	4910112	4346229	944820	1001588	2734814	1480457	179820	760340	52402345	33328254	2221155	34291623	29243389	4086359	3745730	9173884	3078296	47551866	38288570
2021-07-17	86110146	269710	70499	199211	63708031	7895203	12267811	49861466	38487781	0.600	0.463	7644926	5826686	1124640	1761928	4910112	4346229	944820	1001588	2734814	1480457	179820	760340	52613678	33384580	2239101	34345589	29362442	4102011	3793192	9174765	3093046	47622365	38487781
2021-07-18	86309085	198939	59286	139653	63843019	7936728	12279243	49931746	38627434	0.600	0.464	7644926	5826686	1124640	1761928	4910112	4346229	944820	1001588	2734814	1480457	179820	760340	52783993	33412623	2250095	34395341	29447678	4111273	3825455	9175037	3104206	47681651	38627434
2021-07-19	86686470	377385	90920	286465	64136010	7987188	12299012	50036831	38913899	0.602	0.468	7644926	5826686	1124640	1761928	4910112	4346229	944820	1001588	2734814	1480457	179820	760340	52979337	33592649	2264260	34472000	29664010	4124204	3862984	9176367	3122645	47772571	38913899
2021-07-20	87285086	598616	125770	472846	64650353	8035402	12320872	50176800	39386745	0.603	0.474	7644926	5826686	1124640	1761928	4910112	4346229	944820	1001588	2734814	1480457	179820	760340	53195841	33970767	2278459	34579634	30070719	4139813	3895589	9178894	3141978	47898341	39386745
2021-07-21	88027939	742853	154258	588595	65310817	8081344	12343602	50344775	39975340	0.605	0.481	7644926	5826686	1124640	1761928	4910112	4346229	944820	1001588	2734814	1480457	179820	760340	53427300	34477235	2292176	34719340	30591477	4152770	3928574	9180489	3163113	48052599	39975340
2021-07-22	88635778	607839	120761	487078	65843261	8124655	12362430	50478792	40462418	0.607	0.487	7644926	5826686	1124640	1761928	4910112	4346229	944820	1001588	2734814	1480457	179820	760340	53650023	34857754	2305432	34828638	31014623	4162852	3961803	9181870	3180560	48173360	40462418
2021-07-23	89194329	558551	112755	445796	66323719	8166818	12380926	50608981	40908214	0.609	0.492	7644926	5826686	1124640	1761928	4910112	4346229	944820	1001588	2734814	1480457	179820	760340	53877722	35185498	2322866	34930182	31393537	4172727	3994091	9183206	3197720	48286115	40908214
2021-07-24	89402382	208053	52051	156002	66475269	8204246	12388668	50672365	41064216	0.609	0.494	7644926	5826686	1124640	1761928	4910112	4346229	944820	1001588	2734814	1480457	179820	760340	54029816	35239989	2334199	34974219	31501050	4179977	4024269	9183970	3204698	48338166	41064216
2021-07-25	89526185	123803	31916	91887	66558776	8235679	12391945	50709867	41156103	0.610	0.495	7644926	5826686	1124640	1761928	4910112	4346229	944820	1001588	2734814	1480457	179820	760340	54133775	35258381	2339785	34999762	31559014	4186233	4049446	9184087	3207858	48370082	41156103
2021-07-26	89855924	329739	70809	258930	66825940	8275315	12404208	50791352	41415033	0.611	0.498	7644926	5826686	1124640	1761928	4910112	4346229	944820	1001588	2734814	1480457	179820	760340	54313270	35406924	2350461	35059966	31765974	4195735	4079580	9185190	3219018	48440891	41415033
2021-07-27	90393741	537817	96996	440821	67289625	8317271	12423932	50900800	41855854	0.612	0.503	7644926	5826686	1124640	1761928	4910112	4346229	944820	1001588	2734814	1480457	179820	760340	54514444	35739285	2362913	35147049	32142576	4204360	4112911	9186478	3237454	48537887	41855854
2021-07-28	91064414	670673	120014	550659	67877782	8363666	12447208	51033659	42406513	0.614	0.510	7644926	5826686	1124640	1761928	4910112	4346229	944820	1001588	2734814	1480457	179820	760340	54734961	36185608	2375758	35256501	32621281	4213692	4149974	9187708	3259500	48657901	42406513
2021-07-29	91618138	553724	102870	450854	68356740	8405627	12466831	51149711	42857367	0.615	0.515	7644926	5826686	1124640	1761928	4910112	4346229	944820	1001588	2734814	1480457	179820	760340	54928754	36541536	2388940	35349358	33007382	4222496	4183131	9188917	3277914	48760771	42857367
2021-07-30	92089232	471094	91079	380015	68752657	8449547	12483857	51255021	43237382	0.616	0.520	7644926	5826686	1124640	1761928	4910112	4346229	944820	1001588	2734814	1480457	179820	760340	55120282	36818387	2403171	35430817	33321840	4231061	4218486	9189972	3293885	48851850	43237382
2021-07-31	92266361	177129	41986	135143	68882240	8482552	12489720	51305685	43372525	0.617	0.522	7644926	5826686	1124640	1761928	4910112	4346229	944820	1001588	2734814	1480457	179820	760340	55258917	36856357	2411849	35467382	33414858	4236339	4246213	9190115	3299605	48893836	43372525
2021-08-01	92376787	110426	28266	82160	68962481	8506260	12491937	51338211	43454685	0.617	0.523	7644926	5826686	1124640	1761928	4910112	4346229	944820	1001588	2734814	1480457	179820	760340	55352601	36872662	2416109	35492080	33470401	4239829	4266431	9190193	3301744	48922102	43454685
