date	dosen_kumulativ	dosen_differenz_zum_vortag	dosen_erst_differenz_zum_vortag	dosen_zweit_differenz_zum_vortag	dosen_biontech_kumulativ	dosen_moderna_kumulativ	dosen_astrazeneca_kumulativ	personen_erst_kumulativ	personen_voll_kumulativ	impf_quote_erst	impf_quote_voll	indikation_alter_dosen	indikation_beruf_dosen	indikation_medizinisch_dosen	indikation_pflegeheim_dosen	indikation_alter_erst	indikation_beruf_erst	indikation_medizinisch_erst	indikation_pflegeheim_erst	indikation_alter_voll	indikation_beruf_voll	indikation_medizinisch_voll	indikation_pflegeheim_voll	dosen_dim_kumulativ	dosen_kbv_kumulativ	dosen_johnson_kumulativ	dosen_biontech_erst_kumulativ	dosen_biontech_zweit_kumulativ	dosen_moderna_erst_kumulativ	dosen_moderna_zweit_kumulativ	dosen_astrazeneca_erst_kumulativ	dosen_astrazeneca_zweit_kumulativ
2020-12-27	23999	23999	23986	13	23998	1	0	23986	13	0.000	0.000	10705	8657	1305	12604	10664	8590	1305	12536	41	67	0	68	23999	0	0	23985	13	1	0	0	0
2020-12-28	42485	18486	18449	37	42484	1	0	42435	50	0.001	0.000	18621	15788	1991	21344	18580	15721	1991	21276	41	67	0	68	42485	0	0	42434	50	1	0	0	0
2020-12-29	93221	50736	50011	725	93220	1	0	92446	775	0.001	0.000	34989	40734	3107	40508	34724	40420	3107	40099	265	314	0	409	93221	0	0	92445	775	1	0	0	0
2020-12-30	155893	62672	62552	120	155892	1	0	154998	895	0.002	0.000	55510	73365	4901	63206	55243	73050	4901	62794	267	315	0	412	155893	0	0	154997	895	1	0	0	0
2020-12-31	205912	50019	49870	149	205911	1	0	204868	1044	0.002	0.000	72831	96719	6752	83965	72517	96367	6752	83476	314	352	0	489	205912	0	0	204867	1044	1	0	0	0
2021-01-01	224691	18779	18772	7	224689	1	1	223640	1051	0.003	0.000	81208	105449	7830	92301	80894	105097	7830	91812	314	352	0	489	224691	0	0	223638	1051	1	0	1	0
2021-01-02	277113	52422	52139	283	277111	1	1	275779	1334	0.003	0.000	102774	129731	10350	113258	102365	129304	10350	112629	409	427	0	629	277113	0	0	275777	1334	1	0	1	0
2021-01-03	300890	23777	23772	5	300888	1	1	299551	1339	0.004	0.000	113044	140227	11284	123279	112635	139800	11284	122650	409	427	0	629	300890	0	0	299549	1339	1	0	1	0
2021-01-04	348968	48078	48027	51	348966	1	1	347578	1390	0.004	0.000	129646	164913	13951	139091	129237	164486	13951	138462	409	427	0	629	348968	0	0	347576	1390	1	0	1	0
2021-01-05	402682	53714	53685	29	402679	2	1	401263	1419	0.005	0.000	147987	192565	16489	157656	147576	192117	16489	157025	411	448	0	631	402682	0	0	401260	1419	2	0	1	0
2021-01-06	465356	62674	62669	5	465345	8	3	463932	1424	0.006	0.000	169498	225530	19910	180812	169086	225082	19910	180181	412	448	0	631	465356	0	0	463921	1424	8	0	3	0
2021-01-07	521307	55951	55942	9	521292	12	3	519874	1433	0.006	0.000	189172	254868	22957	197233	188758	254418	22957	196600	414	450	0	633	521307	0	0	519859	1433	12	0	3	0
2021-01-08	584368	63061	62738	323	584305	60	3	582612	1756	0.007	0.000	211521	287315	26324	218219	211009	286711	26320	217449	512	604	4	770	584368	0	0	582549	1756	60	0	3	0
2021-01-09	645454	61086	61039	47	645391	60	3	643651	1803	0.008	0.000	237322	313238	29007	243325	236798	312599	29003	242545	524	639	4	780	645454	0	0	643588	1803	60	0	3	0
2021-01-10	680969	35515	35506	9	680906	60	3	679157	1812	0.008	0.000	252455	327794	30379	256315	251929	327151	30375	255535	526	643	4	780	680969	0	0	679094	1812	60	0	3	0
2021-01-11	748552	67583	67531	52	748488	61	3	746688	1864	0.009	0.000	277513	359176	33587	276774	276967	358513	33583	275968	546	663	4	806	748552	0	0	746624	1864	61	0	3	0
2021-01-12	831201	82649	82590	59	831131	66	4	829278	1923	0.010	0.000	305695	401338	36582	301731	305147	400670	36578	300888	548	668	4	843	831201	0	0	829208	1923	66	0	4	0
2021-01-13	942910	111709	111511	198	942043	863	4	940789	2121	0.011	0.000	345167	458844	40485	337339	344574	458093	40466	336399	593	751	19	940	942910	0	0	939922	2121	863	0	4	0
2021-01-14	1025977	83067	82881	186	1020483	5490	4	1023670	2307	0.012	0.000	374803	501101	42769	361463	374094	500254	42750	360452	709	847	19	1011	1025977	0	0	1018220	2263	5446	44	4	0
2021-01-15	1117514	91537	90927	610	1106564	10927	23	1114597	2917	0.013	0.000	408725	545673	46728	389202	407810	544625	46700	387982	915	1048	28	1220	1117514	0	0	1103691	2873	10883	44	23	0
2021-01-16	1175085	57571	56665	906	1162363	12699	23	1171262	3823	0.014	0.000	432983	570627	48859	408798	431664	569232	48767	407047	1319	1395	92	1751	1175085	0	0	1158584	3779	12655	44	23	0
2021-01-17	1224086	49001	31657	17344	1210058	14004	24	1202919	21167	0.014	0.000	453449	591002	50884	428544	444215	583354	50014	417145	9234	7648	870	11399	1224086	0	0	1188935	21123	13960	44	24	0
2021-01-18	1306703	82617	66845	15772	1288639	18039	25	1269764	36939	0.015	0.000	482728	633883	53106	448900	467235	619730	51700	430238	15493	14153	1406	18662	1306703	0	0	1251745	36894	17994	45	25	0
2021-01-19	1424390	117687	82822	34865	1402810	21506	74	1352586	71804	0.016	0.001	519765	695968	56714	479843	492669	666683	54375	447938	27096	29285	2339	31905	1424390	0	0	1331051	71759	21461	45	74	0
2021-01-20	1556405	132015	80501	51514	1532070	24257	78	1433087	123318	0.017	0.001	568076	760039	60957	522078	522876	706310	57505	469463	45200	53729	3452	52615	1556405	0	0	1408797	123273	24212	45	78	0
2021-01-21	1664024	107619	65764	41855	1636977	26969	78	1498851	165173	0.018	0.002	610150	808503	65406	556195	549621	735602	60889	487988	60529	72901	4517	68207	1664024	0	0	1471849	165128	26924	45	78	0
2021-01-22	1767917	103893	68330	35563	1738816	29011	90	1567181	200736	0.019	0.002	654049	853889	69013	590642	579902	764987	63599	506975	74147	88902	5414	83667	1767917	0	0	1538127	200689	28964	47	90	0
2021-01-23	1852932	85015	40054	44961	1823447	29394	91	1607235	245697	0.019	0.003	691767	890989	72414	617916	599855	780966	64783	516268	91912	110023	7631	101648	1852932	0	0	1577797	245650	29347	47	91	0
2021-01-24	1902156	49224	26077	23147	1872423	29638	95	1633312	268844	0.020	0.003	715655	910067	73331	632982	614016	789814	65130	521524	101639	120253	8201	111458	1902156	0	0	1603626	268797	29591	47	95	0
2021-01-25	1993859	91703	53104	38599	1962401	31361	97	1686416	307443	0.020	0.004	756375	951632	76827	658117	642321	811974	66847	534304	114054	139658	9980	123813	1993859	0	0	1655005	307396	31314	47	97	0
2021-01-26	2092532	98673	50244	48429	2059416	33013	103	1736660	355872	0.021	0.004	796572	997196	80614	684405	667753	831436	68195	545278	128819	165760	12419	139127	2092532	0	0	1703595	355821	32962	51	103	0
2021-01-27	2203689	111157	51519	59638	2168608	34970	111	1788179	415510	0.022	0.005	839834	1049509	85786	715259	691463	852265	70042	556304	148371	197244	15744	158955	2203689	0	0	1753159	415449	34909	61	111	0
2021-01-28	2294857	91168	45127	46041	2258137	36606	114	1833306	461551	0.022	0.006	877990	1090332	89974	739697	713483	869115	71590	567469	164507	221217	18384	172228	2294857	0	0	1796665	461472	36527	79	114	0
2021-01-29	2403974	109117	51469	57648	2365830	38011	133	1884775	519199	0.023	0.006	920894	1138243	95507	769100	735839	888487	73819	578309	185055	249756	21688	190791	2403974	0	0	1846710	519120	37932	79	133	0
2021-01-30	2492446	88472	36310	52162	2453427	38885	134	1921085	571361	0.023	0.007	957412	1174692	99468	796433	752473	901967	75224	586328	204939	272725	24244	210105	2492446	0	0	1882146	571281	38805	80	134	0
2021-01-31	2548964	56518	25986	30532	2509567	39262	135	1947071	601893	0.023	0.007	982865	1196922	101575	812430	766590	910861	76411	592657	216275	286061	25164	219773	2548964	0	0	1907763	601804	39174	88	134	1
2021-02-01	2669617	120653	59163	61490	2627953	41472	192	2006234	663383	0.024	0.008	1026174	1260299	105285	839830	787193	944041	78273	602425	238981	316258	27012	237405	2669617	0	0	1964659	663294	41384	88	191	1
2021-02-02	2801268	131651	64222	67429	2756722	44340	206	2070456	730812	0.025	0.009	1069633	1330364	110479	870030	806216	982089	80866	611659	263417	348275	29613	258371	2801268	0	0	2026000	730722	44251	89	205	1
2021-02-03	2960723	159455	64164	95291	2909771	50725	227	2134620	826103	0.026	0.010	1128983	1407775	116405	912544	829819	1014401	83062	623312	299164	393374	33343	289232	2960723	0	0	2083760	826011	50634	91	226	1
2021-02-04	3092488	131765	61086	70679	3035656	56598	234	2195706	896782	0.026	0.011	1177986	1472437	120972	943857	851937	1046473	85311	632945	326049	425964	35661	310912	3092488	0	0	2138968	896688	56505	93	233	1
2021-02-05	3237203	144715	67666	77049	3173966	62995	242	2263372	973831	0.027	0.012	1232524	1542580	126293	977786	877231	1080338	86905	644262	355293	462242	39388	333524	3237203	0	0	2200230	973736	62902	93	240	2
2021-02-06	3337342	100139	47175	52964	3271577	65522	243	2310547	1026795	0.028	0.012	1272514	1588658	130853	1003590	896490	1101898	88782	653957	376024	486760	42071	349633	3337342	0	0	2244877	1026700	65429	93	241	2
2021-02-07	3391602	54260	28178	26082	3323438	67919	245	2338725	1052877	0.028	0.013	1298155	1609930	133571	1016823	910800	1112720	90015	659435	387355	497210	43556	357388	3391602	0	0	2270657	1052781	67825	94	243	2
2021-02-08	3501531	109929	53181	56748	3429372	71890	269	2391906	1109625	0.029	0.013	1350672	1655734	137545	1035599	942269	1129343	91902	666781	408403	526391	45643	368818	3501531	0	0	2319844	1109528	71795	95	267	2
2021-02-09	3635418	133887	59669	74218	3559215	75824	379	2451575	1183843	0.029	0.014	1411842	1714380	141993	1058512	978151	1147503	94639	674792	433691	566877	47354	383720	3635418	0	0	2375960	1183255	75238	586	377	2
2021-02-10	3787184	151766	75163	76603	3699932	79837	7415	2526738	1260446	0.030	0.015	1478760	1781046	146001	1087933	1017461	1175177	96286	685176	461299	605869	49715	402757	3787184	0	0	2441023	1258909	78302	1535	7413	2
2021-02-11	3928354	141170	73845	67325	3818501	86983	22870	2600583	1327771	0.031	0.016	1539776	1848576	151475	1113070	1052428	1208053	98713	694775	487348	640523	52762	418295	3928354	0	0	2495128	1323373	82594	4389	22861	9
2021-02-12	4085704	157350	81423	75927	3951642	96771	37291	2682006	1403698	0.032	0.017	1611268	1919253	157751	1138545	1094198	1240389	101429	704318	517070	678864	56322	434227	4085704	0	0	2557323	1394319	87403	9368	37280	11
2021-02-13	4193476	107772	62181	45591	4043346	99957	50173	2744187	1449289	0.033	0.017	1667599	1960972	162355	1156080	1129093	1262877	103231	711418	538506	698095	59124	444662	4193476	0	0	2604996	1438350	89050	10907	50141	32
2021-02-14	4258786	65310	40048	25262	4098932	102402	57452	2784235	1474551	0.033	0.018	1706122	1983696	163973	1164146	1153761	1276081	104081	714928	552361	707615	59892	449218	4258786	0	0	2636543	1462389	90293	12109	57399	53
2021-02-15	4385557	126771	71144	55627	4206023	107358	72176	2855379	1530178	0.034	0.018	1773591	2031897	168008	1183418	1194859	1300739	106358	721524	578732	731158	61650	461894	4385557	0	0	2690797	1515226	92485	14873	72097	79
2021-02-16	4522001	136444	81988	54456	4313109	113100	95792	2937367	1584634	0.035	0.019	1839625	2089928	170683	1200400	1236633	1336138	107879	728440	602992	753790	62804	471960	4522001	0	0	2746541	1566568	95122	17978	95704	88
2021-02-17	4671040	149039	93380	55659	4434901	120809	115330	3030747	1640293	0.036	0.020	1920033	2147919	175770	1221928	1292995	1368705	110873	736858	627038	779214	64897	485070	4671040	0	0	2815712	1619189	99798	21011	115237	93
2021-02-18	4813715	142675	91431	51244	4545972	128755	138988	3122178	1691537	0.038	0.020	1995907	2206102	179208	1240945	1345328	1403985	112659	744258	650579	802117	66549	496687	4813715	0	0	2879006	1666966	104283	24472	138889	99
2021-02-19	4968232	154517	99745	54772	4665201	138664	164367	3221923	1746309	0.039	0.021	2076668	2266444	184080	1258305	1402958	1440066	115287	750941	673710	826378	68793	507364	4968232	0	0	2946510	1718691	111188	27476	164225	142
2021-02-20	5081654	113422	76311	37111	4752445	143190	186019	3298234	1783420	0.040	0.021	2138268	2310157	187738	1272296	1445964	1469322	117533	755178	692304	840835	70205	517118	5081654	0	0	2997189	1755256	115186	28004	185859	160
2021-02-21	5167817	86163	57053	29110	4820079	146418	201320	3355287	1812530	0.040	0.022	2187054	2340674	190304	1282667	1479917	1489494	118664	757407	707137	851180	71640	525260	5167817	0	0	3035876	1784203	118255	28163	201156	164
2021-02-22	5328110	160293	100176	60117	4946214	155515	226381	3455463	1872647	0.042	0.023	2266701	2410287	195201	1300517	1538362	1525084	121627	763642	728339	885203	73574	536875	5328110	0	0	3103720	1842494	125542	29973	226201	180
2021-02-23	5495178	167068	107365	59703	5078681	162675	253822	3562828	1932350	0.043	0.023	2346910	2483166	200501	1318387	1598211	1563793	124757	771284	748699	919373	75744	547103	5495178	0	0	3178156	1900525	131041	31634	253631	191
2021-02-24	5671185	176007	116404	59603	5211533	170455	289197	3679232	1991953	0.044	0.024	2431789	2557990	207079	1337422	1660503	1608669	128907	778912	771286	949321	78172	558510	5671185	0	0	3253115	1958418	137133	33322	288984	213
2021-02-25	5860494	189309	130633	58676	5342766	177159	340569	3809865	2050629	0.046	0.025	2514175	2648479	213515	1355541	1722988	1667176	133470	787131	791187	981303	80045	568410	5860494	0	0	3327274	2015492	142385	34774	340206	363
2021-02-26	6070255	209761	144334	65427	5483049	186000	401206	3954199	2116056	0.048	0.025	2602819	2749814	220591	1375230	1787946	1735795	138593	794627	814873	1014019	81998	580603	6070255	0	0	3403815	2079234	149587	36413	400797	409
2021-02-27	6218815	148560	108540	40020	5575889	190202	452724	4062739	2156076	0.049	0.026	2666475	2822116	227301	1388101	1833818	1790224	143432	799030	832657	1031892	83869	589071	6218815	0	0	3457411	2118478	153025	37177	452303	421
2021-02-28	6326931	108116	83824	24292	5638298	194153	494480	4146563	2180368	0.050	0.026	2714700	2875405	231582	1394762	1868893	1834535	146785	801170	845807	1040870	84797	593592	6326931	0	0	3495890	2142408	156624	37529	494049	431
2021-03-01	6522742	195811	146444	49367	5766949	203563	552230	4293007	2229735	0.052	0.027	2817221	2953369	239381	1408021	1943445	1896228	153263	806209	873776	1057141	86118	601812	6522742	0	0	3577212	2189737	164011	39552	551784	446
2021-03-02	6742575	219833	166185	53648	5907521	213701	621353	4459192	2283383	0.054	0.027	2927307	3047588	248982	1422628	2022735	1971725	160632	812692	904572	1075863	88350	609936	6742575	0	0	3666965	2240556	171335	42366	620892	461
2021-03-03	6986345	243770	174779	68991	6064439	227544	694362	4633971	2352374	0.056	0.028	3047976	3148969	260606	1439862	2105531	2048823	170041	819606	942445	1100146	90565	620256	6986345	0	0	3760393	2304046	179751	47793	693827	535
2021-03-04	7229448	243103	180445	62658	6206821	241583	781044	4814416	2415032	0.058	0.029	3159240	3258741	272992	1455625	2181653	2136963	180034	825002	977587	1121778	92958	630623	7229448	0	0	3845377	2361444	188588	52995	780451	593
2021-03-05	7498560	269112	201684	67428	6354055	254914	889591	5016100	2482460	0.060	0.030	3277185	3383782	287941	1471072	2258903	2242620	191990	830697	1018282	1141162	95951	640375	7498560	0	0	3931065	2422990	196081	58833	888954	637
2021-03-06	7701022	202462	153161	49301	6464817	263505	972700	5169261	2531761	0.062	0.030	3366696	3478463	298371	1480590	2314602	2325555	200824	833966	1052094	1152908	97547	646624	7701022	0	0	3994745	2470072	202477	61028	972039	661
2021-03-07	7851411	150389	115921	34468	6547299	270236	1033876	5285182	2566229	0.064	0.031	3437978	3544531	306478	1486155	2360956	2383880	208082	835928	1077022	1160651	98396	650227	7851411	0	0	4045121	2502178	206866	63370	1033195	681
2021-03-08	8090570	239159	186654	52505	6683014	281245	1126311	5471836	2618734	0.066	0.031	3556806	3640371	322827	1498475	2442587	2468035	222757	841890	1114219	1172336	100070	656585	8090570	0	0	4131707	2551307	214530	66715	1125599	712
2021-03-09	8340819	250249	195473	54776	6823154	294107	1223558	5667309	2673510	0.068	0.032	3677710	3742787	340236	1512022	2524321	2558568	238262	848791	1153389	1184219	101974	663231	8340819	0	0	4220506	2602648	224030	70077	1222773	785
2021-03-10	8624013	283194	217499	65695	6980807	305561	1337645	5884808	2739205	0.071	0.033	3808598	3856306	360962	1530389	2606688	2661880	256906	860000	1201910	1194426	104056	670389	8623042	971	0	4315621	2665186	232383	73178	1336804	841
2021-03-11	8905508	281495	220584	60911	7129905	318787	1456816	6105392	2800116	0.073	0.034	3937470	3976178	382106	1544008	2689957	2769533	276555	867677	1247513	1206645	105551	676331	8903882	1626	0	4408111	2721794	241366	77421	1455915	901
2021-03-12	9229394	323886	252230	71656	7282786	336361	1610247	6357622	2871772	0.076	0.035	4071484	4127850	404783	1559463	2770420	2906954	297406	877132	1301064	1220896	107377	682331	9227558	1836	0	4494356	2788430	254209	82152	1609057	1190
2021-03-13	9475924	246530	197077	49453	7397490	346111	1732323	6554699	2921225	0.079	0.035	4181046	4240796	425293	1567511	2840453	3011727	316755	881879	1340593	1229069	108538	685632	9473932	1992	0	4561035	2836455	262580	83531	1731084	1239
2021-03-14	9647105	171181	135185	35996	7486994	351257	1808854	6689884	2957221	0.080	0.036	4266043	4307307	441408	1570975	2896461	3072888	331859	883676	1369582	1234419	109549	687299	9645103	2002	0	4615531	2871463	266756	84501	1807597	1257
2021-03-15	9895372	248267	189401	58866	7639380	363672	1892320	6879285	3016087	0.083	0.036	4400463	4391447	461474	1582289	2984151	3147219	350790	890548	1416312	1244228	110684	691741	9893087	2285	0	4710759	2928621	277544	86128	1890982	1338
2021-03-16	10074529	179157	112136	67021	7805505	374781	1894243	6991421	3083108	0.084	0.037	4527474	4426082	473886	1593025	3059300	3169255	361553	895647	1468174	1256827	112333	697378	10071697	2832	0	4812202	2993303	286317	88464	1892902	1341
2021-03-17	10279740	205211	125748	79463	7991270	392810	1895660	7117169	3162571	0.086	0.038	4672447	4463838	487350	1605072	3141952	3193652	373040	902175	1530495	1270186	114310	702897	10276291	3449	0	4923266	3068004	299588	93222	1894315	1345
2021-03-18	10474439	194699	119353	75346	8166164	411039	1897236	7236522	3237917	0.087	0.039	4812398	4498757	499905	1615322	3222615	3215628	383588	907340	1589783	1283129	116317	707982	10470567	3872	0	5027886	3138278	312747	98292	1895889	1347
2021-03-19	10718341	243902	161059	82843	8350738	431632	1935971	7397581	3320760	0.089	0.040	4961948	4563922	518114	1627194	3306761	3267408	399605	914537	1655187	1296514	118509	712657	10713938	4403	0	5136356	3214382	326680	104952	1934545	1426
2021-03-20	10938565	220224	166332	53892	8487214	446947	2004404	7563913	3374652	0.091	0.041	5078536	4641917	537715	1633319	3379545	3337212	417708	917920	1698991	1304705	120007	715399	10933838	4727	0	5222685	3264529	338298	108649	2002930	1474
2021-03-21	11104668	166103	127330	38773	8591860	456164	2056644	7691243	3413425	0.092	0.041	5171749	4694283	554274	1635819	3440184	3384099	433219	919244	1731565	1310184	121055	716575	11099941	4727	0	5291580	3300280	344518	111646	2055145	1499
2021-03-22	11370824	266156	189990	76166	8757488	479834	2133502	7881233	3489591	0.095	0.042	5329624	4766248	576579	1645397	3534739	3445389	453483	925279	1794885	1320859	123096	720118	11364569	6255	0	5388656	3368832	360644	119190	2131933	1569
2021-03-23	11668680	297856	214088	83768	8937724	500094	2230862	8095321	3573359	0.097	0.043	5490190	4854892	604288	1656865	3629814	3521119	478432	932910	1860376	1333773	125856	723955	11657437	11243	0	5490516	3447208	375600	124494	2229205	1657
2021-03-24	12002696	334016	245702	88314	9134922	533217	2334557	8341023	3661673	0.100	0.044	5664852	4952071	635971	1672375	3732242	3605792	507202	944863	1932610	1346279	128769	727512	11985661	17035	0	5604996	3529926	403204	130013	2332823	1734
2021-03-25	12340036	337340	257180	80160	9323375	560551	2456110	8598203	3741833	0.103	0.045	5830941	5060081	670798	1683452	3832663	3703768	539527	951994	1998278	1356313	131271	731458	12317056	22980	0	5719164	3604211	424756	135795	2454283	1827
2021-03-26	12714730	374694	285938	88756	9525200	596951	2592579	8884141	3830589	0.107	0.046	6003833	5184282	710463	1698535	3933360	3816071	576057	962322	2070473	1368211	134406	736213	12685436	29294	0	5838955	3686245	454534	142417	2590652	1927
2021-03-27	13001492	286762	223584	63178	9677155	624318	2700019	9107725	3893767	0.110	0.047	6147056	5279869	744190	1703356	4023632	3903670	607441	965464	2123424	1376199	136749	737892	12969848	31644	0	5931145	3746010	478559	145759	2698021	1998
2021-03-28	13198409	196917	144168	52749	9794884	642844	2760681	9251893	3946516	0.111	0.047	6253046	5333384	768116	1706823	4085867	3950861	629648	967502	2167179	1382523	138468	739321	13166574	31835	0	5999453	3795431	493809	149035	2758631	2050
2021-03-29	13506923	308514	219480	89034	9982590	668747	2855586	9471373	4035550	0.114	0.049	6418833	5404751	806706	1716518	4180272	4010842	665103	973637	2238561	1393909	141603	742881	13469140	37783	0	6105486	3877104	512405	156342	2853482	2104
2021-03-30	13834969	328046	234668	93378	10198331	694855	2941783	9706041	4128928	0.117	0.050	6591913	5474211	853024	1727240	4280843	4069380	706095	981320	2311070	1404831	146929	745920	13785050	49919	0	6235441	3962890	530992	163863	2939608	2175
2021-03-31	14176258	341289	238176	103113	10447689	733102	2995467	9944217	4232041	0.120	0.051	6774517	5538855	899988	1738789	4384637	4121392	747318	988525	2389880	1417463	152670	750264	14110024	66234	0	6390566	4057123	560394	172708	2993257	2210
2021-04-01	14499750	323492	231047	92445	10683621	765364	3050765	10175264	4324486	0.122	0.052	6936269	5606629	944397	1747554	4476928	4175958	787230	994147	2459341	1430671	157167	753407	14413437	86313	0	6542688	4140933	584062	181302	3048514	2251
2021-04-02	14729593	229843	158230	71613	10864954	782004	3082635	10333494	4396099	0.124	0.053	7067172	5654574	981393	1749910	4552089	4213818	820223	995356	2515083	1440756	161170	754554	14641756	87837	0	6657893	4207061	595238	186766	3080363	2272
2021-04-03	14961522	231929	165891	66038	11038478	799189	3123855	10499385	4462137	0.126	0.054	7198861	5698683	1018737	1753036	4633025	4248782	853330	997097	2565836	1449901	165407	755939	14872286	89236	0	6770764	4267714	607072	192117	3121549	2306
2021-04-04	15157566	196044	142475	53569	11173771	810304	3173491	10641860	4515706	0.128	0.054	7309766	5731715	1048001	1754173	4704262	4274251	879171	997551	2605504	1457464	168830	756622	15068194	89372	0	6856729	4317042	613988	196316	3171143	2348
2021-04-05	15407169	249603	176190	73413	11342048	828223	3236898	10818050	4589119	0.130	0.055	7456036	5770066	1081529	1756372	4794323	4302940	907924	998846	2661713	1467126	173605	757526	15316487	90682	0	6956908	4385140	626630	201593	3234512	2386
2021-04-06	15785322	378153	279003	99150	11599860	861412	3324050	11097053	4688269	0.133	0.056	7644926	5826686	1124640	1761928	4910112	4346229	944820	1001588	2734814	1480457	179820	760340	15658013	127309	0	7124392	4475468	651080	210332	3321581	2469
2021-04-07	16462683	677361	580245	97116	12141748	897211	3423724	11677298	4785385	0.140	0.058	7644926	5826686	1124640	1761928	4910112	4346229	944820	1001588	2734814	1480457	179820	760340	16029710	432973	0	7577468	4564280	678668	218543	3421162	2562
2021-04-08	17195337	732654	642886	89768	12715013	932473	3547851	12320184	4875153	0.148	0.059	7644926	5826686	1124640	1761928	4910112	4346229	944820	1001588	2734814	1480457	179820	760340	16437486	757851	0	8070098	4644915	704868	227605	3545218	2633
2021-04-09	17818294	622957	534601	88356	13201694	968428	3648172	12854785	4963509	0.155	0.060	7644926	5826686	1124640	1761928	4910112	4346229	944820	1001588	2734814	1480457	179820	760340	16820940	997354	0	8479605	4722089	729739	238689	3645441	2731
2021-04-10	18186700	368406	302926	65480	13447395	991625	3747680	13157711	5028989	0.158	0.060	7644926	5826686	1124640	1761928	4910112	4346229	944820	1001588	2734814	1480457	179820	760340	17156300	1030400	0	8667428	4779967	745408	246217	3744875	2805
2021-04-11	18447279	260579	210480	50099	13615216	1009658	3822405	13368191	5079088	0.161	0.061	7644926	5826686	1124640	1761928	4910112	4346229	944820	1001588	2734814	1480457	179820	760340	17411800	1035479	0	8788919	4826297	759721	249937	3819551	2854
2021-04-12	18862681	415402	338566	76836	13893810	1038301	3930570	13706757	5155924	0.165	0.062	7644926	5826686	1124640	1761928	4910112	4346229	944820	1001588	2734814	1480457	179820	760340	17778695	1083986	0	8999339	4894471	779774	258527	3927644	2926
2021-04-13	19433683	571002	497596	73406	14322640	1064958	4046085	14204353	5229330	0.171	0.063	7644926	5826686	1124640	1761928	4910112	4346229	944820	1001588	2734814	1480457	179820	760340	18153567	1280116	0	9360312	4962328	801074	263884	4042967	3118
2021-04-14	20207392	773709	690330	83379	14939508	1098454	4169430	14894683	5312709	0.179	0.064	7644926	5826686	1124640	1761928	4910112	4346229	944820	1001588	2734814	1480457	179820	760340	18553479	1653913	0	9902904	5036604	826034	272420	4165745	3685
2021-04-15	20886628	679236	608448	70788	15471926	1134799	4279903	15503131	5383497	0.186	0.065	7644926	5826686	1124640	1761928	4910112	4346229	944820	1001588	2734814	1480457	179820	760340	18937086	1949542	0	10374237	5097689	853628	281171	4275266	4637
2021-04-16	21479795	593167	517790	75377	15908751	1166093	4404951	16020921	5458874	0.193	0.066	7644926	5826686	1124640	1761928	4910112	4346229	944820	1001588	2734814	1480457	179820	760340	19335414	2144381	0	10745403	5163348	876047	290046	4399471	5480
2021-04-17	21841887	362092	305728	56364	16132220	1188115	4521552	16326649	5515238	0.196	0.066	7644926	5826686	1124640	1761928	4910112	4346229	944820	1001588	2734814	1480457	179820	760340	19675702	2166185	0	10920962	5211258	891092	297023	4514595	6957
2021-04-18	22108061	266174	226949	39225	16303594	1202529	4601938	16553598	5554463	0.199	0.067	7644926	5826686	1124640	1761928	4910112	4346229	944820	1001588	2734814	1480457	179820	760340	19937265	2170796	0	11058071	5245523	901645	300884	4593882	8056
2021-04-19	22506975	398914	338161	60753	16593085	1234353	4679537	16891759	5615216	0.203	0.068	7644926	5826686	1124640	1761928	4910112	4346229	944820	1001588	2734814	1480457	179820	760340	20291848	2215127	0	11295901	5297184	925644	308709	4670214	9323
2021-04-20	23061674	554699	493384	61315	16970770	1272211	4818693	17385143	5676531	0.209	0.068	7644926	5826686	1124640	1761928	4910112	4346229	944820	1001588	2734814	1480457	179820	760340	20652096	2409578	0	11620500	5350270	957240	314971	4807403	11290
2021-04-21	23774500	712826	641348	71478	17419933	1311420	5043147	18026491	5748009	0.217	0.069	7644926	5826686	1124640	1761928	4910112	4346229	944820	1001588	2734814	1480457	179820	760340	21025774	2748726	0	12008185	5411748	988890	322530	5029416	13731
2021-04-22	24407769	633269	567617	65652	17799547	1352921	5255301	18594108	5813661	0.224	0.070	7644926	5826686	1124640	1761928	4910112	4346229	944820	1001588	2734814	1480457	179820	760340	21391784	3015985	0	12332863	5466684	1023092	329829	5238153	17148
2021-04-23	24958228	550459	483270	67189	18149369	1395568	5413291	19077378	5880850	0.229	0.071	7644926	5826686	1124640	1761928	4910112	4346229	944820	1001588	2734814	1480457	179820	760340	21774048	3184180	0	12628909	5520460	1055829	339739	5392640	20651
2021-04-24	25326977	368749	309226	59523	18387826	1445152	5493999	19386604	5940373	0.233	0.071	7644926	5826686	1124640	1761928	4910112	4346229	944820	1001588	2734814	1480457	179820	760340	22125886	3201091	0	12825660	5562166	1089992	355160	5470952	23047
2021-04-25	25609983	283006	235428	47578	18575264	1479053	5555666	19622032	5987951	0.236	0.072	7644926	5826686	1124640	1761928	4910112	4346229	944820	1001588	2734814	1480457	179820	760340	22403078	3206905	0	12977117	5598147	1114141	364912	5530774	24892
2021-04-26	26037439	427456	354343	73113	18890411	1520015	5626951	19976437	6061064	0.240	0.073	7644926	5826686	1124640	1761928	4910112	4346229	944820	1001588	2734814	1480457	179820	760340	22743942	3293497	62	13231611	5658800	1146568	373447	5598196	28755
2021-04-27	26820800	783361	693306	90055	19565822	1571306	5683156	20670197	6151119	0.249	0.074	7644926	5826686	1124640	1761928	4910112	4346229	944820	1001588	2734814	1480457	179820	760340	23112423	3708377	516	13831020	5734802	1188738	382568	5649923	33233
2021-04-28	27940404	1119604	993112	126492	20572870	1629901	5736404	21664022	6277611	0.260	0.075	7644926	5826686	1124640	1761928	4910112	4346229	944820	1001588	2734814	1480457	179820	760340	23502944	4437460	1229	14729435	5843435	1235288	394613	5698070	38334
2021-04-29	28879490	939086	807811	131275	21393079	1691708	5792597	22472710	6408886	0.270	0.077	7644926	5826686	1124640	1761928	4910112	4346229	944820	1001588	2734814	1480457	179820	760340	23883962	4995528	2106	15438811	5954268	1285128	406580	5746665	45932
2021-04-30	29676714	797224	660705	136519	22067434	1747790	5858566	23134233	6545405	0.278	0.079	7644926	5826686	1124640	1761928	4910112	4346229	944820	1001588	2734814	1480457	179820	760340	24281340	5395374	2924	16001456	6065978	1326508	421282	5803345	55221
2021-05-01	30010176	333462	257772	75690	22317969	1788317	5898398	23394573	6621095	0.281	0.080	7644926	5826686	1124640	1761928	4910112	4346229	944820	1001588	2734814	1480457	179820	760340	24590152	5420024	5492	16191186	6126783	1360748	427569	5837147	61251
2021-05-02	30272572	262396	195034	67362	22512199	1825512	5927568	23591408	6688457	0.284	0.080	7644926	5826686	1124640	1761928	4910112	4346229	944820	1001588	2734814	1480457	179820	760340	24844893	5427679	7293	16329869	6182330	1392603	432909	5861643	65925
2021-05-03	30719744	447172	332355	114817	22827113	1894065	5989965	23925071	6803274	0.288	0.082	7644926	5826686	1124640	1761928	4910112	4346229	944820	1001588	2734814	1480457	179820	760340	25198205	5521539	8601	16554399	6272714	1448556	445509	5913515	76450
2021-05-04	31555376	835632	676330	159302	23449246	1954848	6140052	24604030	6962576	0.296	0.084	7644926	5826686	1124640	1761928	4910112	4346229	944820	1001588	2734814	1480457	179820	760340	25566585	5988791	11230	17045969	6403277	1496853	457995	6049978	90074
2021-05-05	32680282	1124906	903068	221838	24288208	2028344	6349088	25510510	7184414	0.307	0.086	7644926	5826686	1124640	1761928	4910112	4346229	944820	1001588	2734814	1480457	179820	760340	25965527	6714755	14642	17705435	6582773	1547866	480478	6242567	106521
2021-05-06	33634276	953994	745264	208730	24958634	2111214	6547235	26258325	7393144	0.316	0.089	7644926	5826686	1124640	1761928	4910112	4346229	944820	1001588	2734814	1480457	179820	760340	26344410	7289866	17193	18205735	6752899	1612708	498506	6422689	124546
2021-05-07	34471826	837550	628739	208811	25516025	2184014	6752148	26889510	7601955	0.323	0.091	7644926	5826686	1124640	1761928	4910112	4346229	944820	1001588	2734814	1480457	179820	760340	26737944	7733882	19639	18603355	6912670	1664312	519702	6602204	149944
2021-05-08	34880369	408543	262982	145561	25775906	2250906	6833068	27153342	7747516	0.326	0.093	7644926	5826686	1124640	1761928	4910112	4346229	944820	1001588	2734814	1480457	179820	760340	27085996	7794373	20489	18754813	7021093	1713567	537339	6664473	168595
2021-05-09	35152143	271774	172912	98862	25965083	2301449	6864089	27327287	7846378	0.329	0.094	7644926	5826686	1124640	1761928	4910112	4346229	944820	1001588	2734814	1480457	179820	760340	27346735	7805408	21522	18866630	7098453	1753849	547600	6685286	178803
2021-05-10	35709755	557612	381100	176512	26318180	2375361	6991965	27711114	8022890	0.333	0.096	7644926	5826686	1124640	1761928	4910112	4346229	944820	1001588	2734814	1480457	179820	760340	27715449	7994306	24249	19088134	7230046	1809562	565799	6789169	202796