date	dosen_kumulativ	dosen_differenz_zum_vortag	dosen_erst_differenz_zum_vortag	dosen_zweit_differenz_zum_vortag	dosen_biontech_kumulativ	dosen_moderna_kumulativ	dosen_astrazeneca_kumulativ	personen_erst_kumulativ	personen_voll_kumulativ	impf_quote_erst	impf_quote_voll	indikation_alter_dosen	indikation_beruf_dosen	indikation_medizinisch_dosen	indikation_pflegeheim_dosen	indikation_alter_erst	indikation_beruf_erst	indikation_medizinisch_erst	indikation_pflegeheim_erst	indikation_alter_voll	indikation_beruf_voll	indikation_medizinisch_voll	indikation_pflegeheim_voll	dosen_dim_kumulativ	dosen_kbv_kumulativ	dosen_johnson_kumulativ	dosen_biontech_erst_kumulativ	dosen_biontech_zweit_kumulativ	dosen_moderna_erst_kumulativ	dosen_moderna_zweit_kumulativ	dosen_astrazeneca_erst_kumulativ	dosen_astrazeneca_zweit_kumulativ	dosen_erst_kumulativ	dosen_zweit_kumulativ
2020-12-27	24097	24097	24084	13	24095	2	0	24084	13	0.000	0.000	10705	8657	1305	12604	10664	8590	1305	12536	41	67	0	68	24097	0	0	24082	13	2	0	0	0	24084	13
2020-12-28	42096	17999	17837	162	42094	2	0	41921	175	0.001	0.000	18621	15788	1991	21344	18580	15721	1991	21276	41	67	0	68	42096	0	0	41919	175	2	0	0	0	41921	175
2020-12-29	92120	50024	49290	734	92117	2	1	91211	909	0.001	0.000	34989	40734	3107	40508	34724	40420	3107	40099	265	314	0	409	92120	0	0	91208	909	2	0	1	0	91211	909
2020-12-30	155613	63493	63355	138	155610	2	1	154566	1047	0.002	0.000	55510	73365	4901	63206	55243	73050	4901	62794	267	315	0	412	155613	0	0	154563	1047	2	0	1	0	154566	1047
2020-12-31	205306	49693	49604	89	205303	2	1	204170	1136	0.002	0.000	72831	96719	6752	83965	72517	96367	6752	83476	314	352	0	489	205306	0	0	204167	1136	2	0	1	0	204170	1136
2021-01-01	230654	25348	25339	9	230643	7	4	229509	1145	0.003	0.000	81208	105449	7830	92301	80894	105097	7830	91812	314	352	0	489	230654	0	0	229499	1144	7	0	3	1	229509	1145
2021-01-02	278604	47950	47664	286	278593	7	4	277173	1431	0.003	0.000	102774	129731	10350	113258	102365	129304	10350	112629	409	427	0	629	278604	0	0	277163	1430	7	0	3	1	277173	1431
2021-01-03	301014	22410	22405	5	301002	8	4	299578	1436	0.004	0.000	113044	140227	11284	123279	112635	139800	11284	122650	409	427	0	629	301014	0	0	299567	1435	8	0	3	1	299578	1436
2021-01-04	346838	45824	45728	96	346825	9	4	345306	1532	0.004	0.000	129646	164913	13951	139091	129237	164486	13951	138462	409	427	0	629	346838	0	0	345294	1531	9	0	3	1	345306	1532
2021-01-05	398806	51968	51631	337	398792	10	4	396937	1869	0.005	0.000	147987	192565	16489	157656	147576	192117	16489	157025	411	448	0	631	398806	0	0	396924	1868	10	0	3	1	396937	1869
2021-01-06	461264	62458	62366	92	461241	16	7	459303	1961	0.006	0.000	169498	225530	19910	180812	169086	225082	19910	180181	412	448	0	631	461264	0	0	459282	1959	16	0	5	2	459303	1961
2021-01-07	515232	53968	53947	21	515204	19	9	513250	1982	0.006	0.000	189172	254868	22957	197233	188758	254418	22957	196600	414	450	0	633	515232	0	0	513224	1980	19	0	7	2	513250	1982
2021-01-08	576888	61656	61548	108	576808	70	10	574798	2090	0.007	0.000	211521	287315	26324	218219	211009	286711	26320	217449	512	604	4	770	576888	0	0	574720	2088	70	0	8	2	574798	2090
2021-01-09	636859	59971	59823	148	636775	73	11	634621	2238	0.008	0.000	237322	313238	29007	243325	236798	312599	29003	242545	524	639	4	780	636859	0	0	634540	2235	73	0	8	3	634621	2238
2021-01-10	672111	35252	35103	149	672019	81	11	669724	2387	0.008	0.000	252455	327794	30379	256315	251929	327151	30375	255535	526	643	4	780	672111	0	0	669636	2383	80	1	8	3	669724	2387
2021-01-11	739611	67500	67398	102	739504	94	13	737122	2489	0.009	0.000	277513	359176	33587	276774	276967	358513	33583	275968	546	663	4	806	739611	0	0	737025	2479	87	7	10	3	737122	2489
2021-01-12	817881	78270	78206	64	817758	109	14	815328	2553	0.010	0.000	305695	401338	36582	301731	305147	400670	36578	300888	548	668	4	843	817881	0	0	815216	2542	102	7	10	4	815328	2553
2021-01-13	928613	110732	110531	201	927321	1278	14	925859	2754	0.011	0.000	345167	458844	40485	337339	344574	458093	40466	336399	593	751	19	940	928613	0	0	924578	2743	1271	7	10	4	925859	2754
2021-01-14	1011732	83119	82897	222	1005292	6426	14	1008756	2976	0.012	0.000	374803	501101	42769	361463	374094	500254	42750	360452	709	847	19	1011	1011732	0	0	1002371	2921	6375	51	10	4	1008756	2976
2021-01-15	1102202	90470	89625	845	1090491	11692	19	1098381	3821	0.013	0.000	408725	545673	46728	389202	407810	544625	46700	387982	915	1048	28	1220	1102202	0	0	1086725	3766	11641	51	15	4	1098381	3821
2021-01-16	1159539	57337	56316	1021	1146148	13371	20	1154697	4842	0.014	0.000	432983	570627	48859	408798	431664	569232	48767	407047	1319	1395	92	1751	1159539	0	0	1141361	4787	13320	51	16	4	1154697	4842
2021-01-17	1207121	47582	29788	17794	1192467	14632	21	1184486	22636	0.014	0.000	453449	591002	50884	428544	444215	583354	50014	417145	9234	7648	870	11399	1207121	0	1	1169887	22580	14581	51	17	4	1184485	22636
2021-01-18	1289029	81908	66167	15741	1270232	18774	22	1250653	38377	0.015	0.000	482728	633883	53106	448900	467235	619730	51700	430238	15493	14153	1406	18662	1289029	0	1	1231913	38319	18721	53	18	4	1250652	38377
2021-01-19	1407827	118798	82350	36448	1385361	22435	30	1333003	74825	0.016	0.001	519765	695968	56714	479843	492669	666683	54375	447938	27096	29285	2339	31905	1407827	0	1	1310598	74763	22378	57	26	4	1333002	74825
2021-01-20	1540191	132364	77792	54572	1514980	25177	33	1410795	129397	0.017	0.002	568076	760039	60957	522078	522876	706310	57505	469463	45200	53729	3452	52615	1540191	0	1	1385645	129335	25120	57	29	4	1410794	129397
2021-01-21	1645173	104982	63666	41316	1617221	27917	34	1474461	170713	0.018	0.002	610150	808503	65406	556195	549621	735602	60889	487988	60529	72901	4517	68207	1645173	0	1	1446572	170649	27859	58	29	5	1474460	170713
2021-01-22	1746802	101629	68055	33574	1716655	30104	42	1542516	204287	0.019	0.002	654049	853889	69013	590642	579902	764987	63599	506975	74147	88902	5414	83667	1746802	0	1	1512437	204218	30041	63	37	5	1542515	204287
2021-01-23	1833384	86582	40465	46117	1802880	30458	45	1582981	250404	0.019	0.003	691767	890989	72414	617916	599855	780966	64783	516268	91912	110023	7631	101648	1833384	0	1	1552546	250334	30394	64	40	5	1582980	250404
2021-01-24	1880677	47293	25459	21834	1849971	30656	49	1608440	272238	0.019	0.003	715655	910067	73331	632982	614016	789814	65130	521524	101639	120253	8201	111458	1880677	0	1	1577803	272168	30592	64	44	5	1608439	272238
2021-01-25	1971719	91042	52276	38766	1939594	32072	52	1660716	311004	0.020	0.004	756375	951632	76827	658117	642321	811974	66847	534304	114054	139658	9980	123813	1971719	0	1	1628663	310931	32005	67	47	5	1660715	311004
2021-01-26	2069255	97536	50634	46902	2035689	33506	59	1711350	357906	0.021	0.004	796572	997196	80614	684405	667753	831436	68195	545278	128819	165760	12419	139127	2069255	0	1	1677860	357829	33435	71	54	5	1711349	357906
2021-01-27	2178636	109381	50809	58572	2143275	35292	67	1762160	416478	0.021	0.005	839834	1049509	85786	715259	691463	852265	70042	556304	148371	197244	15744	158955	2178636	0	2	1726887	416388	35209	83	62	5	1762158	416478
2021-01-28	2271097	92461	46561	45900	2234105	36920	70	1808721	462378	0.022	0.006	877990	1090332	89974	739697	713483	869115	71590	567469	164507	221217	18384	172228	2271097	0	2	1771905	462200	36749	171	65	5	1808719	462378
2021-01-29	2378871	107774	49988	57786	2340392	38400	77	1858709	520164	0.022	0.006	920894	1138243	95507	769100	735839	888487	73819	578309	185055	249756	21688	190791	2378871	0	2	1820407	519985	38228	172	72	5	1858707	520164
2021-01-30	2466886	88015	34361	53654	2427525	39280	79	1893070	573818	0.023	0.007	957412	1174692	99468	796433	752473	901967	75224	586328	204939	272725	24244	210105	2466886	0	2	1853889	573636	39106	174	73	6	1893068	573818
2021-01-31	2523753	56867	25751	31116	2484011	39656	84	1918821	604934	0.023	0.007	982865	1196922	101575	812430	766590	910861	76411	592657	216275	286061	25164	219773	2523753	0	2	1879268	604743	39474	182	77	7	1918819	604934
2021-02-01	2643280	119527	57965	61562	2601278	41865	135	1976786	666496	0.024	0.008	1026174	1260299	105285	839830	787193	944041	78273	602425	238981	316258	27012	237405	2643280	0	2	1934975	666303	41681	184	128	7	1976784	666496
2021-02-02	2775458	132178	64965	67213	2730381	44927	148	2041751	733709	0.025	0.009	1069633	1330364	110479	870030	806216	982089	80866	611659	263417	348275	29613	258371	2775458	0	2	1996866	733515	44742	185	141	7	2041749	733709
2021-02-03	2937197	161739	64094	97645	2885765	51255	174	2105846	831354	0.025	0.010	1128983	1407775	116405	912544	829819	1014401	83062	623312	299164	393374	33343	289232	2937197	0	3	2054612	831153	51064	191	167	7	2105843	831354
2021-02-04	3070857	133660	61729	71931	3013588	57087	179	2167575	903285	0.026	0.011	1177986	1472437	120972	943857	851937	1046473	85311	632945	326049	425964	35661	310912	3070857	0	3	2110507	903081	56893	194	172	7	2167572	903285
2021-02-05	3217381	146524	68902	77622	3153655	63536	187	2236477	980907	0.027	0.012	1232524	1542580	126293	977786	877231	1080338	86905	644262	355293	462242	39388	333524	3217381	0	3	2173087	980568	63208	328	179	8	2236474	980907
2021-02-06	3311065	93684	45391	48293	3244712	66162	188	2281868	1029200	0.027	0.012	1272514	1588658	130853	1003590	896490	1101898	88782	653957	376024	486760	42071	349633	3311065	0	3	2215851	1028861	65834	328	180	8	2281865	1029200
2021-02-07	3364376	53311	28262	25049	3295695	68488	190	2310130	1054249	0.028	0.013	1298155	1609930	133571	1016823	910800	1112720	90015	659435	387355	497210	43556	357388	3364376	0	3	2241786	1053909	68159	329	182	8	2310127	1054249
2021-02-08	3473299	108923	52867	56056	3400769	72310	217	2362997	1110305	0.028	0.013	1350672	1655734	137545	1035599	942269	1129343	91902	666781	408403	526391	45643	368818	3473299	0	3	2290806	1109963	71979	331	209	8	2362994	1110305
2021-02-09	3607335	134036	60200	73836	3531258	75744	330	2423197	1184141	0.029	0.014	1411842	1714380	141993	1058512	978151	1147503	94639	674792	433691	566877	47354	383720	3607335	0	3	2347649	1183609	75223	521	322	8	2423194	1184141
2021-02-10	3761725	154390	77321	77069	3673077	79979	8666	2500518	1261210	0.030	0.015	1478760	1781046	146001	1087933	1017461	1175177	96286	685176	461299	605869	49715	402757	3761725	0	3	2413392	1259685	78477	1502	8646	20	2500515	1261210
2021-02-11	3905440	143715	75211	68504	3793204	87246	24985	2575731	1329714	0.031	0.016	1539776	1848576	151475	1113070	1052428	1208053	98713	694775	487348	640523	52762	418295	3905440	0	5	2468063	1325141	82712	4534	24951	34	2575726	1329714
2021-02-12	4060521	155081	79515	75566	3924761	96544	39208	2655249	1405280	0.032	0.017	1611268	1919253	157751	1138545	1094198	1240389	101429	704318	517070	678864	56322	434227	4060521	0	8	2529106	1395655	87284	9260	38851	357	2655241	1405280
2021-02-13	4167887	107366	61922	45444	4015520	99801	52557	2717172	1450724	0.033	0.017	1667599	1960972	162355	1156080	1129093	1262877	103231	711418	538506	698095	59124	444662	4167887	0	9	2575974	1439546	88996	10805	52193	364	2717163	1450724
2021-02-14	4233094	65207	39495	25712	4071007	102275	59802	2756668	1476436	0.033	0.018	1706122	1983696	163973	1164146	1153761	1276081	104081	714928	552361	707615	59892	449218	4233094	0	10	2606975	1464032	90266	12009	59417	385	2756658	1476436
2021-02-15	4358357	125263	69522	55741	4175585	107504	75257	2826191	1532177	0.034	0.018	1773591	2031897	168008	1183418	1194859	1300739	106358	721524	578732	731158	61650	461894	4358357	0	11	2658787	1516798	92538	14966	74855	402	2826180	1532177
2021-02-16	4492462	134105	77757	56348	4283978	113623	94849	2903949	1588525	0.035	0.019	1839625	2089928	170683	1200400	1236633	1336138	107879	728440	602992	753790	62804	471960	4492462	0	12	2714239	1569739	95263	18360	94435	414	2903937	1588525
2021-02-17	4643229	150767	94460	56307	4405991	121622	115603	2998410	1644832	0.036	0.020	1920033	2147919	175770	1221928	1292995	1368705	110873	736858	627038	779214	64897	485070	4643229	0	13	2783145	1622846	100076	21546	115176	427	2998397	1644832
2021-02-18	4787480	144251	91261	52990	4518179	129846	139441	3089672	1697822	0.037	0.020	1995907	2206102	179208	1240945	1345328	1403985	112659	744258	650579	802117	66549	496687	4787480	0	14	2845890	1672289	104758	25088	139010	431	3089658	1697822
2021-02-19	4945807	158327	102773	55554	4639130	139807	166855	3192446	1753376	0.038	0.021	2076668	2266444	184080	1258305	1402958	1440066	115287	750941	673710	826378	68793	507364	4945807	0	15	2914404	1724726	111709	28098	166318	537	3192431	1753376
2021-02-20	5057872	112065	75796	36269	4725508	144271	188077	3268243	1789645	0.039	0.022	2138268	2310157	187738	1272296	1445964	1469322	117533	755178	692304	840835	70205	517118	5057872	0	16	2964956	1760552	115741	28530	187530	547	3268227	1789645
2021-02-21	5143670	85798	57418	28380	4792017	147912	203724	3325662	1818025	0.040	0.022	2187054	2340674	190304	1282667	1479917	1489494	118664	757407	707137	851180	71640	525260	5143670	0	17	3003251	1788766	119223	28689	203171	553	3325645	1818025
2021-02-22	5299006	155336	97586	57750	4914743	156905	227340	3423249	1875775	0.041	0.023	2266701	2410287	195201	1300517	1538362	1525084	121627	763642	728339	885203	73574	536875	5299006	0	18	3070008	1844735	126448	30457	226775	565	3423231	1875775
2021-02-23	5468650	169644	109164	60480	5048332	164114	256185	3532414	1936255	0.042	0.023	2346910	2483166	200501	1318387	1598211	1563793	124757	771284	748699	919373	75744	547103	5468650	0	19	3144788	1903544	131999	32115	255608	577	3532395	1936255
2021-02-24	5644297	175647	116509	59138	5179717	171724	292836	3648924	1995393	0.044	0.024	2431789	2557990	207079	1337422	1660503	1608669	128907	778912	771286	949321	78172	558510	5644297	0	20	3218739	1960978	137924	33800	292241	595	3648904	1995393
2021-02-25	5833019	188722	129754	58968	5310834	178483	343682	3778678	2054361	0.045	0.025	2514175	2648479	213515	1355541	1722988	1667176	133470	787131	791187	981303	80045	568410	5833019	0	20	3292430	2018404	143154	35329	343074	608	3778658	2054361
2021-02-26	6045320	212301	145462	66839	5451505	187315	406480	3924140	2121200	0.047	0.026	2602819	2749814	220591	1375230	1787946	1735795	138593	794627	814873	1014019	81998	580603	6045320	0	20	3367951	2083554	150370	36945	405799	681	3924120	2121200
2021-02-27	6193037	147717	107826	39891	5544159	191397	457461	4031966	2161091	0.048	0.026	2666475	2822116	227301	1388101	1833818	1790224	143432	799030	832657	1031892	83869	589071	6193037	0	20	3421454	2122705	153720	37677	456772	689	4031946	2161091
2021-02-28	6295874	102837	78772	24065	5605438	195352	495063	4110739	2185156	0.049	0.026	2714700	2875405	231582	1394762	1868893	1834535	146785	801170	845807	1040870	84797	593592	6295874	0	21	3459041	2146397	157322	38030	494355	708	4110718	2185156
2021-03-01	6493975	198101	148278	49823	5735587	204976	553391	4259017	2234979	0.051	0.027	2817221	2953369	239381	1408021	1943445	1896228	153263	806209	873776	1057141	86118	601812	6493975	0	21	3541405	2194182	164924	40052	552667	724	4258996	2234979
2021-03-02	6712553	218578	166477	52101	5875351	214965	622216	4425494	2287080	0.053	0.027	2927307	3047588	248982	1422628	2022735	1971725	160632	812692	904572	1075863	88350	609936	6712553	0	21	3631964	2243387	172039	42926	621470	746	4425473	2287080
2021-03-03	6958813	246260	175784	70476	6032317	229915	696560	4601278	2357556	0.055	0.028	3047976	3148969	260606	1439862	2105531	2048823	170041	819606	942445	1100146	90565	620256	6958813	0	21	3724406	2307911	181112	48803	695739	821	4601257	2357556
2021-03-04	7203484	244671	181832	62839	6173406	244381	785676	4783110	2420395	0.058	0.029	3159240	3258741	272992	1455625	2181653	2136963	180034	825002	977587	1121778	92958	630623	7203484	0	21	3808093	2365313	190185	54196	784811	865	4783089	2420395
2021-03-05	7479129	275645	207102	68543	6322881	257746	898480	4990213	2488938	0.060	0.030	3277185	3383782	287941	1471072	2258903	2242620	191990	830697	1018282	1141162	95951	640375	7479129	0	22	3895036	2427845	197590	60156	897565	915	4990191	2488938
2021-03-06	7680812	201683	153035	48648	6432104	266186	982500	5143248	2537586	0.062	0.031	3366696	3478463	298371	1480590	2314602	2325555	200824	833966	1052094	1152908	97547	646624	7680812	0	22	3957870	2474234	203792	62394	981564	936	5143226	2537586
2021-03-07	7828345	147533	114048	33485	6511845	272840	1043638	5257296	2571071	0.063	0.031	3437978	3544531	306478	1486155	2360956	2383880	208082	835928	1077022	1160651	98396	650227	7828345	0	22	4006482	2505363	208110	64730	1042682	956	5257274	2571071
2021-03-08	8065797	237452	185860	51592	6645752	283794	1136229	5443156	2622663	0.065	0.032	3556806	3640371	322827	1498475	2442587	2468035	222757	841890	1114219	1172336	100070	656585	8065797	0	22	4092200	2553552	215702	68092	1135232	997	5443134	2622663
2021-03-09	8318010	252213	197364	54849	6785855	296578	1235555	5640520	2677512	0.068	0.032	3677710	3742787	340236	1512022	2524321	2558568	238262	848791	1153389	1184219	101974	663231	8318010	0	22	4180991	2604864	225014	71564	1234493	1062	5640498	2677512
2021-03-10	8606331	288321	221282	67039	6944937	308756	1352615	5861803	2744551	0.070	0.033	3808598	3856306	360962	1530389	2606688	2661880	256906	860000	1201910	1194426	104056	670389	8605360	971	23	4276647	2668290	233633	75123	1351500	1115	5861780	2744551
2021-03-11	8890570	284239	223348	60891	7092566	322474	1475507	6085151	2805442	0.073	0.034	3937470	3976178	382106	1544008	2689957	2769533	276555	867677	1247513	1206645	105551	676331	8888944	1626	23	4367791	2724775	243003	79471	1474334	1173	6085128	2805442
2021-03-12	9217042	326472	255612	70860	7244145	339768	1633106	6340763	2876302	0.076	0.035	4071484	4127850	404783	1559463	2770420	2906954	297406	877132	1301064	1220896	107377	682331	9215206	1836	23	4453305	2790840	255704	84064	1631731	1375	6340740	2876302
2021-03-13	9457634	240592	190312	50280	7360159	349337	1748115	6531075	2926582	0.079	0.035	4181046	4240796	425293	1567511	2840453	3011727	316755	881879	1340593	1229069	108538	685632	9455642	1992	23	4520492	2839667	263932	85405	1746628	1487	6531052	2926582
2021-03-14	9627687	170053	134381	35672	7448215	354849	1824600	6665456	2962254	0.080	0.036	4266043	4307307	441408	1570975	2896461	3072888	331859	883676	1369582	1234419	109549	687299	9625685	2002	23	4573872	2874343	268469	86380	1823092	1508	6665433	2962254
2021-03-15	9875340	247653	188430	59223	7600968	367586	1906763	6853886	3021477	0.082	0.036	4400463	4391447	461474	1582289	2984151	3147219	350790	890548	1416312	1244228	110684	691741	9873055	2285	23	4669190	2931778	279507	88079	1905166	1597	6853863	3021477
2021-03-16	10054241	178901	110736	68165	7767603	378837	1907778	6964622	3089642	0.084	0.037	4527474	4426082	473886	1593025	3059300	3169255	361553	895647	1468174	1256827	112333	697378	10051409	2832	23	4770149	2997454	288273	90564	1906177	1601	6964599	3089642
2021-03-17	10259192	204951	124026	80925	7953823	396826	1908520	7088648	3170567	0.085	0.038	4672447	4463838	487350	1605072	3141952	3193652	373040	902175	1530495	1270186	114310	702897	10255743	3449	23	4880256	3073567	301455	95371	1906914	1606	7088625	3170567
2021-03-18	10452718	193526	117946	75580	8128028	414989	1909678	7206594	3246147	0.087	0.039	4812398	4498757	499905	1615322	3222615	3215628	383588	907340	1589783	1283129	116317	707982	10448846	3872	23	4984083	3143945	314417	100572	1908071	1607	7206571	3246147
2021-03-19	10697431	244713	160559	84154	8313409	435779	1948220	7367153	3330301	0.089	0.040	4961948	4563922	518114	1627194	3306761	3267408	399605	914537	1655187	1296514	118509	712657	10693028	4403	23	5092174	3221235	328400	107379	1946556	1664	7367130	3330301
2021-03-20	10917688	220257	166993	53264	8448788	451073	2017804	7534146	3383565	0.091	0.041	5078536	4641917	537715	1633319	3379545	3337212	417708	917920	1698991	1304705	120007	715399	10912961	4727	23	5178152	3270636	339861	111212	2016110	1694	7534123	3383565
2021-03-21	11082183	164495	126304	38191	8550962	460266	2070932	7660450	3421756	0.092	0.041	5171749	4694283	554274	1635819	3440184	3384099	433219	919244	1731565	1310184	121055	716575	11077456	4727	23	5245405	3305557	345810	114456	2069212	1720	7660427	3421756
2021-03-22	11351339	269156	192764	76392	8717376	484054	2149886	7853214	3498148	0.094	0.042	5329624	4766248	576579	1645397	3534739	3445389	453483	925279	1794885	1320859	123096	720118	11345084	6255	23	5342881	3374495	362198	121856	2148112	1774	7853191	3498148
2021-03-23	11652055	300716	216875	83841	8898830	503766	2249436	8070089	3581989	0.097	0.043	5490190	4854892	604288	1656865	3629814	3521119	478432	932910	1860376	1333773	125856	723955	11640812	11243	23	5445522	3453308	376938	126828	2247606	1830	8070066	3581989
2021-03-24	11991089	339034	249426	89608	9098983	536793	2355290	8319515	3671597	0.100	0.044	5664852	4952071	635971	1672375	3732242	3605792	507202	944863	1932610	1346279	128769	727512	11974054	17035	23	5561448	3537535	404659	132134	2353385	1905	8319492	3671597
2021-03-25	12323773	332684	251523	81161	9284519	564478	2474753	8571038	3752758	0.103	0.045	5830941	5060081	670798	1683452	3832663	3703768	539527	951994	1998278	1356313	131271	731458	12300793	22980	23	5671506	3613013	426773	137705	2472736	2017	8571015	3752758
2021-03-26	12697550	373777	285372	88405	9484083	601643	2611800	8856411	3841163	0.106	0.046	6003833	5184282	710463	1698535	3933360	3816071	576057	962322	2070473	1368211	134406	736213	12668256	29294	24	5789462	3694621	457234	144409	2609691	2109	8856387	3841163
2021-03-27	12978773	281223	218888	62335	9633644	629261	2715843	9075300	3903498	0.109	0.047	6147056	5279869	744190	1703356	4023632	3903670	607441	965464	2123424	1376199	136749	737892	12947129	31644	25	5879855	3753789	481742	147519	2713678	2165	9075275	3903498
2021-03-28	13175181	196408	143143	53265	9749010	647765	2778381	9218443	3956763	0.111	0.048	6253046	5333384	768116	1706823	4085867	3950861	629648	967502	2167179	1382523	138468	739321	13143346	31835	25	5945281	3803729	496972	150793	2776165	2216	9218418	3956763
2021-03-29	13480771	305590	216987	88603	9937752	672742	2870252	9435430	4045366	0.113	0.049	6418833	5404751	806706	1716518	4180272	4010842	665103	973637	2238561	1393909	141603	742881	13442988	37783	25	6052283	3885469	515147	157595	2867975	2277	9435405	4045366
2021-03-30	13809808	329037	236434	92603	10156453	697157	2956173	9671864	4137969	0.116	0.050	6591913	5474211	853024	1727240	4280843	4069380	706095	981320	2311070	1404831	146929	745920	13759889	49919	25	6184898	3971555	533105	164052	2953836	2337	9671839	4137969
2021-03-31	14146021	336213	234707	101506	10403945	733202	3008849	9906571	4239475	0.119	0.051	6774517	5538855	899988	1738789	4384637	4121392	747318	988525	2389880	1417463	152670	750264	14079787	66234	25	6338885	4065060	561184	172018	3006477	2372	9906546	4239475
2021-04-01	14472650	326629	235925	90704	10642827	765654	3064144	10142496	4330179	0.122	0.052	6936269	5606629	944397	1747554	4476928	4175958	787230	994147	2459341	1430671	157167	753407	14386337	86313	25	6495002	4147825	585739	179915	3061730	2414	10142471	4330179
2021-04-02	14698345	225695	157714	67981	10822359	780043	3095918	10300210	4398160	0.124	0.053	7067172	5654574	981393	1749910	4552089	4213818	820223	995356	2515083	1440756	161170	754554	14610508	87837	25	6610921	4211438	595787	184256	3093477	2441	10300185	4398160
2021-04-03	14930179	231834	167463	64371	10996504	795842	3137808	10467673	4462531	0.126	0.054	7198861	5698683	1018737	1753036	4633025	4248782	853330	997097	2565836	1449901	165407	755939	14840943	89236	25	6725580	4270924	606739	189103	3135329	2479	10467648	4462531
2021-04-04	15123118	192939	142572	50367	11128703	805903	3188487	10610245	4512898	0.128	0.054	7309766	5731715	1048001	1754173	4704262	4274251	879171	997551	2605504	1457464	168830	756622	15033746	89372	25	6811345	4317358	612910	192993	3185965	2522	10610220	4512898
2021-04-05	15370952	247834	177621	70213	11293694	823769	3253464	10787866	4583111	0.130	0.055	7456036	5770066	1081529	1756372	4794323	4302940	907924	998846	2661713	1467126	173605	757526	15280270	90682	25	6910934	4382760	625996	197773	3250911	2553	10787841	4583111
2021-04-06	15744688	373736	279028	94708	11548653	855985	3340023	11066896	4677819	0.133	0.056	7644926	5826686	1124640	1761928	4910112	4346229	944820	1001588	2734814	1480457	179820	760340	15617379	127309	27	7079948	4468705	649519	206466	3337402	2621	11066869	4677819
2021-04-07	16412743	668055	571684	96371	12090845	893020	3428851	11638580	4774190	0.140	0.057	7644926	5826686	1124640	1761928	4910112	4346229	944820	1001588	2734814	1480457	179820	760340	15979770	432973	27	7534456	4556389	677950	215070	3426147	2704	11638553	4774190
2021-04-08	17111528	698785	611115	87670	12662331	928651	3520519	12249695	4861860	0.147	0.058	7644926	5826686	1124640	1761928	4910112	4346229	944820	1001588	2734814	1480457	179820	760340	16353677	757851	27	8027326	4635005	704608	224043	3517734	2785	12249668	4861860
2021-04-09	17743314	631786	542891	88895	13152527	965215	3625545	12792586	4950755	0.154	0.060	7644926	5826686	1124640	1761928	4910112	4346229	944820	1001588	2734814	1480457	179820	760340	16745960	997354	27	8440143	4712384	729738	235477	3622678	2867	12792559	4950755
2021-04-10	18115895	372581	307524	65057	13401020	988435	3726413	13100110	5015812	0.158	0.060	7644926	5826686	1124640	1761928	4910112	4346229	944820	1001588	2734814	1480457	179820	760340	17085495	1030400	27	8631324	4769696	745276	243159	3723483	2930	13100083	5015812
2021-04-11	18379808	263913	213592	50321	13571389	1007100	3801292	13313702	5066133	0.160	0.061	7644926	5826686	1124640	1761928	4910112	4346229	944820	1001588	2734814	1480457	179820	760340	17344329	1035479	27	8755395	4815994	759994	247106	3798286	3006	13313675	5066133
2021-04-12	18798338	418530	342154	76376	13850253	1036286	3911771	13655857	5142509	0.164	0.062	7644926	5826686	1124640	1761928	4910112	4346229	944820	1001588	2734814	1480457	179820	760340	17714352	1083986	28	8966410	4883843	780707	255579	3908712	3059	13655829	5142509
2021-04-13	19375140	576802	503132	73670	14282524	1063504	4029084	14158989	5216179	0.170	0.063	7644926	5826686	1124640	1761928	4910112	4346229	944820	1001588	2734814	1480457	179820	760340	18095024	1280116	28	9330646	4951878	802484	261020	4025831	3253	14158961	5216179
2021-04-14	20150043	774903	691736	83167	14898962	1097040	4154013	14850725	5299346	0.179	0.064	7644926	5826686	1124640	1761928	4910112	4346229	944820	1001588	2734814	1480457	179820	760340	18496130	1653913	28	9872979	5025983	827516	269524	4150202	3811	14850697	5299346
2021-04-15	20830177	680134	609935	70199	15432913	1133245	4263990	15460661	5369545	0.186	0.065	7644926	5826686	1124640	1761928	4910112	4346229	944820	1001588	2734814	1480457	179820	760340	18880635	1949542	29	10346289	5086624	855108	278137	4259235	4755	15460632	5369545
2021-04-16	21426710	596533	522347	74186	15871031	1165843	4389807	15983008	5443731	0.192	0.065	7644926	5826686	1124640	1761928	4910112	4346229	944820	1001588	2734814	1480457	179820	760340	19282329	2144381	29	10719456	5151575	879275	286568	4384248	5559	15982979	5443731
2021-04-17	21792702	365992	309383	56609	16095911	1188528	4508234	16292391	5500340	0.196	0.066	7644926	5826686	1124640	1761928	4910112	4346229	944820	1001588	2734814	1480457	179820	760340	19626517	2166185	29	10896345	5199566	894824	293704	4501193	7041	16292362	5500340
2021-04-18	22062131	269429	230427	39002	16267952	1203916	4590234	16522818	5539342	0.199	0.067	7644926	5826686	1124640	1761928	4910112	4346229	944820	1001588	2734814	1480457	179820	760340	19891335	2170796	29	11034448	5233504	906315	297601	4582026	8208	16522789	5539342
2021-04-19	22464398	402267	340874	61393	16561775	1236836	4665757	16863693	5600735	0.203	0.067	7644926	5826686	1124640	1761928	4910112	4346229	944820	1001588	2734814	1480457	179820	760340	20249271	2215127	30	11276112	5285663	931318	305518	4656233	9524	16863663	5600735
2021-04-20	23025126	560728	498058	62670	16943718	1276055	4805323	17361751	5663405	0.209	0.068	7644926	5826686	1124640	1761928	4910112	4346229	944820	1001588	2734814	1480457	179820	760340	20615548	2409578	30	11604062	5339656	963940	312115	4793719	11604	17361721	5663405
2021-04-21	23745980	720854	647810	73044	17397970	1317750	5030230	18009561	5736449	0.217	0.069	7644926	5826686	1124640	1761928	4910112	4346229	944820	1001588	2734814	1480457	179820	760340	20997254	2748726	30	11995779	5402191	997576	320174	5016176	14054	18009531	5736449
2021-04-22	24384488	638508	571364	67144	17779731	1361401	5243326	18580925	5803593	0.223	0.070	7644926	5826686	1124640	1761928	4910112	4346229	944820	1001588	2734814	1480457	179820	760340	21368503	3015985	30	12321653	5458078	1033594	327807	5225648	17678	18580895	5803593
2021-04-23	24940666	556178	487300	68878	18133015	1404939	5402682	19068225	5872471	0.229	0.071	7644926	5826686	1124640	1761928	4910112	4346229	944820	1001588	2734814	1480457	179820	760340	21756486	3184180	30	12620091	5512924	1066649	338290	5381455	21227	19068195	5872471
2021-04-24	25306227	365561	306614	58947	18367994	1454279	5483924	19374839	5931418	0.233	0.071	7644926	5826686	1124640	1761928	4910112	4346229	944820	1001588	2734814	1480457	179820	760340	22105136	3201091	30	12813852	5554142	1100615	353664	5460342	23582	19374809	5931418
2021-04-25	25589117	282890	233846	49044	18555761	1487954	5545372	19608685	5980462	0.236	0.072	7644926	5826686	1124640	1761928	4910112	4346229	944820	1001588	2734814	1480457	179820	760340	22382212	3206905	30	12964223	5591538	1124426	363528	5520006	25366	19608655	5980462
2021-04-26	26022023	432906	358941	73965	18873670	1530421	5617833	19967695	6054427	0.240	0.073	7644926	5826686	1124640	1761928	4910112	4346229	944820	1001588	2734814	1480457	179820	760340	22728526	3293497	99	13220615	5653055	1158504	371917	5588477	29356	19967596	6054427
2021-04-27	26807351	785328	693421	91907	19550382	1581915	5674494	20661577	6146334	0.248	0.074	7644926	5826686	1124640	1761928	4910112	4346229	944820	1001588	2734814	1480457	179820	760340	23098974	3708377	560	13819477	5730905	1200874	381041	5640666	33828	20661017	6146334
2021-04-28	27930338	1122987	996026	126961	20558613	1642629	5727819	21658320	6273295	0.260	0.075	7644926	5826686	1124640	1761928	4910112	4346229	944820	1001588	2734814	1480457	179820	760340	23492878	4437460	1277	14719119	5839494	1249051	393578	5688873	38946	21657043	6273295
2021-04-29	28876304	945966	812521	133445	21382921	1706257	5784969	22471721	6406740	0.270	0.077	7644926	5826686	1124640	1761928	4910112	4346229	944820	1001588	2734814	1480457	179820	760340	23880776	4995528	2157	15431140	5951781	1300297	405960	5738127	46842	22469564	6406740
2021-04-30	29679946	803642	666624	137018	22061312	1763513	5852131	23139178	6543758	0.278	0.079	7644926	5826686	1124640	1761928	4910112	4346229	944820	1001588	2734814	1480457	179820	760340	24284572	5395374	2990	15997978	6063334	1342309	421204	5795901	56230	23136188	6543758
2021-05-01	30016223	336277	260030	76247	22314142	1805003	5891514	23401782	6620005	0.281	0.080	7644926	5826686	1124640	1761928	4910112	4346229	944820	1001588	2734814	1480457	179820	760340	24596199	5420024	5564	16189558	6124584	1377393	427610	5829267	62247	23396218	6620005
2021-05-02	30281215	264992	197608	67384	22509723	1842513	5921607	23601198	6687389	0.284	0.080	7644926	5826686	1124640	1761928	4910112	4346229	944820	1001588	2734814	1480457	179820	760340	24853536	5427679	7372	16329394	6180329	1409651	432862	5854781	66826	23593826	6687389
2021-05-03	30732901	451686	335328	116358	22827609	1913097	5983237	23938112	6803747	0.288	0.082	7644926	5826686	1124640	1761928	4910112	4346229	944820	1001588	2734814	1480457	179820	760340	25211362	5521539	8958	16556303	6271306	1467040	446057	5905811	77426	23929154	6803747
2021-05-04	31575839	842938	681212	161726	23453926	1976527	6133467	24622285	6965473	0.296	0.084	7644926	5826686	1124640	1761928	4910112	4346229	944820	1001588	2734814	1480457	179820	760340	25587048	5988791	11919	17050798	6403128	1517232	459295	6042336	91131	24610366	6965473
2021-05-05	32722724	1146885	914883	232002	24304903	2055494	6345937	25541639	7197475	0.307	0.087	7644926	5826686	1124640	1761928	4910112	4346229	944820	1001588	2734814	1480457	179820	760340	26007969	6714755	16390	17716650	6588253	1570693	484801	6237906	108031	25525249	7197475
2021-05-06	33713189	990465	767287	223178	24997565	2147600	6547440	26313120	7420653	0.316	0.089	7644926	5826686	1124640	1761928	4910112	4346229	944820	1001588	2734814	1480457	179820	760340	26423323	7289866	20584	18232181	6765384	1640397	507203	6419958	127482	26292536	7420653
2021-05-07	34603347	890158	652095	238063	25584747	2234291	6759862	26969078	7658716	0.324	0.092	7644926	5826686	1124640	1761928	4910112	4346229	944820	1001588	2734814	1480457	179820	760340	26869465	7733882	24447	18645387	6939360	1696124	538167	6603120	156742	26944631	7658716
2021-05-08	35029085	425738	271663	154075	25852404	2306073	6844444	27242458	7812791	0.328	0.094	7644926	5826686	1124640	1761928	4910112	4346229	944820	1001588	2734814	1480457	179820	760340	27234712	7794373	26164	18800148	7052256	1748072	558001	6668074	176370	27216294	7812791
2021-05-09	35315220	286135	183583	102552	26046298	2362622	6879070	27427107	7915343	0.330	0.095	7644926	5826686	1124640	1761928	4910112	4346229	944820	1001588	2734814	1480457	179820	760340	27509812	7805408	27230	18914777	7131521	1793824	568798	6691276	187794	27399877	7915343
2021-05-10	35904503	589283	395757	193526	26419455	2444410	7009679	27826593	8108869	0.335	0.098	7644926	5826686	1124640	1761928	4910112	4346229	944820	1001588	2734814	1480457	179820	760340	27910197	7994306	30959	19146160	7273295	1853439	590971	6796035	213644	27795634	8108869
2021-05-11	36990302	1085799	797936	287863	27245379	2524304	7186018	28628171	8396732	0.344	0.101	7644926	5826686	1124640	1761928	4910112	4346229	944820	1001588	2734814	1480457	179820	760340	28342301	8648001	34601	19739182	7506197	1911165	613139	6943223	242795	28593570	8396732
2021-05-12	38406108	1415806	1049222	366584	28338635	2615954	7411234	29683077	8763316	0.357	0.105	7644926	5826686	1124640	1761928	4910112	4346229	944820	1001588	2734814	1480457	179820	760340	28802124	9603984	40285	20536030	7802605	1972287	643667	7134475	276759	29642792	8763316
2021-05-13	38835349	429241	268398	160843	28653969	2682723	7455725	29954122	8924159	0.360	0.107	7644926	5826686	1124640	1761928	4910112	4346229	944820	1001588	2734814	1480457	179820	760340	29157886	9677463	42932	20723592	7930377	2023847	658876	7163751	291974	29911190	8924159
2021-05-14	39591834	756485	525968	230517	29199210	2747629	7594268	30487885	9154676	0.367	0.110	7644926	5826686	1124640	1761928	4910112	4346229	944820	1001588	2734814	1480457	179820	760340	29563034	10028800	50727	21088243	8110967	2073578	674051	7275337	318931	30437158	9154676
2021-05-15	39991884	400050	234530	165520	29478245	2807929	7650703	30726695	9320196	0.369	0.112	7644926	5826686	1124640	1761928	4910112	4346229	944820	1001588	2734814	1480457	179820	760340	29915418	10076466	55007	21244925	8233320	2117528	690401	7309235	341468	30671688	9320196
2021-05-16	40274453	282569	160597	121972	29678429	2860668	7675623	30892018	9442168	0.371	0.114	7644926	5826686	1124640	1761928	4910112	4346229	944820	1001588	2734814	1480457	179820	760340	30181982	10092471	59733	21351361	8327068	2160383	700285	7320541	355082	30832285	9442168
2021-05-17	40829743	555290	349271	206019	30016796	2946344	7797112	31251047	9648187	0.376	0.116	7644926	5826686	1124640	1761928	4910112	4346229	944820	1001588	2734814	1480457	179820	760340	30567954	10261789	69491	21544239	8472557	2221644	724700	7415673	381439	31181556	9648187
2021-05-18	41701732	871989	517337	354652	30606422	3047437	7970610	31776156	10002839	0.382	0.120	7644926	5826686	1124640	1761928	4910112	4346229	944820	1001588	2734814	1480457	179820	760340	30984939	10716793	77263	21843623	8762799	2294151	753286	7561119	409491	31698893	10002839
2021-05-19	42799401	1097669	563598	534071	31410524	3147528	8151927	32351913	10536910	0.389	0.127	7644926	5826686	1124640	1761928	4910112	4346229	944820	1001588	2734814	1480457	179820	760340	31402830	11396571	89422	22187621	9222903	2360392	787136	7714478	437449	32262491	10536910
2021-05-20	43746628	947227	455546	491681	32093844	3244001	8308519	32818301	11028591	0.395	0.133	7644926	5826686	1124640	1761928	4910112	4346229	944820	1001588	2734814	1480457	179820	760340	31819114	11927514	100264	22448544	9645300	2425903	818098	7843590	464929	32718037	11028591
2021-05-21	44597508	850880	405898	444982	32689918	3329667	8465839	33236019	11473573	0.400	0.138	7644926	5826686	1124640	1761928	4910112	4346229	944820	1001588	2734814	1480457	179820	760340	32247274	12350234	112084	22671035	10018883	2482277	847390	7970623	495216	33123935	11473573
2021-05-22	45071287	473779	214805	258974	32996042	3399166	8549718	33465101	11732547	0.402	0.141	7644926	5826686	1124640	1761928	4910112	4346229	944820	1001588	2734814	1480457	179820	760340	32592123	12479164	126361	22769438	10226604	2530582	868584	8038720	510998	33338740	11732547
2021-05-23	45356367	285080	124720	160360	33188966	3458554	8573622	33598685	11892907	0.404	0.143	7644926	5826686	1124640	1761928	4910112	4346229	944820	1001588	2734814	1480457	179820	760340	32859082	12497285	135225	22835064	10353902	2574879	883675	8053517	520105	33463460	11892907
2021-05-24	45682337	325970	141120	184850	33424682	3520103	8594285	33747847	12077757	0.406	0.145	7644926	5826686	1124640	1761928	4910112	4346229	944820	1001588	2734814	1480457	179820	760340	33169527	12512810	143267	22917660	10507022	2621432	898671	8065488	528797	33604580	12077757
2021-05-25	46337779	655442	272072	383370	33871313	3599772	8698316	34045030	12461127	0.409	0.150	7644926	5826686	1124640	1761928	4910112	4346229	944820	1001588	2734814	1480457	179820	760340	33566026	12771753	168378	23059362	10811951	2672876	926896	8144414	553902	33876652	12461127
2021-05-26	47517366	1179587	469493	710094	34756204	3682165	8832403	34592739	13171221	0.416	0.158	7644926	5826686	1124640	1761928	4910112	4346229	944820	1001588	2734814	1480457	179820	760340	33982198	13535168	246594	23374172	11382032	2725463	956702	8246510	585893	34346145	13171221
2021-05-27	48557993	1040627	404079	636548	35495227	3771050	8963999	35077941	13807769	0.422	0.166	7644926	5826686	1124640	1761928	4910112	4346229	944820	1001588	2734814	1480457	179820	760340	34400988	14157005	327717	23631976	11863251	2777082	993968	8341166	622833	34750224	13807769
2021-05-28	49461208	903215	356199	547016	36098146	3857127	9094472	35517886	14354785	0.427	0.173	7644926	5826686	1124640	1761928	4910112	4346229	944820	1001588	2734814	1480457	179820	760340	34836242	14624966	411463	23848697	12249449	2827593	1029534	8430133	664339	35106423	14354785
2021-05-29	49871263	410055	151638	258417	36359936	3919661	9152416	35697311	14613202	0.429	0.176	7644926	5826686	1124640	1761928	4910112	4346229	944820	1001588	2734814	1480457	179820	760340	35171888	14699375	439250	23928493	12431443	2864436	1055225	8465132	687284	35258061	14613202
2021-05-30	50154763	283500	97694	185806	36557051	3966665	9180769	35806033	14799008	0.431	0.178	7644926	5826686	1124640	1761928	4910112	4346229	944820	1001588	2734814	1480457	179820	760340	35433570	14721193	450278	23987688	12569363	2891775	1074890	8476292	704477	35355755	14799008
2021-05-31	50701253	546490	178210	368280	36924133	4034019	9250353	36026713	15167288	0.433	0.182	7644926	5826686	1124640	1761928	4910112	4346229	944820	1001588	2734814	1480457	179820	760340	35822291	14878962	492748	24099335	12824798	2919436	1114583	8515194	735159	35533965	15167288
2021-06-01	51689187	987934	399815	588119	37657409	4113693	9340838	36511027	15755407	0.439	0.189	7644926	5826686	1124640	1761928	4910112	4346229	944820	1001588	2734814	1480457	179820	760340	36219752	15469435	577247	24415364	13242045	2949127	1164566	8569289	771549	35933780	15755407
2021-06-02	52936219	1247032	516693	730339	38646067	4186179	9423048	37131398	16485746	0.446	0.198	7644926	5826686	1124640	1761928	4910112	4346229	944820	1001588	2734814	1480457	179820	760340	36626506	16309713	680925	24864670	13781397	2973563	1212616	8612240	810808	36450473	16485746
2021-06-03	53578857	642638	230342	412296	39120969	4250492	9473268	37414943	16898042	0.450	0.203	7644926	5826686	1124640	1761928	4910112	4346229	944820	1001588	2734814	1480457	179820	760340	36989731	16589126	734128	25044449	14076520	3003268	1247224	8633098	840170	36680815	16898042
2021-06-04	54389123	810266	291034	519232	39705933	4321721	9550124	37783194	17417274	0.454	0.209	7644926	5826686	1124640	1761928	4910112	4346229	944820	1001588	2734814	1480457	179820	760340	37397509	16991614	811345	25272331	14433602	3031958	1289763	8667560	882564	36971849	17417274
2021-06-05	54801909	412786	96251	316535	39977025	4388638	9594287	37910059	17733809	0.456	0.213	7644926	5826686	1124640	1761928	4910112	4346229	944820	1001588	2734814	1480457	179820	760340	37746751	17055158	841959	25331405	14645620	3058245	1330393	8678450	915837	37068100	17733809
2021-06-06	55094075	292166	59369	232797	40182721	4429629	9621524	37987670	17966606	0.457	0.216	7644926	5826686	1124640	1761928	4910112	4346229	944820	1001588	2734814	1480457	179820	760340	38009208	17084867	860201	25375283	14807438	3070216	1359413	8681970	939554	37127469	17966606
2021-06-07	55707174	613099	192551	420548	40583836	4514667	9694011	38234680	18387154	0.460	0.221	7644926	5826686	1124640	1761928	4910112	4346229	944820	1001588	2734814	1480457	179820	760340	38383023	17323248	914660	25509169	15074667	3097764	1416903	8713087	980924	37320020	18387154
2021-06-08	56757644	1050470	339098	711372	41427797	4590018	9756932	38642015	19098526	0.465	0.230	7644926	5826686	1124640	1761928	4910112	4346229	944820	1001588	2734814	1480457	179820	760340	38785672	17968865	982897	25789761	15638036	3123990	1466028	8745367	1011565	37659118	19098526
2021-06-09	58175954	1418310	444260	974050	42599170	4677266	9820911	39181985	20072576	0.471	0.241	7644926	5826686	1124640	1761928	4910112	4346229	944820	1001588	2734814	1480457	179820	760340	39213253	18956810	1078607	26173246	16425924	3152371	1524895	8777761	1043150	38103378	20072576
2021-06-10	59363361	1187407	401227	786180	43552580	4767067	9876668	39671651	20858756	0.477	0.251	7644926	5826686	1124640	1761928	4910112	4346229	944820	1001588	2734814	1480457	179820	760340	39649119	19705530	1167046	26515577	17037003	3184384	1582683	8804644	1072024	38504605	20858756
2021-06-11	60421991	1058630	361016	697614	44356421	4856091	9945657	40129443	21556370	0.483	0.259	7644926	5826686	1124640	1761928	4910112	4346229	944820	1001588	2734814	1480457	179820	760340	40091973	20318630	1263822	26818911	17537510	3212585	1643506	8834125	1111532	38865621	21556370
2021-06-12	60856662	434671	123359	311312	44640743	4927850	9989006	40288043	21867682	0.484	0.263	7644926	5826686	1124640	1761928	4910112	4346229	944820	1001588	2734814	1480457	179820	760340	40423547	20420893	1299063	26910513	17730230	3231296	1696554	8847171	1141835	38988980	21867682
2021-06-13	61139637	282975	64686	218289	44820619	4991361	10014805	40366518	22085971	0.485	0.266	7644926	5826686	1124640	1761928	4910112	4346229	944820	1001588	2734814	1480457	179820	760340	40670862	20456247	1312852	26954655	17865964	3247219	1744142	8851792	1163013	39053666	22085971
2021-06-14	61792155	652518	212131	440387	45249373	5092564	10082134	40633881	22526358	0.489	0.271	7644926	5826686	1124640	1761928	4910112	4346229	944820	1001588	2734814	1480457	179820	760340	41080869	20696780	1368084	27125637	18123736	3270826	1821738	8869334	1212800	39265797	22526358
2021-06-15	62835144	1042989	343815	699174	46044295	5197082	10166600	41036779	23225532	0.493	0.279	7644926	5826686	1124640	1761928	4910112	4346229	944820	1001588	2734814	1480457	179820	760340	41533679	21283470	1427167	27421318	18622977	3299346	1897736	8888948	1277652	39609612	23225532
2021-06-16	64211629	1376485	461400	915085	47141943	5303209	10263025	41574464	24140617	0.500	0.290	7644926	5826686	1124640	1761928	4910112	4346229	944820	1001588	2734814	1480457	179820	760340	42007591	22182018	1503452	27825054	19316889	3331498	1971711	8914460	1348565	40071012	24140617
2021-06-17	65353694	1142065	394525	747540	48020571	5406307	10355107	42037246	24888157	0.505	0.299	7644926	5826686	1124640	1761928	4910112	4346229	944820	1001588	2734814	1480457	179820	760340	42476086	22852215	1571709	28167952	19852619	3360852	2045455	8936733	1418374	40465537	24888157
2021-06-18	66341151	987457	341168	646289	48749022	5500345	10451250	42447239	25534446	0.510	0.307	7644926	5826686	1124640	1761928	4910112	4346229	944820	1001588	2734814	1480457	179820	760340	42930556	23382503	1640534	28456105	20292917	3391871	2108474	8958729	1492521	40806705	25534446
2021-06-19	66767562	426411	119031	307380	49021539	5582253	10502094	42587412	25841826	0.512	0.311	7644926	5826686	1124640	1761928	4910112	4346229	944820	1001588	2734814	1480457	179820	760340	43271226	23466988	1661676	28547820	20473719	3412658	2169595	8965258	1536836	40925736	25841826
2021-06-20	67062117	294555	67642	226913	49200161	5653556	10533913	42667865	26068739	0.513	0.313	7644926	5826686	1124640	1761928	4910112	4346229	944820	1001588	2734814	1480457	179820	760340	43535876	23496614	1674487	28596904	20603257	3428605	2224951	8967869	1566044	40993378	26068739
2021-06-21	67689292	627175	206532	420643	49608381	5750871	10619289	42910661	26489382	0.516	0.319	7644926	5826686	1124640	1761928	4910112	4346229	944820	1001588	2734814	1480457	179820	760340	43931501	23726147	1710751	28764747	20843634	3453331	2297540	8981832	1637457	41199910	26489382
2021-06-22	68759718	1070426	369908	700518	50446696	5846549	10721674	43314617	27189900	0.521	0.327	7644926	5826686	1124640	1761928	4910112	4346229	944820	1001588	2734814	1480457	179820	760340	44369223	24354112	1744799	29088134	21358562	3483660	2362889	8998024	1723650	41569818	27189900
2021-06-23	70087766	1328048	482469	845579	51529394	5942115	10837106	43831438	28035479	0.527	0.337	7644926	5826686	1124640	1761928	4910112	4346229	944820	1001588	2734814	1480457	179820	760340	44808334	25237778	1779151	29520386	22009008	3513271	2428844	9018630	1818476	42052287	28035479
2021-06-24	71116858	1029092	483560	545532	52320795	6029155	10947598	44355157	28581011	0.533	0.344	7644926	5826686	1124640	1761928	4910112	4346229	944820	1001588	2734814	1480457	179820	760340	45239977	25830883	1819310	29947658	22373137	3548347	2480808	9039842	1907756	42535847	28581011
2021-06-25	72031053	914195	374657	539538	53008916	6105452	11057428	44769761	29120549	0.538	0.350	7644926	5826686	1124640	1761928	4910112	4346229	944820	1001588	2734814	1480457	179820	760340	45667427	26314646	1859257	30275975	22732941	3574868	2530584	9059661	1997767	42910504	29120549
2021-06-26	72439316	408263	135147	273116	53262495	6174478	11129890	44918104	29393665	0.540	0.353	7644926	5826686	1124640	1761928	4910112	4346229	944820	1001588	2734814	1480457	179820	760340	46011339	26378225	1872453	30379360	22883135	3600410	2574068	9065881	2064009	43045651	29393665
2021-06-27	72730889	291573	89546	202027	53435120	6232546	11186650	45011770	29595692	0.541	0.356	7644926	5826686	1124640	1761928	4910112	4346229	944820	1001588	2734814	1480457	179820	760340	46276839	26403445	1876573	30446264	22988856	3619659	2612887	9069274	2117376	43135197	29595692
2021-06-28	73356073	625184	240998	384186	53832529	6322245	11300376	45277118	29979878	0.544	0.360	7644926	5826686	1124640	1761928	4910112	4346229	944820	1001588	2734814	1480457	179820	760340	46685529	26617843	1900923	30641305	23191224	3651887	2670358	9083003	2217373	43376195	29979878
2021-06-29	74283606	927533	384969	542564	54512512	6414789	11433024	45684445	30522442	0.549	0.367	7644926	5826686	1124640	1761928	4910112	4346229	944820	1001588	2734814	1480457	179820	760340	47112420	27113831	1923281	30981674	23530838	3684781	2730008	9094709	2338315	43761164	30522442
2021-06-30	75299423	1015817	446156	569661	55275620	6508497	11569424	46153202	31092103	0.555	0.374	7644926	5826686	1124640	1761928	4910112	4346229	944820	1001588	2734814	1480457	179820	760340	47538877	27697962	1945882	31378635	23896985	3719507	2788990	9109178	2460246	44207320	31092103
2021-07-01	76276852	977429	449299	528130	56014890	6591530	11702140	46624911	31620233	0.561	0.380	7644926	5826686	1124640	1761928	4910112	4346229	944820	1001588	2734814	1480457	179820	760340	47941737	28268207	1968292	31783946	24230944	3749980	2841550	9122693	2579447	44656619	31620233
2021-07-02	77117958	841106	376643	464463	56661181	6685881	11781174	47022984	32084696	0.565	0.386	7644926	5826686	1124640	1761928	4910112	4346229	944820	1001588	2734814	1480457	179820	760340	48337706	28709971	1989722	32119692	24541489	3781681	2904200	9131889	2649285	45033262	32084696
2021-07-03	77494076	376118	148137	227981	56915816	6765155	11808272	47186232	32312677	0.567	0.389	7644926	5826686	1124640	1761928	4910112	4346229	944820	1001588	2734814	1480457	179820	760340	48646827	28776252	2004833	32240468	24675348	3806259	2958896	9134672	2673600	45181399	32312677
2021-07-04	77766612	272536	92628	179908	57097120	6833292	11822789	47287438	32492585	0.569	0.391	7644926	5826686	1124640	1761928	4910112	4346229	944820	1001588	2734814	1480457	179820	760340	48891844	28803194	2013411	32313225	24783895	3824688	3008604	9136114	2686675	45274027	32492585
2021-07-05	78300270	533658	194796	338862	57482106	6927583	11862320	47497084	32831447	0.571	0.395	7644926	5826686	1124640	1761928	4910112	4346229	944820	1001588	2734814	1480457	179820	760340	49233447	28993153	2028261	32477701	25004405	3850659	3076924	9140463	2721857	45468823	32831447
2021-07-06	79073908	773638	268560	505078	58096088	7026401	11907530	47781272	33336525	0.575	0.401	7644926	5826686	1124640	1761928	4910112	4346229	944820	1001588	2734814	1480457	179820	760340	49573413	29423099	2043889	32716473	25379615	3875902	3150499	9145008	2762522	45737383	33336525
2021-07-07	80064436	990528	322181	668347	58921138	7121735	11958815	48122312	34004872	0.579	0.409	7644926	5826686	1124640	1761928	4910112	4346229	944820	1001588	2734814	1480457	179820	760340	49925712	30056482	2062748	33008683	25912455	3900475	3221260	9150406	2808409	46059564	34004872
2021-07-08	80906140	841704	261536	580168	59600388	7222442	12001372	48403038	34585040	0.582	0.416	7644926	5826686	1124640	1761928	4910112	4346229	944820	1001588	2734814	1480457	179820	760340	50268214	30551427	2081938	33243525	26356863	3922892	3299550	9154683	2846689	46321100	34585040
2021-07-09	81658820	752680	218298	534382	60191190	7320816	12044457	48641755	35119422	0.585	0.422	7644926	5826686	1124640	1761928	4910112	4346229	944820	1001588	2734814	1480457	179820	760340	50611854	30956968	2102357	33439539	26751651	3940738	3380078	9159121	2885336	46539398	35119422
2021-07-10	82001565	342745	95357	247388	60418953	7404977	12065533	48746857	35366810	0.586	0.425	7644926	5826686	1124640	1761928	4910112	4346229	944820	1001588	2734814	1480457	179820	760340	50885690	31025280	2112102	33515347	26903606	3958848	3446129	9160560	2904973	46634755	35366810
2021-07-11	82229287	227722	60924	166798	60564591	7468483	12075818	48816074	35533608	0.587	0.427	7644926	5826686	1124640	1761928	4910112	4346229	944820	1001588	2734814	1480457	179820	760340	51094118	31044204	2120395	33561032	27003559	3973620	3494863	9161027	2914791	46695679	35533608
2021-07-12	82693512	464225	150072	314153	60911935	7547277	12099829	48980222	35847761	0.589	0.431	7644926	5826686	1124640	1761928	4910112	4346229	944820	1001588	2734814	1480457	179820	760340	51359890	31240232	2134471	33680353	27231582	4002500	3544777	9162898	2936931	46845751	35847761
2021-07-13	83450055	756543	179097	577446	61536482	7624883	12134373	49179165	36425207	0.591	0.438	7644926	5826686	1124640	1761928	4910112	4346229	944820	1001588	2734814	1480457	179820	760340	51613174	31739362	2154317	33831222	27705260	4028467	3596416	9165159	2969214	47024848	36425207
2021-07-14	84419743	969688	202131	767557	62364644	7696639	12181463	49403976	37192764	0.594	0.447	7644926	5826686	1124640	1761928	4910112	4346229	944820	1001588	2734814	1480457	179820	760340	51888321	32429200	2176997	34008502	28356142	4049653	3646986	9168824	3012639	47226979	37192764
2021-07-15	85181645	761902	170147	591755	62994929	7767466	12219993	49596383	37784519	0.596	0.454	7644926	5826686	1124640	1761928	4910112	4346229	944820	1001588	2734814	1480457	179820	760340	52144112	32931568	2199257	34156599	28838330	4068830	3698636	9171697	3048296	47397126	37784519
2021-07-16	85835193	653548	150186	503362	63530656	7831613	12251924	49768312	38287881	0.598	0.460	7644926	5826686	1124640	1761928	4910112	4346229	944820	1001588	2734814	1480457	179820	760340	52397102	33328254	2221000	34287668	29242988	4086031	3745582	9173613	3078311	47547312	38287881
2021-07-17	86104561	269368	70495	198873	63703665	7894726	12267554	49856423	38486754	0.599	0.463	7644926	5826686	1124640	1761928	4910112	4346229	944820	1001588	2734814	1480457	179820	760340	52608093	33384580	2238616	34341632	29362033	4101681	3793045	9174494	3093060	47617807	38486754
2021-07-18	86303396	198835	59191	139644	63838551	7936252	12278986	49926605	38626398	0.600	0.464	7644926	5826686	1124640	1761928	4910112	4346229	944820	1001588	2734814	1480457	179820	760340	52778304	33412623	2249607	34391289	29447262	4110943	3825309	9174766	3104220	47676998	38626398
2021-07-19	86680724	377328	90917	286411	64131502	7986703	12298754	50031680	38912809	0.602	0.468	7644926	5826686	1124640	1761928	4910112	4346229	944820	1001588	2734814	1480457	179820	760340	52973591	33592649	2263765	34467949	29663553	4123871	3862832	9176095	3122659	47767915	38912809
2021-07-20	87279253	598529	125742	472787	64645808	8034887	12320614	50171601	39385596	0.603	0.474	7644926	5826686	1124640	1761928	4910112	4346229	944820	1001588	2734814	1480457	179820	760340	53190008	33970767	2277944	34575578	30070230	4139457	3895430	9178622	3141992	47893657	39385596
2021-07-21	88022064	742811	154239	588572	65306232	8080831	12343341	50339556	39974168	0.605	0.481	7644926	5826686	1124640	1761928	4910112	4346229	944820	1001588	2734814	1480457	179820	760340	53421425	34477235	2291660	34715268	30590964	4152414	3928417	9180214	3163127	48047896	39974168
2021-07-22	88629502	607438	120715	486723	65838400	8124121	12362169	50473423	40460891	0.607	0.487	7644926	5826686	1124640	1761928	4910112	4346229	944820	1001588	2734814	1480457	179820	760340	53643747	34857754	2304812	34824537	31013863	4162479	3961642	9181595	3180574	48168611	40460891
2021-07-23	89187837	558335	112755	445580	66318647	8166283	12380664	50603609	40906471	0.608	0.492	7644926	5826686	1124640	1761928	4910112	4346229	944820	1001588	2734814	1480457	179820	760340	53871230	35185498	2322243	34926081	31392566	4172354	3993929	9182931	3197733	48281366	40906471
2021-07-24	89395601	207764	52042	155722	66469956	8203712	12388405	50666936	41062193	0.609	0.494	7644926	5826686	1124640	1761928	4910112	4346229	944820	1001588	2734814	1480457	179820	760340	54023035	35239989	2333528	34970107	31499849	4179606	4024106	9183695	3204710	48333408	41062193
2021-07-25	89518980	123379	31775	91604	66553116	8235123	12391682	50704242	41153797	0.610	0.495	7644926	5826686	1124640	1761928	4910112	4346229	944820	1001588	2734814	1480457	179820	760340	54126570	35258381	2339059	34995523	31557593	4185848	4049275	9183812	3207870	48365183	41153797
2021-07-26	89848049	329069	70670	258399	66819665	8274732	12403930	50785575	41412196	0.611	0.498	7644926	5826686	1124640	1761928	4910112	4346229	944820	1001588	2734814	1480457	179820	760340	54305395	35406924	2349722	35055616	31764049	4195337	4079395	9184900	3219030	48435853	41412196
2021-07-27	90385276	537227	96886	440341	67282888	8316646	12423654	50894827	41852537	0.612	0.503	7644926	5826686	1124640	1761928	4910112	4346229	944820	1001588	2734814	1480457	179820	760340	54505979	35739285	2362088	35142617	32140271	4203934	4112712	9186188	3237466	48532739	41852537
2021-07-28	91054835	669559	119855	549704	67870018	8363017	12446930	51027464	42402241	0.614	0.510	7644926	5826686	1124640	1761928	4910112	4346229	944820	1001588	2734814	1480457	179820	760340	54725382	36185608	2374870	35251918	32618100	4213258	4149759	9187418	3259512	48652594	42402241
2021-07-29	91605982	551147	102145	449002	68346734	8404861	12466549	51142577	42851243	0.615	0.515	7644926	5826686	1124640	1761928	4910112	4346229	944820	1001588	2734814	1480457	179820	760340	54916598	36541536	2387838	35344112	33002622	4222001	4182860	9188626	3277923	48754739	42851243
2021-07-30	92054374	448392	86255	362137	68723337	8447471	12483507	51241053	43213380	0.616	0.520	7644926	5826686	1124640	1761928	4910112	4346229	944820	1001588	2734814	1480457	179820	760340	55085424	36818387	2400059	35421258	33302079	4230060	4217411	9189676	3293831	48840994	43213380
