date	dosen_kumulativ	dosen_differenz_zum_vortag	dosen_erst_differenz_zum_vortag	dosen_zweit_differenz_zum_vortag	dosen_biontech_kumulativ	dosen_moderna_kumulativ	dosen_astrazeneca_kumulativ	personen_erst_kumulativ	personen_voll_kumulativ	impf_quote_erst	impf_quote_voll	indikation_alter_dosen	indikation_beruf_dosen	indikation_medizinisch_dosen	indikation_pflegeheim_dosen	indikation_alter_erst	indikation_beruf_erst	indikation_medizinisch_erst	indikation_pflegeheim_erst	indikation_alter_voll	indikation_beruf_voll	indikation_medizinisch_voll	indikation_pflegeheim_voll	dosen_dim_kumulativ	dosen_kbv_kumulativ	dosen_johnson_kumulativ	dosen_biontech_erst_kumulativ	dosen_biontech_zweit_kumulativ	dosen_moderna_erst_kumulativ	dosen_moderna_zweit_kumulativ	dosen_astrazeneca_erst_kumulativ	dosen_astrazeneca_zweit_kumulativ	dosen_erst_kumulativ	dosen_zweit_kumulativ
2020-12-27	24096	24096	24083	13	24094	2	0	24083	13	0.000	0.000	10705	8657	1305	12604	10664	8590	1305	12536	41	67	0	68	24096	0	0	24081	13	2	0	0	0	24083	13
2020-12-28	41978	17882	17743	139	41976	2	0	41826	152	0.001	0.000	18621	15788	1991	21344	18580	15721	1991	21276	41	67	0	68	41978	0	0	41824	152	2	0	0	0	41826	152
2020-12-29	91932	49954	49248	706	91929	2	1	91074	858	0.001	0.000	34989	40734	3107	40508	34724	40420	3107	40099	265	314	0	409	91932	0	0	91071	858	2	0	1	0	91074	858
2020-12-30	155356	63424	63303	121	155353	2	1	154377	979	0.002	0.000	55510	73365	4901	63206	55243	73050	4901	62794	267	315	0	412	155356	0	0	154374	979	2	0	1	0	154377	979
2020-12-31	205050	49694	49605	89	205047	2	1	203982	1068	0.002	0.000	72831	96719	6752	83965	72517	96367	6752	83476	314	352	0	489	205050	0	0	203979	1068	2	0	1	0	203982	1068
2021-01-01	230392	25342	25333	9	230381	7	4	229315	1077	0.003	0.000	81208	105449	7830	92301	80894	105097	7830	91812	314	352	0	489	230392	0	0	229305	1076	7	0	3	1	229315	1077
2021-01-02	278342	47950	47664	286	278331	7	4	276979	1363	0.003	0.000	102774	129731	10350	113258	102365	129304	10350	112629	409	427	0	629	278342	0	0	276969	1362	7	0	3	1	276979	1363
2021-01-03	300750	22408	22402	6	300738	8	4	299381	1369	0.004	0.000	113044	140227	11284	123279	112635	139800	11284	122650	409	427	0	629	300750	0	0	299370	1368	8	0	3	1	299381	1369
2021-01-04	346471	45721	45671	50	346458	9	4	345052	1419	0.004	0.000	129646	164913	13951	139091	129237	164486	13951	138462	409	427	0	629	346471	0	0	345040	1418	9	0	3	1	345052	1419
2021-01-05	398236	51765	51487	278	398222	10	4	396539	1697	0.005	0.000	147987	192565	16489	157656	147576	192117	16489	157025	411	448	0	631	398236	0	0	396526	1696	10	0	3	1	396539	1697
2021-01-06	460522	62286	62279	7	460499	16	7	458818	1704	0.006	0.000	169498	225530	19910	180812	169086	225082	19910	180181	412	448	0	631	460522	0	0	458797	1702	16	0	5	2	458818	1704
2021-01-07	514445	53923	53902	21	514418	19	8	512720	1725	0.006	0.000	189172	254868	22957	197233	188758	254418	22957	196600	414	450	0	633	514445	0	0	512695	1723	19	0	6	2	512720	1725
2021-01-08	576013	61568	61460	108	575934	70	9	574180	1833	0.007	0.000	211521	287315	26324	218219	211009	286711	26320	217449	512	604	4	770	576013	0	0	574103	1831	70	0	7	2	574180	1833
2021-01-09	635981	59968	59821	147	635899	73	9	634001	1980	0.008	0.000	237322	313238	29007	243325	236798	312599	29003	242545	524	639	4	780	635981	0	0	633921	1978	73	0	7	2	634001	1980
2021-01-10	671211	35230	35081	149	671121	81	9	669082	2129	0.008	0.000	252455	327794	30379	256315	251929	327151	30375	255535	526	643	4	780	671211	0	0	668995	2126	80	1	7	2	669082	2129
2021-01-11	738710	67499	67397	102	738605	94	11	736479	2231	0.009	0.000	277513	359176	33587	276774	276967	358513	33583	275968	546	663	4	806	738710	0	0	736383	2222	87	7	9	2	736479	2231
2021-01-12	816970	78260	78196	64	816849	109	12	814675	2295	0.010	0.000	305695	401338	36582	301731	305147	400670	36578	300888	548	668	4	843	816970	0	0	814564	2285	102	7	9	3	814675	2295
2021-01-13	927682	110712	110511	201	926391	1279	12	925186	2496	0.011	0.000	345167	458844	40485	337339	344574	458093	40466	336399	593	751	19	940	927682	0	0	923905	2486	1272	7	9	3	925186	2496
2021-01-14	1010714	83032	82843	189	1004278	6424	12	1008029	2685	0.012	0.000	374803	501101	42769	361463	374094	500254	42750	360452	709	847	19	1011	1010714	0	0	1001647	2631	6373	51	9	3	1008029	2685
2021-01-15	1101123	90409	89563	846	1089417	11689	17	1097592	3531	0.013	0.000	408725	545673	46728	389202	407810	544625	46700	387982	915	1048	28	1220	1101123	0	0	1085940	3477	11638	51	14	3	1097592	3531
2021-01-16	1158464	57341	56319	1022	1145078	13368	18	1153911	4553	0.014	0.000	432983	570627	48859	408798	431664	569232	48767	407047	1319	1395	92	1751	1158464	0	0	1140579	4499	13317	51	15	3	1153911	4553
2021-01-17	1206018	47554	29783	17771	1191370	14629	19	1183694	22324	0.014	0.000	453449	591002	50884	428544	444215	583354	50014	417145	9234	7648	870	11399	1206018	0	0	1169100	22270	14578	51	16	3	1183694	22324
2021-01-18	1287845	81827	66153	15674	1269054	18771	20	1249847	37998	0.015	0.000	482728	633883	53106	448900	467235	619730	51700	430238	15493	14153	1406	18662	1287845	0	0	1231112	37942	18718	53	17	3	1249847	37998
2021-01-19	1406595	118750	82338	36412	1384135	22432	28	1332185	74410	0.016	0.001	519765	695968	56714	479843	492669	666683	54375	447938	27096	29285	2339	31905	1406595	0	0	1309785	74350	22375	57	25	3	1332185	74410
2021-01-20	1538700	132105	77579	54526	1513495	25174	31	1409764	128936	0.017	0.002	568076	760039	60957	522078	522876	706310	57505	469463	45200	53729	3452	52615	1538700	0	0	1384619	128876	25117	57	28	3	1409764	128936
2021-01-21	1643688	104988	63656	41332	1615741	27914	33	1473420	170268	0.018	0.002	610150	808503	65406	556195	549621	735602	60889	487988	60529	72901	4517	68207	1643688	0	0	1445535	170206	27856	58	29	4	1473420	170268
2021-01-22	1745175	101487	68028	33459	1715033	30101	41	1541448	203727	0.019	0.002	654049	853889	69013	590642	579902	764987	63599	506975	74147	88902	5414	83667	1745175	0	0	1511373	203660	30038	63	37	4	1541448	203727
2021-01-23	1831607	86432	40428	46004	1801108	30455	44	1581876	249731	0.019	0.003	691767	890989	72414	617916	599855	780966	64783	516268	91912	110023	7631	101648	1831607	0	0	1551445	249663	30391	64	40	4	1581876	249731
2021-01-24	1878896	47289	25454	21835	1848194	30654	48	1607330	271566	0.019	0.003	715655	910067	73331	632982	614016	789814	65130	521524	101639	120253	8201	111458	1878896	0	0	1576696	271498	30590	64	44	4	1607330	271566
2021-01-25	1969827	90931	52261	38670	1937705	32071	51	1659591	310236	0.020	0.004	756375	951632	76827	658117	642321	811974	66847	534304	114054	139658	9980	123813	1969827	0	0	1627540	310165	32004	67	47	4	1659591	310236
2021-01-26	2067241	97414	50605	46809	2033677	33506	58	1710196	357045	0.021	0.004	796572	997196	80614	684405	667753	831436	68195	545278	128819	165760	12419	139127	2067241	0	0	1676707	356970	33435	71	54	4	1710196	357045
2021-01-27	2176549	109308	50767	58541	2141191	35292	66	1760963	415586	0.021	0.005	839834	1049509	85786	715259	691463	852265	70042	556304	148371	197244	15744	158955	2176549	0	0	1725692	415499	35209	83	62	4	1760963	415586
2021-01-28	2268787	92238	46354	45884	2231798	36920	69	1807317	461470	0.022	0.006	877990	1090332	89974	739697	713483	869115	71590	567469	164507	221217	18384	172228	2268787	0	0	1770503	461295	36749	171	65	4	1807317	461470
2021-01-29	2376417	107630	49945	57685	2337942	38400	75	1857262	519155	0.022	0.006	920894	1138243	95507	769100	735839	888487	73819	578309	185055	249756	21688	190791	2376417	0	0	1818963	518979	38228	172	71	4	1857262	519155
2021-01-30	2464429	88012	34358	53654	2425072	39280	77	1891620	572809	0.023	0.007	957412	1174692	99468	796433	752473	901967	75224	586328	204939	272725	24244	210105	2464429	0	0	1852442	572630	39106	174	72	5	1891620	572809
2021-01-31	2521299	56870	25751	31119	2481561	39656	82	1917371	603928	0.023	0.007	982865	1196922	101575	812430	766590	910861	76411	592657	216275	286061	25164	219773	2521299	0	0	1877821	603740	39474	182	76	6	1917371	603928
2021-02-01	2640760	119461	57968	61493	2598762	41865	133	1975339	665421	0.024	0.008	1026174	1260299	105285	839830	787193	944041	78273	602425	238981	316258	27012	237405	2640760	0	0	1933531	665231	41681	184	127	6	1975339	665421
2021-02-02	2772771	132011	64793	67218	2727699	44926	146	2040132	732639	0.025	0.009	1069633	1330364	110479	870030	806216	982089	80866	611659	263417	348275	29613	258371	2772771	0	0	1995251	732448	44741	185	140	6	2040132	732639
2021-02-03	2933821	161050	63517	97533	2882394	51254	172	2103650	830172	0.025	0.010	1128983	1407775	116405	912544	829819	1014401	83062	623312	299164	393374	33343	289232	2933821	0	1	2052420	829974	51063	191	166	6	2103649	830172
2021-02-04	3066854	133033	61195	71838	3009589	57087	177	2164845	902010	0.026	0.011	1177986	1472437	120972	943857	851937	1046473	85311	632945	326049	425964	35661	310912	3066854	0	1	2107780	901809	56893	194	171	6	2164844	902010
2021-02-05	3213244	146390	68900	77490	3149521	63537	185	2233745	979500	0.027	0.012	1232524	1542580	126293	977786	877231	1080338	86905	644262	355293	462242	39388	333524	3213244	0	1	2170357	979164	63209	328	178	7	2233744	979500
2021-02-06	3306908	93664	45374	48290	3240558	66163	186	2279119	1027790	0.027	0.012	1272514	1588658	130853	1003590	896490	1101898	88782	653957	376024	486760	42071	349633	3306908	0	1	2213104	1027454	65835	328	179	7	2279118	1027790
2021-02-07	3360217	53309	28252	25057	3291538	68490	188	2307371	1052847	0.028	0.013	1298155	1609930	133571	1016823	910800	1112720	90015	659435	387355	497210	43556	357388	3360217	0	1	2239028	1052510	68161	329	181	7	2307370	1052847
2021-02-08	3469066	108849	52863	55986	3396539	72311	215	2360234	1108833	0.028	0.013	1350672	1655734	137545	1035599	942269	1129343	91902	666781	408403	526391	45643	368818	3469066	0	1	2288044	1108495	71981	330	208	7	2360233	1108833
2021-02-09	3603157	134091	60231	73860	3527083	75745	328	2420465	1182693	0.029	0.014	1411842	1714380	141993	1058512	978151	1147503	94639	674792	433691	566877	47354	383720	3603157	0	1	2344918	1182165	75225	520	321	7	2420464	1182693
2021-02-10	3757352	154195	77370	76825	3668712	79980	8659	2497835	1259518	0.030	0.015	1478760	1781046	146001	1087933	1017461	1175177	96286	685176	461299	605869	49715	402757	3757352	0	1	2410715	1257997	78479	1501	8640	19	2497834	1259518
2021-02-11	3901085	143733	75244	68489	3788865	87245	24972	2573081	1328007	0.031	0.016	1539776	1848576	151475	1113070	1052428	1208053	98713	694775	487348	640523	52762	418295	3901085	0	3	2465425	1323440	82714	4531	24939	33	2573078	1328007
2021-02-12	4056282	155197	79540	75657	3920545	96543	39188	2652624	1403664	0.032	0.017	1611268	1919253	157751	1138545	1094198	1240389	101429	704318	517070	678864	56322	434227	4056282	0	6	2526502	1394043	87285	9258	38831	357	2652618	1403664
2021-02-13	4163678	107396	61948	45448	4011334	99800	52537	2714573	1449112	0.033	0.017	1667599	1960972	162355	1156080	1129093	1262877	103231	711418	538506	698095	59124	444662	4163678	0	7	2573396	1437938	88997	10803	52173	364	2714566	1449112
2021-02-14	4228914	65236	39523	25713	4066848	102275	59783	2754097	1474825	0.033	0.018	1706122	1983696	163973	1164146	1153761	1276081	104081	714928	552361	707615	59892	449218	4228914	0	8	2604424	1462424	90267	12008	59398	385	2754089	1474825
2021-02-15	4354213	125299	69557	55742	4171462	107505	75237	2823655	1530567	0.034	0.018	1773591	2031897	168008	1183418	1194859	1300739	106358	721524	578732	731158	61650	461894	4354213	0	9	2656271	1515191	92540	14965	74835	402	2823646	1530567
2021-02-16	4488283	134070	77720	56350	4279868	113623	94782	2901376	1586917	0.035	0.019	1839625	2089928	170683	1200400	1236633	1336138	107879	728440	602992	753790	62804	471960	4488283	0	10	2711733	1568135	95265	18358	94368	414	2901366	1586917
2021-02-17	4639004	150721	94433	56288	4401861	121623	115509	2995810	1643205	0.036	0.020	1920033	2147919	175770	1221928	1292995	1368705	110873	736858	627038	779214	64897	485070	4639004	0	11	2780638	1621223	100078	21545	115083	426	2995799	1643205
2021-02-18	4783217	144213	91234	52979	4514036	129844	139325	3087045	1696184	0.037	0.020	1995907	2206102	179208	1240945	1345328	1403985	112659	744258	650579	802117	66549	496687	4783217	0	12	2843381	1670655	104757	25087	138895	430	3087033	1696184
2021-02-19	4941425	158208	102755	55453	4634875	139807	166730	3189801	1751637	0.038	0.021	2076668	2266444	184080	1258305	1402958	1440066	115287	750941	673710	826378	68793	507364	4941425	0	13	2911884	1722991	111710	28097	166194	536	3189788	1751637
2021-02-20	5053478	112053	75802	36251	4721244	144271	187949	3265604	1787888	0.039	0.021	2138268	2310157	187738	1272296	1445964	1469322	117533	755178	692304	840835	70205	517118	5053478	0	14	2962446	1758798	115741	28530	187403	546	3265590	1787888
2021-02-21	5139286	85808	57436	28372	4787761	147912	203598	3323041	1816260	0.040	0.022	2187054	2340674	190304	1282667	1479917	1489494	118664	757407	707137	851180	71640	525260	5139286	0	15	3000757	1787004	119223	28689	203046	552	3323026	1816260
2021-02-22	5294587	155301	97617	57684	4910492	156906	227173	3420659	1873944	0.041	0.023	2266701	2410287	195201	1300517	1538362	1525084	121627	763642	728339	885203	73574	536875	5294587	0	16	3067585	1842907	126449	30457	226609	564	3420643	1873944
2021-02-23	5464204	169617	109132	60485	5044066	164117	256004	3529792	1934429	0.042	0.023	2346910	2483166	200501	1318387	1598211	1563793	124757	771284	748699	919373	75744	547103	5464204	0	17	3142346	1901720	132001	32116	255428	576	3529775	1934429
2021-02-24	5639838	175634	116495	59139	5175434	171728	292658	3646288	1993568	0.044	0.024	2431789	2557990	207079	1337422	1660503	1608669	128907	778912	771286	949321	78172	558510	5639838	0	18	3216280	1959154	137926	33802	292064	594	3646270	1993568
2021-02-25	5828620	188782	129788	58994	5306610	178489	343503	3776076	2052562	0.045	0.025	2514175	2648479	213515	1355541	1722988	1667176	133470	787131	791187	981303	80045	568410	5828620	0	18	3290003	2016607	143158	35331	342897	606	3776058	2052562
2021-02-26	6040958	212338	145504	66834	5447313	187322	406305	3921580	2119396	0.047	0.025	2602819	2749814	220591	1375230	1787946	1735795	138593	794627	814873	1014019	81998	580603	6040958	0	18	3365560	2081753	150374	36948	405628	677	3921562	2119396
2021-02-27	6188718	147760	107866	39894	5539992	191405	457303	4029446	2159290	0.048	0.026	2666475	2822116	227301	1388101	1833818	1790224	143432	799030	832657	1031892	83869	589071	6188718	0	18	3419085	2120907	153725	37680	456618	685	4029428	2159290
2021-02-28	6291588	102870	78809	24061	5601287	195358	494924	4108256	2183351	0.049	0.026	2714700	2875405	231582	1394762	1868893	1834535	146785	801170	845807	1040870	84797	593592	6291588	0	19	3456690	2144597	157326	38032	494221	703	4108237	2183351
2021-03-01	6489719	198131	148319	49812	5731455	204981	553264	4256575	2233163	0.051	0.027	2817221	2953369	239381	1408021	1943445	1896228	153263	806209	873776	1057141	86118	601812	6489719	0	19	3539083	2192372	164927	40054	552546	718	4256556	2233163
2021-03-02	6708313	218594	166493	52101	5871224	214976	622094	4423068	2285264	0.053	0.027	2927307	3047588	248982	1422628	2022735	1971725	160632	812692	904572	1075863	88350	609936	6708313	0	19	3629648	2241576	172046	42930	621355	739	4423049	2285264
2021-03-03	6954385	246072	175853	70219	6028000	229924	696442	4598921	2355483	0.055	0.028	3047976	3148969	260606	1439862	2105531	2048823	170041	819606	942445	1100146	90565	620256	6954385	0	19	3722156	2305844	181118	48806	695628	814	4598902	2355483
2021-03-04	7198849	244464	181650	62814	6169050	244396	785384	4780571	2418297	0.057	0.029	3159240	3258741	272992	1455625	2181653	2136963	180034	825002	977587	1121778	92958	630623	7198849	0	19	3805830	2363220	190194	54202	784528	856	4780552	2418297
2021-03-05	7474483	275634	207128	68506	6318518	257765	898180	4987700	2486803	0.060	0.030	3277185	3383782	287941	1471072	2258903	2242620	191990	830697	1018282	1141162	95951	640375	7474483	0	20	3892802	2425716	197603	60162	897275	905	4987680	2486803
2021-03-06	7676207	201724	153075	48649	6427759	266207	982221	5140775	2535452	0.062	0.030	3366696	3478463	298371	1480590	2314602	2325555	200824	833966	1052094	1152908	97547	646624	7676207	0	20	3955653	2472106	203807	62400	981295	926	5140755	2535452
2021-03-07	7823778	147571	114087	33484	6507517	272864	1043377	5254862	2568936	0.063	0.031	3437978	3544531	306478	1486155	2360956	2383880	208082	835928	1077022	1160651	98396	650227	7823778	0	20	4004285	2503232	208126	64738	1042431	946	5254842	2568936
2021-03-08	8061288	237510	185921	51589	6641466	283819	1135983	5440783	2620525	0.065	0.032	3556806	3640371	322827	1498475	2442587	2468035	222757	841890	1114219	1172336	100070	656585	8061288	0	20	4090048	2551418	215718	68101	1134997	986	5440763	2620525
2021-03-09	8313534	252246	197395	54851	6781583	296604	1235327	5638178	2675376	0.068	0.032	3677710	3742787	340236	1512022	2524321	2558568	238262	848791	1153389	1184219	101974	663231	8313534	0	20	4178851	2602732	225030	71574	1234277	1050	5638158	2675376
2021-03-10	8601720	288186	221145	67041	6940643	308638	1352418	5859324	2742417	0.070	0.033	3808598	3856306	360962	1530389	2606688	2661880	256906	860000	1201910	1194426	104056	670389	8600749	971	21	4274483	2666160	233506	75132	1351314	1104	5859303	2742417
2021-03-11	8885880	284160	223282	60878	7088300	322355	1475204	6082606	2803295	0.073	0.034	3937470	3976178	382106	1544008	2689957	2769533	276555	867677	1247513	1206645	105551	676331	8884254	1626	21	4365666	2722634	242875	79480	1474044	1160	6082585	2803295
2021-03-12	9212380	326500	255651	70849	7239903	339650	1632806	6338257	2874144	0.076	0.035	4071484	4127850	404783	1559463	2770420	2906954	297406	877132	1301064	1220896	107377	682331	9210544	1836	21	4451215	2788688	255577	84073	1631444	1362	6338236	2874144
2021-03-13	9453015	240635	190356	50279	7355936	349217	1747841	6528613	2924423	0.079	0.035	4181046	4240796	425293	1567511	2840453	3011727	316755	881879	1340593	1229069	108538	685632	9451023	1992	21	4518422	2837514	263803	85414	1746367	1474	6528592	2924423
2021-03-14	9623077	170062	134412	35650	7443954	354729	1824373	6663025	2960073	0.080	0.036	4266043	4307307	441408	1570975	2896461	3072888	331859	883676	1369582	1234419	109549	687299	9621075	2002	21	4571786	2872168	268340	86389	1822878	1495	6663004	2960073
2021-03-15	9870780	247703	188478	59225	7596730	367466	1906563	6851503	3019298	0.082	0.036	4400463	4391447	461474	1582289	2984151	3147219	350790	890548	1416312	1244228	110684	691741	9868495	2285	21	4667126	2929604	279377	88089	1904979	1584	6851482	3019298
2021-03-16	10049678	178898	110762	68136	7763360	378717	1907580	6962265	3087434	0.084	0.037	4527474	4426082	473886	1593025	3059300	3169255	361553	895647	1468174	1256827	112333	697378	10046846	2832	21	4768108	2995252	288143	90574	1905993	1587	6962244	3087434
2021-03-17	10254616	204938	124045	80893	7949564	396704	1908327	7086310	3168327	0.085	0.038	4672447	4463838	487350	1605072	3141952	3193652	373040	902175	1530495	1270186	114310	702897	10251167	3449	21	4878231	3071333	301323	95381	1906735	1592	7086289	3168327
2021-03-18	10448110	193494	117928	75566	8123742	414861	1909486	7204238	3243893	0.087	0.039	4812398	4498757	499905	1615322	3222615	3215628	383588	907340	1589783	1283129	116317	707982	10444238	3872	21	4982044	3141698	314280	100581	1907893	1593	7204217	3243893
2021-03-19	10692838	244728	160604	84124	8309163	435619	1948035	7364842	3328017	0.089	0.040	4961948	4563922	518114	1627194	3306761	3267408	399605	914537	1655187	1296514	118509	712657	10688435	4403	21	5090174	3218989	328262	107357	1946385	1650	7364821	3328017
2021-03-20	10913160	220322	167063	53259	8444574	450908	2017657	7531905	3381276	0.091	0.041	5078536	4641917	537715	1633319	3379545	3337212	417708	917920	1698991	1304705	120007	715399	10908433	4727	21	5176185	3268389	339723	111185	2015976	1681	7531884	3381276
2021-03-21	11077708	164548	126363	38185	8546783	460100	2070804	7658268	3419461	0.092	0.041	5171749	4694283	554274	1635819	3440184	3384099	433219	919244	1731565	1310184	121055	716575	11072981	4727	21	5243479	3303304	345671	114429	2069097	1707	7658247	3419461
2021-03-22	11346918	269210	192823	76387	8713237	483886	2149774	7851091	3495848	0.094	0.042	5329624	4766248	576579	1645397	3534739	3445389	453483	925279	1794885	1320859	123096	720118	11340663	6255	21	5341002	3372235	362055	121831	2148013	1761	7851070	3495848
2021-03-23	11647547	300629	216887	83742	8894665	503518	2249343	8067978	3579590	0.097	0.043	5490190	4854892	604288	1656865	3629814	3521119	478432	932910	1860376	1333773	125856	723955	11636304	11243	21	5443658	3451007	376773	126745	2247526	1817	8067957	3579590
2021-03-24	11986488	338941	249341	89600	9094730	536543	2355194	8317319	3669190	0.100	0.044	5664852	4952071	635971	1672375	3732242	3605792	507202	944863	1932610	1346279	128769	727512	11969453	17035	21	5559505	3535225	404492	132051	2353301	1893	8317298	3669190
2021-03-25	12319028	332540	251403	81137	9280139	564206	2474662	8568722	3750327	0.103	0.045	5830941	5060081	670798	1683452	3832663	3703768	539527	951994	1998278	1356313	131271	731458	12296048	22980	21	5669458	3610681	426584	137622	2472659	2003	8568701	3750327
2021-03-26	12692693	373665	285274	88391	9479602	601368	2611702	8853996	3838718	0.106	0.046	6003833	5184282	710463	1698535	3933360	3816071	576057	962322	2070473	1368211	134406	736213	12663399	29294	21	5787325	3692277	457041	144327	2609609	2093	8853975	3838718
2021-03-27	12973965	281272	218945	62327	9629198	628996	2715749	9072942	3901045	0.109	0.047	6147056	5279869	744190	1703356	4023632	3903670	607441	965464	2123424	1376199	136749	737892	12942321	31644	22	5877760	3751438	481558	147438	2713602	2147	9072920	3901045
2021-03-28	13170371	196406	143159	53247	9744560	647504	2778285	9216101	3954292	0.111	0.048	6253046	5333384	768116	1706823	4085867	3950861	629648	967502	2167179	1382523	138468	739321	13138536	31835	22	5943200	3801360	496793	150711	2776086	2199	9216079	3954292
2021-03-29	13475846	305475	216923	88552	9933224	672403	2870197	9433024	4042844	0.113	0.049	6418833	5404751	806706	1716518	4180272	4010842	665103	973637	2238561	1393909	141603	742881	13438063	37783	22	6050175	3883049	514889	157514	2867938	2259	9433002	4042844
2021-03-30	13804830	328984	236456	92528	10151882	696795	2956131	9669480	4135372	0.116	0.050	6591913	5474211	853024	1727240	4280843	4069380	706095	981320	2311070	1404831	146929	745920	13754911	49919	22	6182791	3969091	532855	163940	2953812	2319	9669458	4135372
2021-03-31	14141007	336177	234699	101478	10399342	732840	3008803	9904179	4236850	0.119	0.051	6774517	5538855	899988	1738789	4384637	4121392	747318	988525	2389880	1417463	152670	750264	14074773	66234	22	6336773	4062569	560936	171904	3006448	2355	9904157	4236850
2021-04-01	14467403	326396	235872	90524	10637992	765294	3064095	10140051	4327374	0.122	0.052	6936269	5606629	944397	1747554	4476928	4175958	787230	994147	2459341	1430671	157167	753407	14381090	86313	22	6492838	4145154	585493	179801	3061698	2397	10140029	4327374
2021-04-02	14693082	225679	157721	67958	10817512	779680	3095868	10297772	4395332	0.124	0.053	7067172	5654574	981393	1749910	4552089	4213818	820223	995356	2515083	1440756	161170	754554	14605245	87837	22	6608768	4208744	595538	184142	3093444	2424	10297750	4395332
2021-04-03	14924864	231782	167473	64309	10991607	795484	3137751	10465245	4459641	0.126	0.054	7198861	5698683	1018737	1753036	4633025	4248782	853330	997097	2565836	1449901	165407	755939	14835628	89236	22	6723438	4268169	606496	188988	3135289	2462	10465223	4459641
2021-04-04	15117819	192955	142599	50356	11123819	805553	3188425	10607844	4509997	0.128	0.054	7309766	5731715	1048001	1754173	4704262	4274251	879171	997551	2605504	1457464	168830	756622	15028447	89372	22	6809228	4314591	612674	192879	3185920	2505	10607822	4509997
2021-04-05	15365602	247783	177613	70170	11288778	823415	3253387	10785457	4580167	0.130	0.055	7456036	5770066	1081529	1756372	4794323	4302940	907924	998846	2661713	1467126	173605	757526	15274920	90682	22	6908828	4379950	625756	197659	3250851	2536	10785435	4580167
2021-04-06	15739266	373664	278999	94665	11543666	855626	3339952	11064456	4674832	0.133	0.056	7644926	5826686	1124640	1761928	4910112	4346229	944820	1001588	2734814	1480457	179820	760340	15611957	127309	22	7077811	4465855	649275	206351	3337348	2604	11064434	4674832
2021-04-07	16407106	667840	571548	96292	12085756	892544	3428784	11636004	4771124	0.140	0.057	7644926	5826686	1124640	1761928	4910112	4346229	944820	1001588	2734814	1480457	179820	760340	15974133	432973	22	7532220	4553536	677664	214880	3426098	2686	11635982	4771124
2021-04-08	17105593	698487	610962	87525	12657001	928107	3520463	12246966	4858649	0.147	0.058	7644926	5826686	1124640	1761928	4910112	4346229	944820	1001588	2734814	1480457	179820	760340	16347742	757851	22	8024927	4632074	704320	223787	3517697	2766	12246944	4858649
2021-04-09	17737181	631588	542718	88870	13147022	964639	3625498	12789684	4947519	0.154	0.059	7644926	5826686	1124640	1761928	4910112	4346229	944820	1001588	2734814	1480457	179820	760340	16739827	997354	22	8437590	4709432	729422	235217	3622650	2848	12789662	4947519
2021-04-10	18109775	372594	307542	65052	13395514	987880	3726359	13097226	5012571	0.157	0.060	7644926	5826686	1124640	1761928	4910112	4346229	944820	1001588	2734814	1480457	179820	760340	17079375	1030400	22	8628772	4766742	744983	242897	3723449	2910	13097204	5012571
2021-04-11	18373682	263907	213588	50319	13565893	1006556	3801211	13310814	5062890	0.160	0.061	7644926	5826686	1124640	1761928	4910112	4346229	944820	1001588	2734814	1480457	179820	760340	17338203	1035479	22	8752854	4813039	759713	246843	3798225	2986	13310792	5062890
2021-04-12	18792156	418474	342100	76374	13844734	1035739	3911660	13652915	5139264	0.164	0.062	7644926	5826686	1124640	1761928	4910112	4346229	944820	1001588	2734814	1480457	179820	760340	17708170	1083986	23	8963846	4880888	780426	255313	3908620	3040	13652892	5139264
2021-04-13	19368911	576755	503116	73639	14277005	1062953	4028930	14156031	5212903	0.170	0.063	7644926	5826686	1124640	1761928	4910112	4346229	944820	1001588	2734814	1480457	179820	760340	18088795	1280116	23	9328110	4948895	802201	260752	4025697	3233	14156008	5212903
2021-04-14	20143769	774858	691702	83156	14893433	1096490	4153823	14847733	5296059	0.179	0.064	7644926	5826686	1124640	1761928	4910112	4346229	944820	1001588	2734814	1480457	179820	760340	18489856	1653913	23	9870443	5022990	827235	269255	4150032	3791	14847710	5296059
2021-04-15	20823756	679987	609938	70049	15427251	1132696	4263785	15457672	5366108	0.186	0.065	7644926	5826686	1124640	1761928	4910112	4346229	944820	1001588	2734814	1480457	179820	760340	18874214	1949542	24	10343766	5083485	854831	277865	4259051	4734	15457648	5366108
2021-04-16	21420089	596333	522289	74044	15865304	1165181	4389580	15979961	5440152	0.192	0.065	7644926	5826686	1124640	1761928	4910112	4346229	944820	1001588	2734814	1480457	179820	760340	19275708	2144381	24	10716901	5148403	878993	286188	4384043	5537	15979937	5440152
2021-04-17	21786078	365989	309377	56612	16090208	1187861	4507985	16289338	5496764	0.196	0.066	7644926	5826686	1124640	1761928	4910112	4346229	944820	1001588	2734814	1480457	179820	760340	19619893	2166185	24	10893812	5196396	894541	293320	4500961	7024	16289314	5496764
2021-04-18	22055479	269401	230403	38998	16262247	1203244	4589964	16519741	5535762	0.199	0.067	7644926	5826686	1124640	1761928	4910112	4346229	944820	1001588	2734814	1480457	179820	760340	19884683	2170796	24	11031911	5230336	906033	297211	4581773	8191	16519717	5535762
2021-04-19	22457702	402223	340862	61361	16556042	1236160	4665475	16860604	5597123	0.203	0.067	7644926	5826686	1124640	1761928	4910112	4346229	944820	1001588	2734814	1480457	179820	760340	20242575	2215127	25	11273580	5282462	931033	305127	4655966	9509	16860579	5597123
2021-04-20	23018363	560661	498014	62647	16938006	1275377	4804955	17358618	5659770	0.209	0.068	7644926	5826686	1124640	1761928	4910112	4346229	944820	1001588	2734814	1480457	179820	760340	20608785	2409578	25	11601568	5336438	963656	311721	4793369	11586	17358593	5659770
2021-04-21	23739106	720743	647740	73003	17392235	1317064	5029782	18006358	5732773	0.217	0.069	7644926	5826686	1124640	1761928	4910112	4346229	944820	1001588	2734814	1480457	179820	760340	20990380	2748726	25	11993291	5398944	997296	319768	5015746	14036	18006333	5732773
2021-04-22	24377534	638428	571309	67119	17773969	1360711	5242829	18577667	5799892	0.223	0.070	7644926	5826686	1124640	1761928	4910112	4346229	944820	1001588	2734814	1480457	179820	760340	21361549	3015985	25	12319161	5454808	1033313	327398	5225168	17661	18577642	5799892
2021-04-23	24933431	555897	487078	68819	18127154	1404247	5402005	19064745	5868711	0.229	0.071	7644926	5826686	1124640	1761928	4910112	4346229	944820	1001588	2734814	1480457	179820	760340	21749251	3184180	25	12617565	5509589	1066369	337878	5380786	21219	19064720	5868711
2021-04-24	25298815	365384	306422	58962	18362163	1453589	5483038	19371167	5927673	0.233	0.071	7644926	5826686	1124640	1761928	4910112	4346229	944820	1001588	2734814	1480457	179820	760340	22097724	3201091	25	12811351	5550812	1100336	353253	5459455	23583	19371142	5927673
2021-04-25	25581588	282773	233705	49068	18549968	1487268	5544327	19604872	5976741	0.236	0.072	7644926	5826686	1124640	1761928	4910112	4346229	944820	1001588	2734814	1480457	179820	760340	22374683	3206905	25	12961754	5588214	1124148	363120	5518945	25382	19604847	5976741
2021-04-26	26014335	432747	358788	73959	18867857	1529761	5616623	19963729	6050700	0.240	0.073	7644926	5826686	1124640	1761928	4910112	4346229	944820	1001588	2734814	1480457	179820	760340	22720838	3293497	94	13218138	5649719	1158251	371510	5587246	29377	19963635	6050700
2021-04-27	26799428	785093	693235	91858	19544428	1581296	5673149	20657425	6142558	0.248	0.074	7644926	5826686	1124640	1761928	4910112	4346229	944820	1001588	2734814	1480457	179820	760340	23091051	3708377	555	13816911	5727517	1200664	380632	5639295	33854	20656870	6142558
2021-04-28	27922055	1122627	995843	126784	20552666	1641859	5726258	21653985	6269342	0.260	0.075	7644926	5826686	1124640	1761928	4910112	4346229	944820	1001588	2734814	1480457	179820	760340	23484595	4437460	1272	14716581	5836085	1248847	393012	5687285	38973	21652713	6269342
2021-04-29	28867546	945491	812103	133388	21377000	1705480	5782913	22466969	6402730	0.270	0.077	7644926	5826686	1124640	1761928	4910112	4346229	944820	1001588	2734814	1480457	179820	760340	23872018	4995528	2153	15428671	5948329	1300088	405392	5736057	46856	22464816	6402730
2021-04-30	29670691	803145	666163	136982	22055334	1762758	5849613	23133965	6539712	0.278	0.079	7644926	5826686	1124640	1761928	4910112	4346229	944820	1001588	2734814	1480457	179820	760340	24275317	5395374	2986	15995492	6059842	1342125	420633	5793362	56251	23130979	6539712
2021-05-01	30006718	336027	259766	76261	22308176	1804271	5888711	23396305	6615973	0.281	0.080	7644926	5826686	1124640	1761928	4910112	4346229	944820	1001588	2734814	1480457	179820	760340	24586694	5420024	5560	16187083	6121093	1377231	427040	5826431	62280	23390745	6615973
2021-05-02	30271628	264910	197528	67382	22503757	1841810	5918694	23595640	6683355	0.284	0.080	7644926	5826686	1124640	1761928	4910112	4346229	944820	1001588	2734814	1480457	179820	760340	24843949	5427679	7367	16326925	6176832	1409518	432292	5851830	66864	23588273	6683355
2021-05-03	30723195	451567	335210	116357	22821662	1912415	5980163	23932438	6799712	0.288	0.082	7644926	5826686	1124640	1761928	4910112	4346229	944820	1001588	2734814	1480457	179820	760340	25201656	5521539	8955	16553868	6267794	1466926	445489	5902689	77474	23923483	6799712
2021-05-04	31565734	842539	680843	161696	23447956	1975559	6130303	24616242	6961408	0.296	0.084	7644926	5826686	1124640	1761928	4910112	4346229	944820	1001588	2734814	1480457	179820	760340	25576943	5988791	11916	17048373	6399583	1516832	458727	6039121	91182	24604326	6961408
2021-05-05	32712239	1146505	914676	231829	24298718	2054542	6342592	25535389	7193237	0.307	0.086	7644926	5826686	1124640	1761928	4910112	4346229	944820	1001588	2734814	1480457	179820	760340	25997484	6714755	16387	17714157	6584561	1570315	484227	6234530	108062	25519002	7193237
2021-05-06	33702206	989967	766962	223005	24991186	2146471	6543967	26306546	7416242	0.316	0.089	7644926	5826686	1124640	1761928	4910112	4346229	944820	1001588	2734814	1480457	179820	760340	26412340	7289866	20582	18229653	6761533	1639857	506614	6416454	127513	26285964	7416242
2021-05-07	34591953	889747	651866	237881	25578098	2233177	6756241	26962267	7654123	0.324	0.092	7644926	5826686	1124640	1761928	4910112	4346229	944820	1001588	2734814	1480457	179820	760340	26858071	7733882	24437	18642756	6935342	1695601	537576	6599473	156768	26937830	7654123
2021-05-08	35017679	425726	271679	154047	25845773	2304953	6840798	27235664	7808170	0.327	0.094	7644926	5826686	1124640	1761928	4910112	4346229	944820	1001588	2734814	1480457	179820	760340	27223306	7794373	26155	18797553	7048220	1747551	557402	6664405	176393	27209509	7808170
2021-05-09	35303803	286124	183572	102552	26039672	2361518	6875392	27420302	7910722	0.330	0.095	7644926	5826686	1124640	1761928	4910112	4346229	944820	1001588	2734814	1480457	179820	760340	27498395	7805408	27221	18912192	7127480	1793321	568197	6687568	187824	27393081	7910722
2021-05-10	35892972	589169	395701	193468	26412859	2443211	7005951	27819733	8104190	0.335	0.097	7644926	5826686	1124640	1761928	4910112	4346229	944820	1001588	2734814	1480457	179820	760340	27898666	7994306	30951	19143654	7269205	1852856	590355	6792272	213679	27788782	8104190
2021-05-11	36978608	1085636	797848	287788	27238726	2523101	7182194	28621217	8391978	0.344	0.101	7644926	5826686	1124640	1761928	4910112	4346229	944820	1001588	2734814	1480457	179820	760340	28330607	8648001	34587	19736661	7502065	1910590	612511	6939379	242815	28586630	8391978
2021-05-12	38394048	1415440	1049052	366388	28331829	2614751	7407296	29675854	8758366	0.357	0.105	7644926	5826686	1124640	1761928	4910112	4346229	944820	1001588	2734814	1480457	179820	760340	28790064	9603984	40172	20533429	7798400	1971728	643023	7130525	276771	29635682	8758366
2021-05-13	38823307	429259	268433	160826	28647242	2681520	7451725	29946935	8919192	0.360	0.107	7644926	5826686	1124640	1761928	4910112	4346229	944820	1001588	2734814	1480457	179820	760340	29145844	9677463	42820	20721087	7926155	2023288	658232	7159740	291985	29904115	8919192
2021-05-14	39579558	756251	525854	230397	29192396	2746401	7590145	30480585	9149589	0.366	0.110	7644926	5826686	1124640	1761928	4910112	4346229	944820	1001588	2734814	1480457	179820	760340	29550758	10028800	50616	21085737	8106659	2073004	673397	7271228	318917	30429969	9149589
2021-05-15	39979562	400004	234485	165519	29471439	2806701	7646523	30719353	9315108	0.369	0.112	7644926	5826686	1124640	1761928	4910112	4346229	944820	1001588	2734814	1480457	179820	760340	29903096	10076466	54899	21242434	8229005	2116952	689749	7305068	341455	30664454	9315108
2021-05-16	40262105	282543	160562	121981	29671643	2859442	7671395	30884641	9437089	0.371	0.113	7644926	5826686	1124640	1761928	4910112	4346229	944820	1001588	2734814	1480457	179820	760340	30169634	10092471	59625	21348890	8322753	2159807	699635	7316319	355076	30825016	9437089
2021-05-17	40817307	555202	349221	205981	30009981	2945126	7792816	31243621	9643070	0.376	0.116	7644926	5826686	1124640	1761928	4910112	4346229	944820	1001588	2734814	1480457	179820	760340	30555518	10261789	69384	21541780	8468201	2221073	724053	7411384	381432	31174237	9643070
2021-05-18	41689025	871718	517216	354502	30599459	3046214	7966196	31768609	9997572	0.382	0.120	7644926	5826686	1124640	1761928	4910112	4346229	944820	1001588	2734814	1480457	179820	760340	30972232	10716793	77156	21841157	8758302	2293581	752633	7556715	409481	31691453	9997572
2021-05-19	42786434	1097409	563454	533955	31403471	3146297	8147396	32344177	10531527	0.389	0.127	7644926	5826686	1124640	1761928	4910112	4346229	944820	1001588	2734814	1480457	179820	760340	31389863	11396571	89270	22185136	9218335	2359826	786471	7709945	437451	32254907	10531527
2021-05-20	43733238	946804	455398	491406	32086504	3242759	8303862	32810418	11022933	0.395	0.133	7644926	5826686	1124640	1761928	4910112	4346229	944820	1001588	2734814	1480457	179820	760340	31805724	11927514	100113	22446024	9640480	2425333	817426	7838948	464914	32710305	11022933
2021-05-21	44583643	850405	405673	444732	32682361	3328376	8460976	33227908	11467665	0.400	0.138	7644926	5826686	1124640	1761928	4910112	4346229	944820	1001588	2734814	1480457	179820	760340	32233409	12350234	111930	22668492	10013869	2481702	846674	7965784	495192	33115978	11467665
2021-05-22	45057307	473664	214668	258996	32988431	3397876	8544791	33456855	11726661	0.402	0.141	7644926	5826686	1124640	1761928	4910112	4346229	944820	1001588	2734814	1480457	179820	760340	32578143	12479164	126209	22766829	10221602	2530004	867872	8033813	510978	33330646	11726661
2021-05-23	45342390	285083	124701	160382	33181367	3457268	8568680	33590422	11887043	0.404	0.143	7644926	5826686	1124640	1761928	4910112	4346229	944820	1001588	2734814	1480457	179820	760340	32845105	12497285	135075	22832451	10348916	2574303	882965	8048593	520087	33455347	11887043
2021-05-24	45668337	325947	141108	184839	33417070	3518814	8589335	33739573	12071882	0.406	0.145	7644926	5826686	1124640	1761928	4910112	4346229	944820	1001588	2734814	1480457	179820	760340	33155527	12512810	143118	22915045	10502025	2620856	897958	8060554	528781	33596455	12071882
2021-05-25	46323489	655152	271960	383192	33863551	3598481	8693227	34036645	12455074	0.409	0.150	7644926	5826686	1124640	1761928	4910112	4346229	944820	1001588	2734814	1480457	179820	760340	33551736	12771753	168230	23056735	10806816	2672297	926184	8139383	553844	33868415	12455074
2021-05-26	47502631	1179142	469256	709886	34748294	3680870	8827029	34584109	13164960	0.416	0.158	7644926	5826686	1124640	1761928	4910112	4346229	944820	1001588	2734814	1480457	179820	760340	33967463	13535168	246438	23371476	11376818	2724876	955994	8241319	585710	34337671	13164960
2021-05-27	48543053	1040422	403920	636502	35487261	3769726	8958512	35069145	13801462	0.422	0.166	7644926	5826686	1124640	1761928	4910112	4346229	944820	1001588	2734814	1480457	179820	760340	34386048	14157005	327554	23629267	11857994	2776458	993268	8335866	622646	34741591	13801462
2021-05-28	49445654	902601	355932	546669	36089965	3855766	9088639	35508807	14348131	0.427	0.173	7644926	5826686	1124640	1761928	4910112	4346229	944820	1001588	2734814	1480457	179820	760340	34820688	14624966	411284	23845914	12244051	2826962	1028804	8424647	663992	35097523	14348131
2021-05-29	49855397	409743	151541	258202	36351509	3918306	9146511	35688135	14606333	0.429	0.176	7644926	5826686	1124640	1761928	4910112	4346229	944820	1001588	2734814	1480457	179820	760340	35156022	14699375	439071	23925693	12425816	2863802	1054504	8459569	686942	35249064	14606333
2021-05-30	50138711	283314	97644	185670	36548540	3965309	9174764	35796806	14792003	0.430	0.178	7644926	5826686	1124640	1761928	4910112	4346229	944820	1001588	2734814	1480457	179820	760340	35417518	14721193	450098	23984875	12563665	2891135	1074174	8470698	704066	35346708	14792003
2021-05-31	50684811	546100	178103	367997	36915485	4032533	9244224	36017380	15160000	0.433	0.182	7644926	5826686	1124640	1761928	4910112	4346229	944820	1001588	2734814	1480457	179820	760340	35805849	14878962	492569	24096484	12819001	2918790	1113743	8509537	734687	35524811	15160000
2021-06-01	51671765	986954	399366	587588	37648369	4111830	9334498	36501245	15747588	0.439	0.189	7644926	5826686	1124640	1761928	4910112	4346229	944820	1001588	2734814	1480457	179820	760340	36202330	15469435	577068	24412346	13236023	2948260	1163570	8563571	770927	35924177	15747588
2021-06-02	52917714	1245949	516387	729562	38636381	4184021	9416572	37121304	16477150	0.446	0.198	7644926	5826686	1124640	1761928	4910112	4346229	944820	1001588	2734814	1480457	179820	760340	36608001	16309713	680740	24861476	13774905	2972632	1211389	8606456	810116	36440564	16477150
2021-06-03	53559745	642031	230067	411964	39111006	4248127	9466666	37404577	16889114	0.450	0.203	7644926	5826686	1124640	1761928	4910112	4346229	944820	1001588	2734814	1480457	179820	760340	36970619	16589126	733946	25041124	14069882	3002249	1245878	8627258	839408	36670631	16889114
2021-06-04	54369581	809836	290566	519270	39695709	4319257	9543454	37772358	17408384	0.454	0.209	7644926	5826686	1124640	1761928	4910112	4346229	944820	1001588	2734814	1480457	179820	760340	37377967	16991614	811161	25268735	14426974	3030809	1288448	8661653	881801	36961197	17408384
2021-06-05	54781697	412116	96010	316106	39966699	4385651	9587574	37898980	17724490	0.456	0.213	7644926	5826686	1124640	1761928	4910112	4346229	944820	1001588	2734814	1480457	179820	760340	37726539	17055158	841773	25327726	14638973	3056981	1328670	8672500	915074	37057207	17724490
2021-06-06	55073800	292103	59255	232848	40172356	4426627	9614803	37976476	17957338	0.457	0.216	7644926	5826686	1124640	1761928	4910112	4346229	944820	1001588	2734814	1480457	179820	760340	37988933	17084867	860014	25371536	14800820	3068913	1357714	8676013	938790	37116462	17957338
2021-06-07	55686100	612300	191771	420529	40572924	4511505	9687231	38222673	18377867	0.460	0.221	7644926	5826686	1124640	1761928	4910112	4346229	944820	1001588	2734814	1480457	179820	760340	38361949	17323248	914440	25504913	15068011	3096240	1415265	8707080	980151	37308233	18377867
2021-06-08	56732119	1046019	334890	711129	41412901	4586531	9750011	38625799	19088996	0.464	0.230	7644926	5826686	1124640	1761928	4910112	4346229	944820	1001588	2734814	1480457	179820	760340	38760147	17968865	982676	25781596	15631305	3122240	1464291	8739287	1010724	37643123	19088996
2021-06-09	58145235	1413116	439240	973876	42579606	4673329	9813915	39160748	20062872	0.471	0.241	7644926	5826686	1124640	1761928	4910112	4346229	944820	1001588	2734814	1480457	179820	760340	39182534	18956810	1078385	26160467	16419139	3150270	1523059	8771626	1042289	38082363	20062872
2021-06-10	59325715	1180480	394465	786015	43526562	4762759	9869571	39643651	20848887	0.477	0.251	7644926	5826686	1124640	1761928	4910112	4346229	944820	1001588	2734814	1480457	179820	760340	39611473	19705530	1166823	26496516	17030046	3181903	1580856	8798409	1071162	38476828	20848887
2021-06-11	60377306	1051591	354137	697454	44324346	4851458	9937956	40094511	21546341	0.482	0.259	7644926	5826686	1124640	1761928	4910112	4346229	944820	1001588	2734814	1480457	179820	760340	40047288	20318630	1263546	26793809	17530537	3209721	1641737	8827435	1110521	38830965	21546341
2021-06-12	60809703	432397	121162	311235	44606634	4923098	9981196	40250902	21857576	0.484	0.263	7644926	5826686	1124640	1761928	4910112	4346229	944820	1001588	2734814	1480457	179820	760340	40376588	20420893	1298775	26883379	17723255	3228310	1694788	8840438	1140758	38952127	21857576
2021-06-13	61092129	282426	64359	218067	44786051	4986517	10006996	40329051	22075643	0.485	0.265	7644926	5826686	1124640	1761928	4910112	4346229	944820	1001588	2734814	1480457	179820	760340	40623354	20456247	1312565	26927306	17858745	3244126	1742391	8845054	1161942	39016486	22075643
2021-06-14	61739943	647814	207491	440323	45210300	5087559	10074302	40591759	22515966	0.488	0.271	7644926	5826686	1124640	1761928	4910112	4346229	944820	1001588	2734814	1480457	179820	760340	41028657	20696780	1367782	27093886	18116414	3267521	1820038	8862570	1211732	39223977	22515966
2021-06-15	62776078	1036135	337312	698823	45998686	5191865	10158708	40988108	23214789	0.493	0.279	7644926	5826686	1124640	1761928	4910112	4346229	944820	1001588	2734814	1480457	179820	760340	41474613	21283470	1426819	27383348	18615338	3295814	1896051	8882127	1276581	39561289	23214789
2021-06-16	64145262	1369184	454428	914756	47089473	5297700	10255043	41518763	24129545	0.499	0.290	7644926	5826686	1124640	1761928	4910112	4346229	944820	1001588	2734814	1480457	179820	760340	41941224	22182018	1503046	27780412	19309061	3327741	1969959	8907564	1347479	40015717	24129545
2021-06-17	65279585	1134323	387091	747232	47960770	5400533	10346983	41974107	24876777	0.505	0.299	7644926	5826686	1124640	1761928	4910112	4346229	944820	1001588	2734814	1480457	179820	760340	42401977	22852215	1571299	28116174	19844596	3356856	2043677	8929778	1417205	40402808	24876777
2021-06-18	66260026	980441	334693	645748	48682846	5494188	10442909	42377584	25522525	0.510	0.307	7644926	5826686	1124640	1761928	4910112	4346229	944820	1001588	2734814	1480457	179820	760340	42849431	23382503	1640083	28398014	20284832	3387765	2106423	8951722	1491187	40737501	25522525
2021-06-19	66685055	425029	117636	307393	48954133	5575987	10493717	42516355	25829918	0.511	0.311	7644926	5826686	1124640	1761928	4910112	4346229	944820	1001588	2734814	1480457	179820	760340	43188719	23466988	1661218	28488486	20465647	3408437	2167550	8958214	1535503	40855137	25829918
2021-06-20	66979397	294342	67382	226960	49132567	5647272	10525530	42596547	26056878	0.512	0.313	7644926	5826686	1124640	1761928	4910112	4346229	944820	1001588	2734814	1480457	179820	760340	43453156	23496614	1674028	28537352	20595215	3424351	2222921	8960816	1564714	40922519	26056878
2021-06-21	67602617	623220	203092	420128	49537288	5744286	10610752	42835902	26477006	0.515	0.318	7644926	5826686	1124640	1761928	4910112	4346229	944820	1001588	2734814	1480457	179820	760340	43844826	23726147	1710291	28701847	20835441	3449032	2295254	8974732	1636020	41125611	26477006
2021-06-22	68667304	1064687	364554	700133	50370308	5839762	10713018	43234381	27177139	0.520	0.327	7644926	5826686	1124640	1761928	4910112	4346229	944820	1001588	2734814	1480457	179820	760340	44276809	24354112	1744216	29020005	21350303	3479279	2360483	8990881	1722137	41490165	27177139
2021-06-23	69988708	1321404	476334	845070	51446928	5935280	10828223	43744776	28022209	0.526	0.337	7644926	5826686	1124640	1761928	4910112	4346229	944820	1001588	2734814	1480457	179820	760340	44709276	25237778	1778277	29446362	22000566	3508831	2426449	9011306	1816917	41966499	28022209
2021-06-24	71009930	1021222	476541	544681	52231262	6022299	10938632	44260777	28566890	0.532	0.343	7644926	5826686	1124640	1761928	4910112	4346229	944820	1001588	2734814	1480457	179820	760340	45133049	25830883	1817737	29866681	22364581	3543878	2478421	9032481	1906151	42443040	28566890
2021-06-25	71917786	907856	368980	538876	52913707	6098425	11048377	44669297	29105766	0.537	0.350	7644926	5826686	1124640	1761928	4910112	4346229	944820	1001588	2734814	1480457	179820	760340	45554160	26314646	1857277	30189421	22724286	3570364	2528061	9052235	1996142	42812020	29105766
2021-06-26	72324250	406464	133618	272846	53165717	6167442	11120813	44815916	29378612	0.539	0.353	7644926	5826686	1124640	1761928	4910112	4346229	944820	1001588	2734814	1480457	179820	760340	45896273	26378225	1870278	30291319	22874398	3595895	2571547	9058424	2062389	42945638	29378612
2021-06-27	72615709	291459	89399	202060	53338242	6225502	11177566	44909436	29580672	0.540	0.356	7644926	5826686	1124640	1761928	4910112	4346229	944820	1001588	2734814	1480457	179820	760340	46161659	26403445	1874399	30358099	22980143	3615129	2610373	9061809	2115757	43035037	29580672
2021-06-28	73237488	621779	238110	383669	53732507	6315172	11291232	45171724	29964341	0.543	0.360	7644926	5826686	1124640	1761928	4910112	4346229	944820	1001588	2734814	1480457	179820	760340	46566944	26617843	1898577	30550300	23182207	3647332	2667840	9075515	2215717	43273147	29964341
2021-06-29	74160671	923183	381665	541518	54408581	6407686	11423804	45575412	30505859	0.548	0.367	7644926	5826686	1124640	1761928	4910112	4346229	944820	1001588	2734814	1480457	179820	760340	46989485	27113831	1920600	30887425	23521156	3680189	2727497	9087198	2336606	43654812	30505859
2021-06-30	75170201	1009530	441158	568372	55166064	6501284	11560029	46038794	31074231	0.554	0.374	7644926	5826686	1124640	1761928	4910112	4346229	944820	1001588	2734814	1480457	179820	760340	47409655	27697962	1942824	31279419	23886645	3714898	2786386	9101653	2458376	44095970	31074231
2021-07-01	76141967	971766	444795	526971	55899944	6584237	11692720	46505831	31601202	0.559	0.380	7644926	5826686	1124640	1761928	4910112	4346229	944820	1001588	2734814	1480457	179820	760340	47806852	28268207	1965066	31680303	24219641	3745304	2838933	9115158	2577562	44540765	31601202
2021-07-02	76977202	835235	372595	462640	56540644	6678549	11771727	46899642	32063842	0.564	0.386	7644926	5826686	1124640	1761928	4910112	4346229	944820	1001588	2734814	1480457	179820	760340	48196950	28709971	1986282	32012046	24528598	3776974	2901575	9124340	2647387	44913360	32063842
2021-07-03	77351681	374479	147032	227447	56793772	6757776	11798801	47061724	32291289	0.566	0.388	7644926	5826686	1124640	1761928	4910112	4346229	944820	1001588	2734814	1480457	179820	760340	48504432	28776252	2001332	32131762	24662010	3801507	2956269	9127123	2671678	45060392	32291289
2021-07-04	77624221	272540	92601	179939	56975070	6825916	11813325	47162903	32471228	0.567	0.390	7644926	5826686	1124640	1761928	4910112	4346229	944820	1001588	2734814	1480457	179820	760340	48749453	28803194	2009910	32204497	24770573	3819927	3005989	9128569	2684756	45152993	32471228
2021-07-05	78155252	531031	193213	337818	57357761	6920036	11852777	47370884	32809046	0.570	0.394	7644926	5826686	1124640	1761928	4910112	4346229	944820	1001588	2734814	1480457	179820	760340	49088429	28993153	2024678	32367458	24990303	3845844	3074192	9132904	2719873	45346206	32809046
2021-07-06	78924188	768936	266434	502502	57967558	7018576	11897871	47652823	33311548	0.573	0.401	7644926	5826686	1124640	1761928	4910112	4346229	944820	1001588	2734814	1480457	179820	760340	49423693	29423099	2040183	32604237	25363321	3870966	3147610	9137437	2760434	45612640	33311548
2021-07-07	79907829	983641	318508	665133	58786174	7113721	11949102	47989980	33976681	0.577	0.409	7644926	5826686	1124640	1761928	4910112	4346229	944820	1001588	2734814	1480457	179820	760340	49769105	30056482	2058832	32892882	25893292	3895438	3218283	9142828	2806274	45931148	33976681
2021-07-08	80742384	834555	258261	576294	59458855	7214256	11991607	48267075	34552975	0.580	0.415	7644926	5826686	1124640	1761928	4910112	4346229	944820	1001588	2734814	1480457	179820	760340	50104458	30551427	2077666	33124502	26334353	3917815	3296441	9147092	2844515	46189409	34552975
2021-07-09	81487240	744856	215393	529463	60042326	7312359	12034584	48502773	35082438	0.583	0.422	7644926	5826686	1124640	1761928	4910112	4346229	944820	1001588	2734814	1480457	179820	760340	50440274	30956968	2097971	33317676	26724650	3935600	3376759	9151526	2883058	46404802	35082438
2021-07-10	81826628	339388	93923	245465	60267227	7396374	12055494	48606258	35327903	0.584	0.425	7644926	5826686	1124640	1761928	4910112	4346229	944820	1001588	2734814	1480457	179820	760340	50710753	31025280	2107533	33392073	26875154	3953702	3442672	9152950	2902544	46498725	35327903
2021-07-11	82052865	226237	59897	166340	60411739	7459718	12065745	48674285	35494243	0.585	0.427	7644926	5826686	1124640	1761928	4910112	4346229	944820	1001588	2734814	1480457	179820	760340	50917696	31044204	2115663	33436785	26974954	3968422	3491296	9153415	2912330	46558622	35494243
2021-07-12	82510852	457987	148003	309984	60753501	7538087	12089620	48836269	35804227	0.587	0.431	7644926	5826686	1124640	1761928	4910112	4346229	944820	1001588	2734814	1480457	179820	760340	51177230	31240232	2129644	33554106	27199395	3997265	3540822	9155254	2934366	46706625	35804227
2021-07-13	83257825	746973	176084	570889	61370212	7614914	12124054	49031354	36375116	0.590	0.437	7644926	5826686	1124640	1761928	4910112	4346229	944820	1001588	2734814	1480457	179820	760340	51420944	31739362	2148645	33702172	27668040	4023061	3591853	9157476	2966578	46882709	36375116
2021-07-14	84203433	945608	196208	749400	62178115	7684932	12170824	49248479	37124516	0.592	0.446	7644926	5826686	1124640	1761928	4910112	4346229	944820	1001588	2734814	1480457	179820	760340	51672011	32429200	2169562	33873872	28304243	4043966	3640966	9161079	3009745	47078917	37124516
