date	dosen_kumulativ	dosen_differenz_zum_vortag	dosen_erst_differenz_zum_vortag	dosen_zweit_differenz_zum_vortag	dosen_biontech_kumulativ	dosen_moderna_kumulativ	dosen_astrazeneca_kumulativ	personen_erst_kumulativ	personen_voll_kumulativ	impf_quote_erst	impf_quote_voll	indikation_alter_dosen	indikation_beruf_dosen	indikation_medizinisch_dosen	indikation_pflegeheim_dosen	indikation_alter_erst	indikation_beruf_erst	indikation_medizinisch_erst	indikation_pflegeheim_erst	indikation_alter_voll	indikation_beruf_voll	indikation_medizinisch_voll	indikation_pflegeheim_voll	dosen_dim_kumulativ	dosen_kbv_kumulativ	dosen_johnson_kumulativ	dosen_biontech_erst_kumulativ	dosen_biontech_zweit_kumulativ	dosen_moderna_erst_kumulativ	dosen_moderna_zweit_kumulativ	dosen_astrazeneca_erst_kumulativ	dosen_astrazeneca_zweit_kumulativ	dosen_erst_kumulativ	dosen_zweit_kumulativ
2020-12-27	24088	24088	24075	13	24086	2	0	24075	13	0.000	0.000	10705	8657	1305	12604	10664	8590	1305	12536	41	67	0	68	24088	0	0	24073	13	2	0	0	0	24075	13
2020-12-28	42079	17991	17830	161	42077	2	0	41905	174	0.001	0.000	18621	15788	1991	21344	18580	15721	1991	21276	41	67	0	68	42079	0	0	41903	174	2	0	0	0	41905	174
2020-12-29	92087	50008	49274	734	92084	2	1	91179	908	0.001	0.000	34989	40734	3107	40508	34724	40420	3107	40099	265	314	0	409	92087	0	0	91176	908	2	0	1	0	91179	908
2020-12-30	155583	63496	63358	138	155580	2	1	154537	1046	0.002	0.000	55510	73365	4901	63206	55243	73050	4901	62794	267	315	0	412	155583	0	0	154534	1046	2	0	1	0	154537	1046
2020-12-31	205274	49691	49602	89	205271	2	1	204139	1135	0.002	0.000	72831	96719	6752	83965	72517	96367	6752	83476	314	352	0	489	205274	0	0	204136	1135	2	0	1	0	204139	1135
2021-01-01	230624	25350	25341	9	230613	7	4	229480	1144	0.003	0.000	81208	105449	7830	92301	80894	105097	7830	91812	314	352	0	489	230624	0	0	229470	1143	7	0	3	1	229480	1144
2021-01-02	278569	47945	47659	286	278558	7	4	277139	1430	0.003	0.000	102774	129731	10350	113258	102365	129304	10350	112629	409	427	0	629	278569	0	0	277129	1429	7	0	3	1	277139	1430
2021-01-03	300982	22413	22408	5	300969	9	4	299547	1435	0.004	0.000	113044	140227	11284	123279	112635	139800	11284	122650	409	427	0	629	300982	0	0	299535	1434	9	0	3	1	299547	1435
2021-01-04	346825	45843	45747	96	346811	10	4	345294	1531	0.004	0.000	129646	164913	13951	139091	129237	164486	13951	138462	409	427	0	629	346825	0	0	345281	1530	10	0	3	1	345294	1531
2021-01-05	399055	52230	51892	338	399040	11	4	397186	1869	0.005	0.000	147987	192565	16489	157656	147576	192117	16489	157025	411	448	0	631	399055	0	0	397172	1868	11	0	3	1	397186	1869
2021-01-06	461563	62508	62415	93	461539	17	7	459601	1962	0.006	0.000	169498	225530	19910	180812	169086	225082	19910	180181	412	448	0	631	461563	0	0	459579	1960	17	0	5	2	459601	1962
2021-01-07	516146	54583	54561	22	516115	21	9	514163	1984	0.006	0.000	189172	254868	22957	197233	188758	254418	22957	196600	414	450	0	633	516146	0	1	514134	1981	21	0	7	2	514162	1984
2021-01-08	578362	62216	62108	108	578279	72	10	576271	2092	0.007	0.000	211521	287315	26324	218219	211009	286711	26320	217449	512	604	4	770	578362	0	1	576190	2089	72	0	8	2	576270	2092
2021-01-09	638366	60004	59856	148	638279	75	11	636127	2240	0.008	0.000	237322	313238	29007	243325	236798	312599	29003	242545	524	639	4	780	638366	0	1	636043	2236	75	0	8	3	636126	2240
2021-01-10	674096	35730	35581	149	674001	83	11	671708	2389	0.008	0.000	252455	327794	30379	256315	251929	327151	30375	255535	526	643	4	780	674096	0	1	671617	2384	82	1	8	3	671707	2389
2021-01-11	741909	67813	67711	102	741798	97	13	739419	2491	0.009	0.000	277513	359176	33587	276774	276967	358513	33583	275968	546	663	4	806	741909	0	1	739318	2480	90	7	10	3	739418	2491
2021-01-12	820459	78550	78485	65	820332	112	14	817904	2556	0.010	0.000	305695	401338	36582	301731	305147	400670	36578	300888	548	668	4	843	820459	0	1	817788	2544	105	7	10	4	817903	2556
2021-01-13	931679	111220	111019	201	930384	1280	14	928923	2757	0.011	0.000	345167	458844	40485	337339	344574	458093	40466	336399	593	751	19	940	931679	0	1	927639	2745	1273	7	10	4	928922	2757
2021-01-14	1015252	83573	83351	222	1008808	6429	14	1012274	2979	0.012	0.000	374803	501101	42769	361463	374094	500254	42750	360452	709	847	19	1011	1015252	0	1	1005885	2923	6378	51	10	4	1012273	2979
2021-01-15	1106233	90981	90135	846	1094518	11695	19	1102409	3825	0.013	0.000	408725	545673	46728	389202	407810	544625	46700	387982	915	1048	28	1220	1106233	0	1	1090749	3769	11644	51	15	4	1102408	3825
2021-01-16	1163706	57473	56468	1005	1150311	13374	20	1158877	4830	0.014	0.000	432983	570627	48859	408798	431664	569232	48767	407047	1319	1395	92	1751	1163706	0	1	1145537	4774	13323	51	16	4	1158876	4830
2021-01-17	1211047	47341	30427	16914	1196389	14635	21	1189305	21744	0.014	0.000	453449	591002	50884	428544	444215	583354	50014	417145	9234	7648	870	11399	1211047	0	2	1174702	21687	14584	51	17	4	1189303	21744
2021-01-18	1293258	82211	66625	15586	1274458	18776	22	1255930	37330	0.015	0.000	482728	633883	53106	448900	467235	619730	51700	430238	15493	14153	1406	18662	1293258	0	2	1237187	37271	18723	53	18	4	1255928	37330
2021-01-19	1412262	119004	83005	35999	1389786	22443	31	1338935	73329	0.016	0.001	519765	695968	56714	479843	492669	666683	54375	447938	27096	29285	2339	31905	1412262	0	2	1316521	73265	22385	58	27	4	1338933	73329
2021-01-20	1543710	131448	78057	53391	1518490	25184	34	1416992	126720	0.017	0.002	568076	760039	60957	522078	522876	706310	57505	469463	45200	53729	3452	52615	1543710	0	2	1391834	126656	25126	58	30	4	1416990	126720
2021-01-21	1648545	104835	64096	40739	1620584	27924	35	1481088	167459	0.018	0.002	610150	808503	65406	556195	549621	735602	60889	487988	60529	72901	4517	68207	1648545	0	2	1453191	167393	27865	59	30	5	1481086	167459
2021-01-22	1749933	101388	68219	33169	1719779	30109	43	1549307	200628	0.019	0.002	654049	853889	69013	590642	579902	764987	63599	506975	74147	88902	5414	83667	1749933	0	2	1519222	200557	30045	64	38	5	1549305	200628
2021-01-23	1836273	86340	40476	45864	1805763	30462	46	1589783	246492	0.019	0.003	691767	890989	72414	617916	599855	780966	64783	516268	91912	110023	7631	101648	1836273	0	2	1559343	246420	30397	65	41	5	1589781	246492
2021-01-24	1883397	47124	25533	21591	1852685	30660	50	1615316	268083	0.019	0.003	715655	910067	73331	632982	614016	789814	65130	521524	101639	120253	8201	111458	1883397	0	2	1584674	268011	30595	65	45	5	1615314	268083
2021-01-25	1974158	90761	52464	38297	1942027	32076	53	1667780	306380	0.020	0.004	756375	951632	76827	658117	642321	811974	66847	534304	114054	139658	9980	123813	1974158	0	2	1635722	306305	32008	68	48	5	1667778	306380
2021-01-26	2071597	97439	50718	46721	2038025	33510	60	1718498	353101	0.021	0.004	796572	997196	80614	684405	667753	831436	68195	545278	128819	165760	12419	139127	2071597	0	2	1685004	353021	33437	73	55	5	1718496	353101
2021-01-27	2180615	109018	50868	58150	2145248	35296	68	1769367	411251	0.021	0.005	839834	1049509	85786	715259	691463	852265	70042	556304	148371	197244	15744	158955	2180615	0	3	1734090	411158	35211	85	63	5	1769364	411251
2021-01-28	2273087	92472	46593	45879	2236089	36924	71	1815960	457130	0.022	0.005	877990	1090332	89974	739697	713483	869115	71590	567469	164507	221217	18384	172228	2273087	0	3	1779140	456949	36751	173	66	5	1815957	457130
2021-01-29	2380820	107733	49994	57739	2342335	38404	78	1865954	514869	0.022	0.006	920894	1138243	95507	769100	735839	888487	73819	578309	185055	249756	21688	190791	2380820	0	3	1827648	514687	38230	174	73	5	1865951	514869
2021-01-30	2468816	87996	34392	53604	2429449	39284	80	1900346	568473	0.023	0.007	957412	1174692	99468	796433	752473	901967	75224	586328	204939	272725	24244	210105	2468816	0	3	1861161	568288	39108	176	74	6	1900343	568473
2021-01-31	2525619	56803	25771	31032	2485871	39660	85	1926117	599505	0.023	0.007	982865	1196922	101575	812430	766590	910861	76411	592657	216275	286061	25164	219773	2525619	0	3	1886560	599311	39476	184	78	7	1926114	599505
2021-02-01	2645036	119417	57974	61443	2603029	41868	136	1984091	660948	0.024	0.008	1026174	1260299	105285	839830	787193	944041	78273	602425	238981	316258	27012	237405	2645036	0	3	1942277	660752	41682	186	129	7	1984088	660948
2021-02-02	2777252	132216	65059	67157	2732170	44930	149	2049150	728105	0.025	0.009	1069633	1330364	110479	870030	806216	982089	80866	611659	263417	348275	29613	258371	2777252	0	3	2004262	727908	44743	187	142	7	2049147	728105
2021-02-03	2939189	161937	64238	97699	2887754	51257	175	2113388	825804	0.025	0.010	1128983	1407775	116405	912544	829819	1014401	83062	623312	299164	393374	33343	289232	2939189	0	3	2062153	825601	51064	193	168	7	2113385	825804
2021-02-04	3073078	133889	61799	72090	3015806	57089	180	2175187	897894	0.026	0.011	1177986	1472437	120972	943857	851937	1046473	85311	632945	326049	425964	35661	310912	3073078	0	3	2118118	897688	56893	196	173	7	2175184	897894
2021-02-05	3219836	146758	68962	77796	3156108	63537	188	2244149	975690	0.027	0.012	1232524	1542580	126293	977786	877231	1080338	86905	644262	355293	462242	39388	333524	3219836	0	3	2180759	975349	63207	330	180	8	2244146	975690
2021-02-06	3313507	93671	45441	48230	3247152	66163	189	2289590	1023920	0.028	0.012	1272514	1588658	130853	1003590	896490	1101898	88782	653957	376024	486760	42071	349633	3313507	0	3	2223573	1023579	65833	330	181	8	2289587	1023920
2021-02-07	3366815	53308	28260	25048	3298131	68489	191	2317851	1048968	0.028	0.013	1298155	1609930	133571	1016823	910800	1112720	90015	659435	387355	497210	43556	357388	3366815	0	4	2249506	1048625	68158	331	183	8	2317847	1048968
2021-02-08	3475678	108863	52827	56036	3403143	72311	219	2370679	1105004	0.029	0.013	1350672	1655734	137545	1035599	942269	1129343	91902	666781	408403	526391	45643	368818	3475678	0	5	2298485	1104658	71978	333	211	8	2370674	1105004
2021-02-09	3609663	133985	60210	73775	3533581	75745	332	2430889	1178779	0.029	0.014	1411842	1714380	141993	1058512	978151	1147503	94639	674792	433691	566877	47354	383720	3609663	0	5	2355338	1178243	75222	523	324	8	2430884	1178779
2021-02-10	3764072	154409	77289	77120	3675419	79980	8668	2508178	1255899	0.030	0.015	1478760	1781046	146001	1087933	1017461	1175177	96286	685176	461299	605869	49715	402757	3764072	0	5	2421049	1254370	78476	1504	8648	20	2508173	1255899
2021-02-11	3907809	143737	75244	68493	3795574	87244	24984	2583424	1324392	0.031	0.016	1539776	1848576	151475	1113070	1052428	1208053	98713	694775	487348	640523	52762	418295	3907809	0	7	2475758	1319816	82709	4535	24950	34	2583417	1324392
2021-02-12	4062927	155118	79551	75567	3927140	96542	39235	2662978	1399959	0.032	0.017	1611268	1919253	157751	1138545	1094198	1240389	101429	704318	517070	678864	56322	434227	4062927	0	10	2536809	1390331	87281	9261	38878	357	2662968	1399959
2021-02-13	4170245	107318	61931	45387	4017852	99799	52583	2724910	1445346	0.033	0.017	1667599	1960972	162355	1156080	1129093	1262877	103231	711418	538506	698095	59124	444662	4170245	0	11	2583687	1434165	88993	10806	52219	364	2724899	1445346
2021-02-14	4235414	65169	39492	25677	4073304	102273	59825	2764403	1471023	0.033	0.018	1706122	1983696	163973	1164146	1153761	1276081	104081	714928	552361	707615	59892	449218	4235414	0	12	2614688	1458616	90263	12010	59440	385	2764391	1471023
2021-02-15	4360659	125245	69586	55659	4177824	107540	75282	2833990	1526682	0.034	0.018	1773591	2031897	168008	1183418	1194859	1300739	106358	721524	578732	731158	61650	461894	4360659	0	13	2666564	1511260	92535	15005	74878	404	2833977	1526682
2021-02-16	4494637	133978	77771	56207	4286058	113691	94874	2911762	1582889	0.035	0.019	1839625	2089928	170683	1200400	1236633	1336138	107879	728440	602992	753790	62804	471960	4494637	0	14	2722030	1564028	95260	18431	94458	416	2911748	1582889
2021-02-17	4645339	150702	94412	56290	4408007	121689	115628	3006175	1639179	0.036	0.020	1920033	2147919	175770	1221928	1292995	1368705	110873	736858	627038	779214	64897	485070	4645339	0	15	2790888	1617119	100073	21616	115199	429	3006160	1639179
2021-02-18	4789545	144206	91219	52987	4520145	129912	139472	3097395	1692166	0.037	0.020	1995907	2206102	179208	1240945	1345328	1403985	112659	744258	650579	802117	66549	496687	4789545	0	16	2853585	1666560	104755	25157	139039	433	3097379	1692166
2021-02-19	4947854	158309	102741	55568	4641070	139873	166894	3200137	1747734	0.038	0.021	2076668	2266444	184080	1258305	1402958	1440066	115287	750941	673710	826378	68793	507364	4947854	0	17	2922059	1719011	111706	28167	166355	539	3200120	1747734
2021-02-20	5059905	112051	75794	36257	4727458	144337	188092	3275932	1783991	0.039	0.021	2138268	2310157	187738	1272296	1445964	1469322	117533	755178	692304	840835	70205	517118	5059905	0	18	2972633	1754825	115738	28599	187543	549	3275914	1783991
2021-02-21	5145668	85763	57384	28379	4793964	147978	203707	3333317	1812370	0.040	0.022	2187054	2340674	190304	1282667	1479917	1489494	118664	757407	707137	851180	71640	525260	5145668	0	19	3010926	1783038	119220	28758	203152	555	3333298	1812370
2021-02-22	5300905	155237	97555	57682	4916625	156936	227324	3430873	1870052	0.041	0.022	2266701	2410287	195201	1300517	1538362	1525084	121627	763642	728339	885203	73574	536875	5300905	0	20	3077686	1838939	126410	30526	226757	567	3430853	1870052
2021-02-23	5470746	169841	109383	60458	5050403	164145	256177	3540257	1930510	0.043	0.023	2346910	2483166	200501	1318387	1598211	1563793	124757	771284	748699	919373	75744	547103	5470746	0	21	3152677	1897726	131960	32185	255599	578	3540236	1930510
2021-02-24	5646430	175684	116541	59143	5181831	171755	292822	3656799	1989653	0.044	0.024	2431789	2557990	207079	1337422	1660503	1608669	128907	778912	771286	949321	78172	558510	5646430	0	22	3226666	1955165	137885	33870	292226	596	3656777	1989653
2021-02-25	5835355	188925	129998	58927	5313148	178513	343672	3786797	2048580	0.046	0.025	2514175	2648479	213515	1355541	1722988	1667176	133470	787131	791187	981303	80045	568410	5835355	0	22	3300598	2012550	143114	35399	343063	609	3786775	2048580
2021-02-26	6047783	212428	145573	66855	5453926	187346	406489	3932370	2115435	0.047	0.025	2602819	2749814	220591	1375230	1787946	1735795	138593	794627	814873	1014019	81998	580603	6047783	0	22	3376209	2077717	150331	37015	405808	681	3932348	2115435
2021-02-27	6195498	147715	107830	39885	5546577	191428	457471	4040200	2155320	0.049	0.026	2666475	2822116	227301	1388101	1833818	1790224	143432	799030	832657	1031892	83869	589071	6195498	0	22	3429715	2116862	153681	37747	456782	689	4040178	2155320
2021-02-28	6298331	102833	78774	24059	5607855	195383	495070	4118975	2179379	0.050	0.026	2714700	2875405	231582	1394762	1868893	1834535	146785	801170	845807	1040870	84797	593592	6298331	0	23	3467307	2140548	157283	38100	494362	708	4118952	2179379
2021-03-01	6496532	198201	148346	49855	5738105	205005	553399	4267321	2229234	0.051	0.027	2817221	2953369	239381	1408021	1943445	1896228	153263	806209	873776	1057141	86118	601812	6496532	0	23	3549739	2188366	164884	40121	552675	724	4267298	2229234
2021-03-02	6715487	218955	166862	52093	5878250	214999	622215	4434183	2281327	0.053	0.027	2927307	3047588	248982	1422628	2022735	1971725	160632	812692	904572	1075863	88350	609936	6715487	0	23	3640687	2237563	172004	42995	621469	746	4434160	2281327
2021-03-03	6962534	247047	176551	70496	6036001	229947	696563	4610734	2351823	0.055	0.028	3047976	3148969	260606	1439862	2105531	2048823	170041	819606	942445	1100146	90565	620256	6962534	0	23	3733870	2302131	181077	48870	695764	799	4610711	2351823
2021-03-04	7207330	244796	181982	62814	6177208	244412	785687	4792716	2414637	0.058	0.029	3159240	3258741	272992	1455625	2181653	2136963	180034	825002	977587	1121778	92958	630623	7207330	0	23	3817693	2359515	190150	54262	784850	837	4792693	2414637
2021-03-05	7481574	274244	207277	66967	6325122	257776	898652	4999994	2481604	0.060	0.030	3277185	3383782	287941	1471072	2258903	2242620	191990	830697	1018282	1141162	95951	640375	7481574	0	24	3904647	2420475	197555	60221	897768	884	4999970	2481604
2021-03-06	7683247	201673	153016	48657	6434349	266214	982660	5153010	2530261	0.062	0.030	3366696	3478463	298371	1480590	2314602	2325555	200824	833966	1052094	1152908	97547	646624	7683247	0	24	3967475	2466874	203756	62458	981755	905	5152986	2530261
2021-03-07	7830783	147536	114055	33481	6514088	272868	1043803	5267065	2563742	0.063	0.031	3437978	3544531	306478	1486155	2360956	2383880	208082	835928	1077022	1160651	98396	650227	7830783	0	24	4016089	2497999	208074	64794	1042878	925	5267041	2563742
2021-03-08	8068205	237422	185843	51579	6647993	283824	1136364	5452908	2615321	0.066	0.031	3556806	3640371	322827	1498475	2442587	2468035	222757	841890	1114219	1172336	100070	656585	8068205	0	24	4101819	2546174	215667	68157	1135398	966	5452884	2615321
2021-03-09	8320402	252197	197402	54795	6788089	296606	1235683	5650310	2670116	0.068	0.032	3677710	3742787	340236	1512022	2524321	2558568	238262	848791	1153389	1184219	101974	663231	8320402	0	24	4190657	2597432	224977	71629	1234652	1031	5650286	2670116
2021-03-10	8608786	288384	221354	67030	6947187	308784	1352790	5871665	2737146	0.071	0.033	3808598	3856306	360962	1530389	2606688	2661880	256906	860000	1201910	1194426	104056	670389	8607815	971	25	4286338	2660849	233596	75188	1351706	1084	5871640	2737146
2021-03-11	8892981	284195	223305	60890	7094810	322501	1475645	6094970	2798036	0.073	0.034	3937470	3976178	382106	1544008	2689957	2769533	276555	867677	1247513	1206645	105551	676331	8891355	1626	25	4377475	2717335	242966	79535	1474504	1141	6094945	2798036
2021-03-12	9219176	326195	255349	70846	7246387	339794	1632970	6350319	2868882	0.076	0.034	4071484	4127850	404783	1559463	2770420	2906954	297406	877132	1301064	1220896	107377	682331	9217340	1836	25	4463000	2783387	255666	84128	1631628	1342	6350294	2868882
2021-03-13	9459734	240558	190293	50265	7362402	349361	1747946	6540612	2919147	0.079	0.035	4181046	4240796	425293	1567511	2840453	3011727	316755	881879	1340593	1229069	108538	685632	9457742	1992	25	4530202	2832200	263893	85468	1746492	1454	6540587	2919147
2021-03-14	9629713	169979	134301	35678	7450462	354873	1824353	6674913	2954825	0.080	0.036	4266043	4307307	441408	1570975	2896461	3072888	331859	883676	1369582	1234419	109549	687299	9627711	2002	25	4583580	2866882	268430	86443	1822878	1475	6674888	2954825
2021-03-15	9877381	247668	188460	59208	7603268	367591	1906497	6863373	3014033	0.083	0.036	4400463	4391447	461474	1582289	2984151	3147219	350790	890548	1416312	1244228	110684	691741	9875096	2285	25	4678969	2924299	279449	88142	1904930	1567	6863348	3014033
2021-03-16	10056275	178894	110699	68195	7769895	378841	1907514	6974072	3082228	0.084	0.037	4527474	4426082	473886	1593025	3059300	3169255	361553	895647	1468174	1256827	112333	697378	10053443	2832	25	4779890	2990005	288214	90627	1905943	1571	6974047	3082228
2021-03-17	10261306	205031	124083	80948	7956191	396831	1908259	7098155	3163176	0.085	0.038	4672447	4463838	487350	1605072	3141952	3193652	373040	902175	1530495	1270186	114310	702897	10257857	3449	25	4890049	3066142	301398	95433	1906683	1576	7098130	3163176
2021-03-18	10454845	193539	117977	75562	8130408	414995	1909417	7216132	3238738	0.087	0.039	4812398	4498757	499905	1615322	3222615	3215628	383588	907340	1589783	1283129	116317	707982	10450973	3872	25	4993904	3136504	314363	100632	1907840	1577	7216107	3238738
2021-03-19	10699799	244954	160720	84234	8316011	435782	1947981	7376852	3322972	0.089	0.040	4961948	4563922	518114	1627194	3306761	3267408	399605	914537	1655187	1296514	118509	712657	10695396	4403	25	5102135	3213876	328345	107437	1946347	1634	7376827	3322972
2021-03-20	10919979	220180	166912	53268	8451379	451070	2017505	7543764	3376240	0.091	0.041	5078536	4641917	537715	1633319	3379545	3337212	417708	917920	1698991	1304705	120007	715399	10915252	4727	25	5188097	3263282	339801	111269	2015841	1664	7543739	3376240
2021-03-21	11084464	164485	126299	38186	8553553	460267	2070619	7670063	3414426	0.092	0.041	5171749	4694283	554274	1635819	3440184	3384099	433219	919244	1731565	1310184	121055	716575	11079737	4727	25	5255355	3298198	345754	114513	2068929	1690	7670038	3414426
2021-03-22	11353665	269201	192795	76406	8719994	484076	2149570	7862858	3490832	0.095	0.042	5329624	4766248	576579	1645397	3534739	3445389	453483	925279	1794885	1320859	123096	720118	11347410	6255	25	5352842	3367152	362164	121912	2147827	1743	7862833	3490832
2021-03-23	11654620	300955	216921	84034	8901680	503807	2249108	8079779	3574866	0.097	0.043	5490190	4854892	604288	1656865	3629814	3521119	478432	932910	1860376	1333773	125856	723955	11643377	11243	25	5455524	3446156	376922	126885	2247308	1800	8079754	3574866
2021-03-24	11993826	339206	249630	89576	9101988	536838	2354975	8329409	3664442	0.100	0.044	5664852	4952071	635971	1672375	3732242	3605792	507202	944863	1932610	1346279	128769	727512	11976791	17035	25	5571636	3530352	404646	132192	2353102	1873	8329384	3664442
2021-03-25	12326485	332659	251511	81148	9287505	564507	2474448	8580920	3745590	0.103	0.045	5830941	5060081	670798	1683452	3832663	3703768	539527	951994	1998278	1356313	131271	731458	12303505	22980	25	5681684	3605821	426747	137760	2472464	1984	8580895	3745590
2021-03-26	12700540	374055	285518	88537	9487286	601670	2611558	8866439	3834127	0.107	0.046	6003833	5184282	710463	1698535	3933360	3816071	576057	962322	2070473	1368211	134406	736213	12671246	29294	26	5799727	3687559	457210	144460	2609476	2082	8866413	3834127
2021-03-27	12981805	281265	218935	62330	9636872	629289	2715617	9085375	3896457	0.109	0.047	6147056	5279869	744190	1703356	4023632	3903670	607441	965464	2123424	1376199	136749	737892	12950161	31644	27	5890152	3746720	481719	147570	2713477	2140	9085348	3896457
2021-03-28	13178194	196389	143170	53219	9752200	647792	2778175	9228545	3949676	0.111	0.047	6253046	5333384	768116	1706823	4085867	3950861	629648	967502	2167179	1382523	138468	739321	13146359	31835	27	5955586	3796614	496948	150844	2775984	2191	9228518	3949676
2021-03-29	13483852	305658	217065	88593	9940909	672789	2870127	9445610	4038269	0.114	0.049	6418833	5404751	806706	1716518	4180272	4010842	665103	973637	2238561	1393909	141603	742881	13446069	37783	27	6062575	3878334	515136	157653	2867872	2255	9445583	4038269
2021-03-30	13812767	328915	236424	92491	10159488	697215	2956037	9682034	4130760	0.116	0.050	6591913	5474211	853024	1727240	4280843	4069380	706095	981320	2311070	1404831	146929	745920	13762848	49919	27	6195182	3964306	533104	164111	2953721	2316	9682007	4130760
2021-03-31	14149001	336234	234775	101459	10406980	733258	3008736	9916809	4232219	0.119	0.051	6774517	5538855	899988	1738789	4384637	4121392	747318	988525	2389880	1417463	152670	750264	14082767	66234	27	6349219	4057761	561179	172079	3006384	2352	9916782	4232219
2021-04-01	14475704	326703	235950	90753	10645913	765705	3064059	10152759	4322972	0.122	0.052	6936269	5606629	944397	1747554	4476928	4175958	787230	994147	2459341	1430671	157167	753407	14389391	86313	27	6505333	4140580	585734	179971	3061665	2394	10152732	4322972
2021-04-02	14701419	225715	157731	67984	10825443	780089	3095860	10310490	4390956	0.124	0.053	7067172	5654574	981393	1749910	4552089	4213818	820223	995356	2515083	1440756	161170	754554	14613582	87837	27	6621246	4204197	595777	184312	3093440	2420	10310463	4390956
2021-04-03	14933366	231947	167532	64415	10999659	795889	3137791	10478022	4455371	0.126	0.054	7198861	5698683	1018737	1753036	4633025	4248782	853330	997097	2565836	1449901	165407	755939	14844130	89236	27	6735931	4263728	606731	189158	3135333	2458	10477995	4455371
2021-04-04	15126318	192952	142597	50355	11131863	805951	3188477	10620619	4505726	0.128	0.054	7309766	5731715	1048001	1754173	4704262	4274251	879171	997551	2605504	1457464	168830	756622	15036946	89372	27	6821712	4310151	612904	193047	3185976	2501	10620592	4505726
2021-04-05	15374192	247874	177653	70221	11296874	823812	3253479	10798272	4575947	0.130	0.055	7456036	5770066	1081529	1756372	4794323	4302940	907924	998846	2661713	1467126	173605	757526	15283510	90682	27	6921314	4375560	625985	197827	3250946	2533	10798245	4575947
2021-04-06	15747929	373737	279051	94686	11551798	856017	3340085	11077325	4670633	0.133	0.056	7644926	5826686	1124640	1761928	4910112	4346229	944820	1001588	2734814	1480457	179820	760340	15620620	127309	29	7090314	4461484	649498	206519	3337484	2601	11077296	4670633
2021-04-07	16415892	667963	571627	96336	12093949	893058	3428856	11648952	4766969	0.140	0.057	7644926	5826686	1124640	1761928	4910112	4346229	944820	1001588	2734814	1480457	179820	760340	15982919	432973	29	7544814	4549135	677937	215121	3426172	2684	11648923	4766969
2021-04-08	17114746	698854	611151	87703	12665460	928691	3520566	12260103	4854672	0.147	0.058	7644926	5826686	1124640	1761928	4910112	4346229	944820	1001588	2734814	1480457	179820	760340	16356895	757851	29	8037676	4627784	704596	224095	3517802	2764	12260074	4854672
2021-04-09	17746909	632163	543215	88948	13155892	965283	3625705	12803318	4943620	0.154	0.059	7644926	5826686	1124640	1761928	4910112	4346229	944820	1001588	2734814	1480457	179820	760340	16749555	997354	29	8450679	4705213	729752	235531	3622858	2847	12803289	4943620
2021-04-10	18119438	372529	307509	65020	13404326	988506	3726577	13110827	5008640	0.158	0.060	7644926	5826686	1124640	1761928	4910112	4346229	944820	1001588	2734814	1480457	179820	760340	17089038	1030400	29	8641836	4762490	745295	243211	3723667	2910	13110798	5008640
2021-04-11	18383350	263912	213595	50317	13574691	1007172	3801458	13324422	5058957	0.160	0.061	7644926	5826686	1124640	1761928	4910112	4346229	944820	1001588	2734814	1480457	179820	760340	17347871	1035479	29	8765905	4808786	760016	247156	3798472	2986	13324393	5058957
2021-04-12	18801933	418583	342215	76368	13853562	1036404	3911937	13666638	5135325	0.164	0.062	7644926	5826686	1124640	1761928	4910112	4346229	944820	1001588	2734814	1480457	179820	760340	17717947	1083986	30	8976932	4876630	780778	255626	3908898	3039	13666608	5135325
2021-04-13	19378771	576838	503148	73690	14285728	1063728	4029285	14169786	5209015	0.170	0.063	7644926	5826686	1124640	1761928	4910112	4346229	944820	1001588	2734814	1480457	179820	760340	18098655	1280116	30	9341044	4944684	802660	261068	4026052	3233	14169756	5209015
2021-04-14	20153607	774836	691631	83205	14902047	1097275	4154255	14861417	5292220	0.179	0.064	7644926	5826686	1124640	1761928	4910112	4346229	944820	1001588	2734814	1480457	179820	760340	18499694	1653913	30	9883220	5018827	827703	269572	4150464	3791	14861387	5292220
2021-04-15	20833799	680192	609884	70308	15436109	1133385	4264274	15471302	5362528	0.186	0.064	7644926	5826686	1124640	1761928	4910112	4346229	944820	1001588	2734814	1480457	179820	760340	18884257	1949542	31	10356533	5079576	855200	278185	4259538	4736	15471271	5362528
2021-04-16	21430331	596532	522341	74191	15874279	1165894	4390127	15993643	5436719	0.192	0.065	7644926	5826686	1124640	1761928	4910112	4346229	944820	1001588	2734814	1480457	179820	760340	19285950	2144381	31	10729747	5144532	879279	286615	4384586	5541	15993612	5436719
2021-04-17	21796361	366030	309417	56613	16099157	1188579	4508594	16303060	5493332	0.196	0.066	7644926	5826686	1124640	1761928	4910112	4346229	944820	1001588	2734814	1480457	179820	760340	19630176	2166185	31	10906630	5192527	894827	293752	4501572	7022	16303029	5493332
2021-04-18	22065900	269539	230535	39004	16271214	1203968	4590687	16533595	5532336	0.199	0.067	7644926	5826686	1124640	1761928	4910112	4346229	944820	1001588	2734814	1480457	179820	760340	19895104	2170796	31	11044747	5226467	906318	297650	4582499	8188	16533564	5532336
2021-04-19	22468145	402245	340828	61417	16564984	1236902	4666227	16874424	5593753	0.203	0.067	7644926	5826686	1124640	1761928	4910112	4346229	944820	1001588	2734814	1480457	179820	760340	20253018	2215127	32	11286344	5278640	931328	305574	4656720	9507	16874392	5593753
2021-04-20	23028901	560756	497986	62770	16946888	1276147	4805833	17372411	5656523	0.209	0.068	7644926	5826686	1124640	1761928	4910112	4346229	944820	1001588	2734814	1480457	179820	760340	20619323	2409578	33	11614225	5332663	963908	312239	4794245	11588	17372378	5656523
2021-04-21	23750000	721099	647942	73157	17401195	1317860	5030912	18020353	5729680	0.217	0.069	7644926	5826686	1124640	1761928	4910112	4346229	944820	1001588	2734814	1480457	179820	760340	21001274	2748726	33	12005956	5395239	997489	320371	5016875	14037	18020320	5729680
2021-04-22	24388631	638631	571416	67215	17782984	1361536	5244078	18591769	5796895	0.224	0.070	7644926	5826686	1124640	1761928	4910112	4346229	944820	1001588	2734814	1480457	179820	760340	21372646	3015985	33	12331831	5451153	1033485	328051	5226420	17658	18591736	5796895
2021-04-23	24945044	556413	487483	68930	18136280	1405126	5403605	19079252	5865825	0.229	0.071	7644926	5826686	1124640	1761928	4910112	4346229	944820	1001588	2734814	1480457	179820	760340	21760864	3184180	33	12630271	5506009	1066553	338573	5382395	21210	19079219	5865825
2021-04-24	25310672	365628	306686	58942	18371258	1454460	5484921	19385938	5924767	0.233	0.071	7644926	5826686	1124640	1761928	4910112	4346229	944820	1001588	2734814	1480457	179820	760340	22109581	3201091	33	12824031	5547227	1100517	353943	5461357	23564	19385905	5924767
2021-04-25	25593649	282977	233935	49042	18559043	1488132	5546441	19619873	5973809	0.236	0.072	7644926	5826686	1124640	1761928	4910112	4346229	944820	1001588	2734814	1480457	179820	760340	22386744	3206905	33	12974420	5584623	1124329	363803	5521091	25350	19619840	5973809
2021-04-26	26026633	432984	358995	73989	18876867	1530631	5619032	19978938	6047798	0.240	0.073	7644926	5826686	1124640	1761928	4910112	4346229	944820	1001588	2734814	1480457	179820	760340	22733136	3293497	103	13230724	5646143	1158429	372202	5589682	29350	19978835	6047798
2021-04-27	26811992	785359	693358	92001	19553496	1582131	5675709	20672849	6139799	0.249	0.074	7644926	5826686	1124640	1761928	4910112	4346229	944820	1001588	2734814	1480457	179820	760340	23103615	3708377	656	13829511	5723985	1200801	381330	5641881	33828	20672193	6139799
2021-04-28	27935142	1123150	996097	127053	20561642	1642856	5729156	21669778	6266852	0.261	0.075	7644926	5826686	1124640	1761928	4910112	4346229	944820	1001588	2734814	1480457	179820	760340	23497682	4437460	1488	14729086	5832556	1248986	393870	5690218	38938	21668290	6266852
2021-04-29	28881436	946294	812820	133474	21385955	1706780	5786304	22483507	6400326	0.270	0.077	7644926	5826686	1124640	1761928	4910112	4346229	944820	1001588	2734814	1480457	179820	760340	23885908	4995528	2397	15441126	5944829	1300516	406264	5739468	46836	22481110	6400326
2021-04-30	29685173	803737	666669	137068	22064255	1764068	5853578	23151051	6537394	0.278	0.079	7644926	5826686	1124640	1761928	4910112	4346229	944820	1001588	2734814	1480457	179820	760340	24289799	5395374	3272	16007873	6056382	1342548	421520	5797358	56220	23147779	6537394
2021-05-01	30021464	336291	260059	76232	22317090	1805559	5892969	23413684	6613626	0.282	0.080	7644926	5826686	1124640	1761928	4910112	4346229	944820	1001588	2734814	1480457	179820	760340	24601440	5420024	5846	16199471	6117619	1377634	427925	5830733	62236	23407838	6613626
2021-05-02	30286458	264994	197625	67369	22512663	1843071	5923071	23613116	6680995	0.284	0.080	7644926	5826686	1124640	1761928	4910112	4346229	944820	1001588	2734814	1480457	179820	760340	24858779	5427679	7653	16339312	6173351	1409892	433179	5856259	66812	23605463	6680995
2021-05-03	30738122	451664	335274	116390	22830508	1913645	5984730	23949976	6797385	0.288	0.082	7644926	5826686	1124640	1761928	4910112	4346229	944820	1001588	2734814	1480457	179820	760340	25216583	5521539	9239	16566164	6264344	1467258	446387	5907315	77415	23940737	6797385
2021-05-04	31581038	842916	681218	161698	23456760	1977114	6134964	24634155	6959083	0.296	0.084	7644926	5826686	1124640	1761928	4910112	4346229	944820	1001588	2734814	1480457	179820	760340	25592247	5988791	12200	17060626	6396134	1517481	459633	6043848	91116	24621955	6959083
2021-05-05	32728129	1147091	914843	232248	24307991	2056032	6347435	25553469	7191331	0.307	0.086	7644926	5826686	1124640	1761928	4910112	4346229	944820	1001588	2734814	1480457	179820	760340	26013374	6714755	16671	17726465	6581526	1570906	485126	6239427	108008	25536798	7191331
2021-05-06	33719040	990911	767280	223631	25000688	2148149	6548982	26325299	7414962	0.317	0.089	7644926	5826686	1124640	1761928	4910112	4346229	944820	1001588	2734814	1480457	179820	760340	26429174	7289866	21221	18241972	6758716	1640587	507562	6421519	127463	26304078	7414962
2021-05-07	34610114	891074	652638	238436	25588453	2234812	6761426	26982139	7653398	0.324	0.092	7644926	5826686	1124640	1761928	4910112	4346229	944820	1001588	2734814	1480457	179820	760340	26876232	7733882	25423	18655740	6932713	1696283	538529	6604693	156733	26956716	7653398
2021-05-08	35035896	425782	271731	154051	25856123	2306587	6846046	27255587	7807449	0.328	0.094	7644926	5826686	1124640	1761928	4910112	4346229	944820	1001588	2734814	1480457	179820	760340	27241523	7794373	27140	18810522	7045601	1748230	558357	6669695	176351	27228447	7807449
2021-05-09	35322076	286180	183645	102535	26050012	2363144	6880713	27440299	7909984	0.330	0.095	7644926	5826686	1124640	1761928	4910112	4346229	944820	1001588	2734814	1480457	179820	760340	27516668	7805408	28207	18925154	7124858	1793994	569150	6692944	187769	27412092	7909984
2021-05-10	35911289	589213	395730	193483	26423066	2444932	7011356	27839757	8103467	0.335	0.097	7644926	5826686	1124640	1761928	4910112	4346229	944820	1001588	2734814	1480457	179820	760340	27916983	7994306	31935	19156448	7266618	1853604	591328	6797770	213586	27807822	8103467
2021-05-11	36996997	1085708	797932	287776	27248923	2524801	7187697	28641330	8391243	0.344	0.101	7644926	5826686	1124640	1761928	4910112	4346229	944820	1001588	2734814	1480457	179820	760340	28348996	8648001	35576	19749457	7499466	1911307	613494	6944990	242707	28605754	8391243
2021-05-12	38412925	1415928	1049258	366670	28342193	2616447	7412957	29696340	8757913	0.357	0.105	7644926	5826686	1124640	1761928	4910112	4346229	944820	1001588	2734814	1480457	179820	760340	28808941	9603984	41328	20546299	7795894	1972419	644028	7136294	276663	29655012	8757913
2021-05-13	38842078	429153	268321	160832	28657458	2683178	7457467	29967308	8918745	0.360	0.107	7644926	5826686	1124640	1761928	4910112	4346229	944820	1001588	2734814	1480457	179820	760340	29164615	9677463	43975	20733803	7923655	2023941	659237	7165589	291878	29923333	8918745
2021-05-14	39598488	756410	526073	230337	29202619	2748045	7596057	30501173	9149082	0.367	0.110	7644926	5826686	1124640	1761928	4910112	4346229	944820	1001588	2734814	1480457	179820	760340	29569688	10028800	51767	21098540	8104079	2073636	674409	7277230	318827	30449406	9149082
2021-05-15	39998781	400293	234685	165608	29481804	2808424	7652506	30740138	9314690	0.370	0.112	7644926	5826686	1124640	1761928	4910112	4346229	944820	1001588	2734814	1480457	179820	760340	29922315	10076466	56047	21255346	8226458	2117591	690833	7311154	341352	30684091	9314690
2021-05-16	40280914	282133	160541	121592	29681562	2861150	7677432	30905402	9436282	0.372	0.113	7644926	5826686	1124640	1761928	4910112	4346229	944820	1001588	2734814	1480457	179820	760340	30188443	10092471	60770	21361730	8319832	2160435	700715	7322467	354965	30844632	9436282
2021-05-17	40836036	555122	349264	205858	30019786	2946793	7798930	31264423	9642140	0.376	0.116	7644926	5826686	1124640	1761928	4910112	4346229	944820	1001588	2734814	1480457	179820	760340	30574247	10261789	70527	21554608	8465178	2221666	725127	7417622	381308	31193896	9642140
2021-05-18	41707788	871752	517347	354405	30609163	3047869	7972457	31789542	9996545	0.382	0.120	7644926	5826686	1124640	1761928	4910112	4346229	944820	1001588	2734814	1480457	179820	760340	30990995	10716793	78299	21853972	8755191	2294166	753703	7563105	409352	31711243	9996545
2021-05-19	42805611	1097823	563729	534094	31413279	3147942	8153936	32365426	10530639	0.389	0.127	7644926	5826686	1124640	1761928	4910112	4346229	944820	1001588	2734814	1480457	179820	760340	31409040	11396571	90454	22197958	9215321	2360390	787552	7716624	437312	32274972	10530639
2021-05-20	43753037	947426	455575	491851	32096814	3244376	8310556	32831838	11022490	0.395	0.133	7644926	5826686	1124640	1761928	4910112	4346229	944820	1001588	2734814	1480457	179820	760340	31825523	11927514	101291	22458883	9637931	2425884	818492	7845780	464776	32730547	11022490
2021-05-21	44604050	851013	405988	445025	32692870	3330054	8467956	33249705	11467515	0.400	0.138	7644926	5826686	1124640	1761928	4910112	4346229	944820	1001588	2734814	1480457	179820	760340	32253816	12350234	113170	22681380	10011490	2482251	847803	7972904	495052	33136535	11467515
2021-05-22	45077834	473784	214998	258786	32999048	3399558	8551780	33478981	11726301	0.403	0.141	7644926	5826686	1124640	1761928	4910112	4346229	944820	1001588	2734814	1480457	179820	760340	32598670	12479164	127448	22779936	10219112	2530560	868998	8041037	510743	33351533	11726301
2021-05-23	45362895	285061	124756	160305	33191952	3458946	8575685	33612601	11886606	0.404	0.143	7644926	5826686	1124640	1761928	4910112	4346229	944820	1001588	2734814	1480457	179820	760340	32865610	12497285	136312	22845592	10346360	2574860	884086	8055837	519848	33476289	11886606
2021-05-24	45688756	325861	141113	184748	33427603	3520472	8596331	33761752	12071354	0.406	0.145	7644926	5826686	1124640	1761928	4910112	4346229	944820	1001588	2734814	1480457	179820	760340	33175946	12512810	144350	22928196	10499407	2621390	899082	8067816	528515	33617402	12071354
2021-05-25	46344221	655465	272088	383377	33874130	3600205	8700379	34058997	12454731	0.410	0.150	7644926	5826686	1124640	1761928	4910112	4346229	944820	1001588	2734814	1480457	179820	760340	33572468	12771753	169507	23069866	10804264	2672825	927380	8146799	553580	33889490	12454731
2021-05-26	47523973	1179752	469521	710231	34759159	3682552	8834483	34606790	13164962	0.416	0.158	7644926	5826686	1124640	1761928	4910112	4346229	944820	1001588	2734814	1480457	179820	760340	33988805	13535168	247779	23384678	11374481	2725406	957146	8248927	585556	34359011	13164962
2021-05-27	48564776	1040803	404183	636620	35498276	3771480	8966121	35092093	13801582	0.422	0.166	7644926	5826686	1124640	1761928	4910112	4346229	944820	1001588	2734814	1480457	179820	760340	34407771	14157005	328899	23642541	11855735	2777031	994449	8343622	622499	34763194	13801582
2021-05-28	49468688	903912	356370	547542	36101770	3857615	9096649	35532218	14349124	0.427	0.173	7644926	5826686	1124640	1761928	4910112	4346229	944820	1001588	2734814	1480457	179820	760340	34843722	14624966	412654	23859374	12242396	2827555	1030060	8432635	664014	35119564	14349124
2021-05-29	49878862	410174	151734	258440	36363592	3920206	9154618	35711744	14607564	0.429	0.176	7644926	5826686	1124640	1761928	4910112	4346229	944820	1001588	2734814	1480457	179820	760340	35179487	14699375	440446	23939220	12424372	2864408	1055798	8467670	686948	35271298	14607564
2021-05-30	50162401	283539	97729	185810	36560736	3967218	9182969	35820505	14793374	0.431	0.178	7644926	5826686	1124640	1761928	4910112	4346229	944820	1001588	2734814	1480457	179820	760340	35441208	14721193	451478	23998433	12562303	2891761	1075457	8478833	704136	35369027	14793374
2021-05-31	50709132	546731	178385	368346	36927939	4034646	9252594	36041365	15161720	0.433	0.182	7644926	5826686	1124640	1761928	4910112	4346229	944820	1001588	2734814	1480457	179820	760340	35830170	14878962	493953	24110195	12817744	2919445	1115201	8517772	734822	35547412	15161720
2021-06-01	51697505	988373	400076	588297	37661448	4114439	9343110	36525996	15750017	0.439	0.189	7644926	5826686	1124640	1761928	4910112	4346229	944820	1001588	2734814	1480457	179820	760340	36228070	15469435	578508	24426377	13235071	2949198	1165241	8571913	771197	35947488	15750017
2021-06-02	52946146	1248641	516840	731801	38650433	4187013	9425342	37147686	16481818	0.447	0.198	7644926	5826686	1124640	1761928	4910112	4346229	944820	1001588	2734814	1480457	179820	760340	36636433	16309713	683358	24875775	13774658	2973670	1213343	8614883	810459	36464328	16481818
2021-06-03	53588869	642723	230404	412319	39125425	4251322	9475562	37431292	16894137	0.450	0.203	7644926	5826686	1124640	1761928	4910112	4346229	944820	1001588	2734814	1480457	179820	760340	36999743	16589126	736560	25055608	14069817	3003378	1247944	8635746	839816	36694732	16894137
2021-06-04	54399892	811023	291270	519753	39711129	4322545	9552442	37799778	17413890	0.455	0.209	7644926	5826686	1124640	1761928	4910112	4346229	944820	1001588	2734814	1480457	179820	760340	37408278	16991614	813776	25283688	14427441	3032072	1290473	8670242	882200	36986002	17413890
2021-06-05	54812747	412855	96344	316511	39982224	4389513	9596623	37926733	17730401	0.456	0.213	7644926	5826686	1124640	1761928	4910112	4346229	944820	1001588	2734814	1480457	179820	760340	37757589	17055158	844387	25342815	14639409	3058369	1331144	8681162	915461	37082346	17730401
2021-06-06	55104950	292203	59469	232734	40187943	4430508	9623871	38004443	17963135	0.457	0.216	7644926	5826686	1124640	1761928	4910112	4346229	944820	1001588	2734814	1480457	179820	760340	38020083	17084867	862628	25386766	14801177	3070343	1360165	8684706	939165	37141815	17963135
2021-06-07	55719187	614237	193140	421097	40590094	4515573	9696410	38252065	18384232	0.460	0.221	7644926	5826686	1124640	1761928	4910112	4346229	944820	1001588	2734814	1480457	179820	760340	38395036	17323248	917110	25521183	15068911	3097911	1417662	8715861	980549	37334955	18384232
2021-06-08	56772726	1053539	341558	711981	41436942	4590950	9759376	38661971	19096213	0.465	0.230	7644926	5826686	1124640	1761928	4910112	4346229	944820	1001588	2734814	1480457	179820	760340	38800754	17968865	985458	25804203	15632739	3124147	1466803	8748163	1011213	37676513	19096213
2021-06-09	58196497	1423771	449082	974689	42613660	4678189	9823412	39206831	20070902	0.471	0.241	7644926	5826686	1124640	1761928	4910112	4346229	944820	1001588	2734814	1480457	179820	760340	39233796	18956810	1081236	26192461	16421199	3152558	1525631	8780576	1042836	38125595	20070902
2021-06-10	59388223	1191726	405120	786606	43571333	4767996	9879214	39700395	20857508	0.477	0.251	7644926	5826686	1124640	1761928	4910112	4346229	944820	1001588	2734814	1480457	179820	760340	39673981	19705530	1169680	26538632	17032701	3184591	1583405	8807492	1071722	38530715	20857508
2021-06-11	60450933	1062710	364459	698251	44379095	4857037	9948346	40161629	21555759	0.483	0.259	7644926	5826686	1124640	1761928	4910112	4346229	944820	1001588	2734814	1480457	179820	760340	40120915	20318630	1266455	26845259	17533836	3212808	1644229	8837107	1111239	38895174	21555759
2021-06-12	60886369	435436	123953	311483	44663940	4928954	9991782	40320820	21867242	0.485	0.263	7644926	5826686	1124640	1761928	4910112	4346229	944820	1001588	2734814	1480457	179820	760340	40453254	20420893	1301693	26937346	17726594	3231531	1697423	8850250	1141532	39019127	21867242
2021-06-13	61169335	282966	64749	218217	44843802	4992457	10017595	40399357	22085459	0.486	0.266	7644926	5826686	1124640	1761928	4910112	4346229	944820	1001588	2734814	1480457	179820	760340	40700560	20456247	1315481	26981520	17862282	3247466	1744991	8854890	1162705	39083876	22085459
2021-06-14	61824664	655329	214312	441017	45275125	5093796	10085025	40668906	22526476	0.489	0.271	7644926	5826686	1124640	1761928	4910112	4346229	944820	1001588	2734814	1480457	179820	760340	41113378	20696780	1370718	27154571	18120554	3271094	1822702	8872523	1212502	39298188	22526476
2021-06-15	62871448	1046784	346973	699811	46073560	5198448	10169638	41074963	23226287	0.494	0.279	7644926	5826686	1124640	1761928	4910112	4346229	944820	1001588	2734814	1480457	179820	760340	41569983	21283470	1429802	27453334	18620226	3299637	1898811	8892190	1277448	39645161	23226287
2021-06-16	64253472	1382024	466099	915925	47176082	5304977	10266323	41617350	24142212	0.500	0.290	7644926	5826686	1124640	1761928	4910112	4346229	944820	1001588	2734814	1480457	179820	760340	42049434	22182018	1506090	27861478	19314604	3332036	1972941	8917746	1348577	40111260	24142212
2021-06-17	65400997	1147525	399364	748161	48059564	5408554	10358532	42084971	24890373	0.506	0.299	7644926	5826686	1124640	1761928	4910112	4346229	944820	1001588	2734814	1480457	179820	760340	42523389	22852215	1574347	28208816	19850748	3361760	2046794	8940048	1418484	40510624	24890373
2021-06-18	66393015	992018	344983	647035	48791988	5502979	10454867	42498788	25537408	0.511	0.307	7644926	5826686	1124640	1761928	4910112	4346229	944820	1001588	2734814	1480457	179820	760340	42982420	23382503	1643181	28500456	20291532	3393022	2109957	8962129	1492738	40855607	25537408
2021-06-19	66820015	427000	119629	307371	49064827	5585055	10505810	42639559	25844779	0.513	0.311	7644926	5826686	1124640	1761928	4910112	4346229	944820	1001588	2734814	1480457	179820	760340	43323679	23466988	1664323	28592557	20472270	3414004	2171051	8968675	1537135	40975236	25844779
2021-06-20	67115070	295055	67864	227191	49243629	5656648	10537657	42720236	26071970	0.514	0.313	7644926	5826686	1124640	1761928	4910112	4346229	944820	1001588	2734814	1480457	179820	760340	43588829	23496614	1677136	28641774	20601855	3430033	2226615	8971293	1566364	41043100	26071970
2021-06-21	67745774	630704	209458	421246	49654871	5754283	10623135	42966043	26493216	0.517	0.319	7644926	5826686	1124640	1761928	4910112	4346229	944820	1001588	2734814	1480457	179820	760340	43987983	23726147	1713485	28812192	20842679	3455082	2299201	8985284	1637851	41252558	26493216
2021-06-22	68821806	1076032	374919	701113	50498168	5850312	10725692	43375111	27194329	0.522	0.327	7644926	5826686	1124640	1761928	4910112	4346229	944820	1001588	2734814	1480457	179820	760340	44431311	24354112	1747634	29140152	21358016	3485807	2364505	9001518	1724174	41627477	27194329
2021-06-23	70155887	1334081	487834	846247	51586077	5946336	10841309	43897476	28040576	0.528	0.337	7644926	5826686	1124640	1761928	4910112	4346229	944820	1001588	2734814	1480457	179820	760340	44876455	25237778	1782165	29577236	22008841	3515897	2430439	9022178	1819131	42115311	28040576
2021-06-24	71190560	1034673	488625	546048	52382393	6033676	10952028	44426399	28586624	0.534	0.344	7644926	5826686	1124640	1761928	4910112	4346229	944820	1001588	2734814	1480457	179820	760340	45313679	25830883	1822463	30009211	22373182	3551299	2482377	9043426	1908602	42603936	28586624
2021-06-25	72110467	919907	379903	540004	53075653	6110263	11061938	44846452	29126628	0.539	0.350	7644926	5826686	1124640	1761928	4910112	4346229	944820	1001588	2734814	1480457	179820	760340	45746841	26314646	1862613	30342407	22733246	3578133	2532130	9063299	1998639	42983839	29126628
2021-06-26	72520086	409619	136610	273009	53330388	6179335	11134489	44996323	29399637	0.541	0.354	7644926	5826686	1124640	1761928	4910112	4346229	944820	1001588	2734814	1480457	179820	760340	46092109	26378225	1875874	30447099	22883289	3603750	2575585	9069600	2064889	43120449	29399637
2021-06-27	72811961	291875	89977	201898	53503272	6237450	11191244	45090421	29601535	0.542	0.356	7644926	5826686	1124640	1761928	4910112	4346229	944820	1001588	2734814	1480457	179820	760340	46357911	26403445	1879995	30514356	22988916	3623067	2614383	9073003	2118241	43210426	29601535
2021-06-28	73440806	628845	243891	384954	53903923	6327492	11305009	45358699	29986489	0.545	0.361	7644926	5826686	1124640	1761928	4910112	4346229	944820	1001588	2734814	1480457	179820	760340	46770262	26617843	1904382	30712070	23191853	3655492	2672000	9086755	2218254	43454317	29986489
2021-06-29	74373134	932328	388901	543427	54588137	6420436	11437741	45770038	30529916	0.550	0.367	7644926	5826686	1124640	1761928	4910112	4346229	944820	1001588	2734814	1480457	179820	760340	47201948	27113831	1926820	31056176	23531961	3688532	2731904	9098510	2339231	43843218	30529916
2021-06-30	75395464	1022330	451314	571016	55356993	6514584	11574357	46244062	31100932	0.556	0.374	7644926	5826686	1124640	1761928	4910112	4346229	944820	1001588	2734814	1480457	179820	760340	47634918	27697962	1949530	31458146	23898847	3723371	2791213	9113015	2461342	44294532	31100932
2021-07-01	76377676	982212	452741	529471	56100258	6598111	11707165	46719415	31630403	0.562	0.380	7644926	5826686	1124640	1761928	4910112	4346229	944820	1001588	2734814	1480457	179820	760340	48042561	28268207	1972142	31866751	24233507	3753974	2844137	9126548	2580617	44747273	31630403
2021-07-02	77224399	846723	380160	466563	56750594	6693098	11786390	47121750	32096966	0.567	0.386	7644926	5826686	1124640	1761928	4910112	4346229	944820	1001588	2734814	1480457	179820	760340	48444147	28709971	1994317	32205876	24544718	3785789	2907309	9135768	2650622	45127433	32096966
2021-07-03	77601843	377444	149334	228110	57006361	6772423	11813533	47286293	32325076	0.569	0.389	7644926	5826686	1124640	1761928	4910112	4346229	944820	1001588	2734814	1480457	179820	760340	48754594	28776252	2009526	32327752	24678609	3810443	2961980	9138572	2674961	45276767	32325076
2021-07-04	77875168	273325	93145	180180	57188080	6840580	11828064	47388356	32505256	0.570	0.391	7644926	5826686	1124640	1761928	4910112	4346229	944820	1001588	2734814	1480457	179820	760340	49000400	28803194	2018444	32400963	24787117	3828920	3011660	9140029	2688035	45369912	32505256
2021-07-05	78411696	536528	196839	339689	57575669	6935115	11867616	47600047	32844945	0.572	0.395	7644926	5826686	1124640	1761928	4910112	4346229	944820	1001588	2734814	1480457	179820	760340	49344873	28993153	2033296	32567185	25008484	3855179	3079936	9144387	2723229	45566751	32844945
2021-07-06	79189894	778198	270756	507442	58193534	7034429	11912931	47886507	33352387	0.576	0.401	7644926	5826686	1124640	1761928	4910112	4346229	944820	1001588	2734814	1480457	179820	760340	49689399	29423099	2049000	32807941	25385593	3880553	3153876	9149013	2763918	45837507	33352387
2021-07-07	80185822	995928	324283	671645	59023133	7130402	11964243	48229834	34024032	0.580	0.409	7644926	5826686	1124640	1761928	4910112	4346229	944820	1001588	2734814	1480457	179820	760340	50047098	30056482	2068044	33102104	25921029	3905262	3225140	9154424	2809819	46161790	34024032
2021-07-08	81033576	847754	263263	584491	59707374	7231880	12006876	48512499	34608523	0.583	0.416	7644926	5826686	1124640	1761928	4910112	4346229	944820	1001588	2734814	1480457	179820	760340	50395650	30551427	2087446	33338588	26368786	3927754	3304126	9158711	2848165	46425053	34608523
2021-07-09	81791370	757794	219758	538036	60302433	7330761	12050079	48752908	35146559	0.586	0.423	7644926	5826686	1124640	1761928	4910112	4346229	944820	1001588	2734814	1480457	179820	760340	50744404	30956968	2108097	33535999	26766434	3945659	3385102	9163153	2886926	46644811	35146559
2021-07-10	82134804	343434	95816	247618	60530771	7414960	12071196	48858504	35394177	0.587	0.426	7644926	5826686	1124640	1761928	4910112	4346229	944820	1001588	2734814	1480457	179820	760340	51018929	31025280	2117877	33612212	26918559	3963819	3451141	9164596	2906600	46740627	35394177
2021-07-11	82362720	227916	61114	166802	60676553	7478512	12081485	48927911	35560979	0.588	0.428	7644926	5826686	1124640	1761928	4910112	4346229	944820	1001588	2734814	1480457	179820	760340	51227551	31044204	2126170	33658049	27018504	3978626	3499886	9165066	2916419	46801741	35560979
2021-07-12	82830686	467966	151217	316749	61026898	7557998	12105518	49093230	35877728	0.590	0.431	7644926	5826686	1124640	1761928	4910112	4346229	944820	1001588	2734814	1480457	179820	760340	51497064	31240232	2140272	33778423	27248475	4007599	3550399	9166936	2938582	46952958	35877728
2021-07-13	83591794	761108	180215	580893	61655584	7635884	12140131	49293368	36458621	0.593	0.438	7644926	5826686	1124640	1761928	4910112	4346229	944820	1001588	2734814	1480457	179820	760340	51754913	31739362	2160195	33930347	27725237	4033628	3602256	9169198	2970933	47133173	36458621
2021-07-14	84566508	974714	203279	771435	62488140	7707975	12187274	49519571	37230056	0.595	0.448	7644926	5826686	1124640	1761928	4910112	4346229	944820	1001588	2734814	1480457	179820	760340	52035086	32429200	2183119	34108685	28379455	4054899	3653076	9172868	3014406	47336452	37230056
2021-07-15	85333123	766615	171007	595608	63122465	7779125	12225838	49713154	37825664	0.598	0.455	7644926	5826686	1124640	1761928	4910112	4346229	944820	1001588	2734814	1480457	179820	760340	52295590	32931568	2205695	34257579	28864886	4074137	3704988	9175743	3050095	47507459	37825664
2021-07-16	85992762	659639	151730	507909	63663460	7843599	12257800	49887092	38333573	0.600	0.461	7644926	5826686	1124640	1761928	4910112	4346229	944820	1001588	2734814	1480457	179820	760340	52554671	33328254	2227903	34390111	29273349	4091412	3752187	9177666	3080134	47659189	38333573
2021-07-17	86264395	271633	71058	200575	63837643	7906821	12273453	49976725	38534148	0.601	0.463	7644926	5826686	1124640	1761928	4910112	4346229	944820	1001588	2734814	1480457	179820	760340	52767927	33384580	2246478	34444541	29393102	4107154	3799667	9178552	3094901	47730247	38534148
2021-07-18	86464337	199942	59732	140210	63973316	7948387	12284909	50047704	38674358	0.602	0.465	7644926	5826686	1124640	1761928	4910112	4346229	944820	1001588	2734814	1480457	179820	760340	52939245	33412623	2257725	34494696	29478620	4116454	3831933	9178829	3106080	47789979	38674358
2021-07-19	86845118	380781	91720	289061	64269547	7998914	12304692	50153664	38963419	0.603	0.468	7644926	5826686	1124640	1761928	4910112	4346229	944820	1001588	2734814	1480457	179820	760340	53137985	33592649	2271965	34572134	29697413	4129404	3869510	9180161	3124531	47881699	38963419
2021-07-20	87450726	605608	126511	479097	64790506	8047319	12326622	50294489	39442516	0.605	0.474	7644926	5826686	1124640	1761928	4910112	4346229	944820	1001588	2734814	1480457	179820	760340	53361481	33970767	2286279	34680443	30110063	4145078	3902241	9182689	3143933	48008210	39442516
2021-07-21	88204659	753933	155161	598772	65461715	8093376	12349408	50463531	40041288	0.607	0.481	7644926	5826686	1124640	1761928	4910112	4346229	944820	1001588	2734814	1480457	179820	760340	53604020	34477235	2300160	34821043	30640672	4158043	3935333	9184285	3165123	48163371	40041288
2021-07-22	88824839	620180	121454	498726	66006041	8136809	12368252	50598562	40540014	0.608	0.487	7644926	5826686	1124640	1761928	4910112	4346229	944820	1001588	2734814	1480457	179820	760340	53839084	34857754	2313737	34931013	31075028	4168135	3968674	9185677	3182575	48284825	40540014
2021-07-23	89392712	567873	113595	454278	66494936	8179101	12386804	50730291	40994292	0.610	0.493	7644926	5826686	1124640	1761928	4910112	4346229	944820	1001588	2734814	1480457	179820	760340	54076105	35185498	2331871	35033306	31461630	4178098	4001003	9187016	3199788	48398420	40994292
2021-07-24	89603140	210428	52582	157846	66648313	8216567	12394546	50794716	41152138	0.611	0.495	7644926	5826686	1124640	1761928	4910112	4346229	944820	1001588	2734814	1480457	179820	760340	54230574	35239989	2343714	35077851	31570462	4185371	4031196	9187780	3206766	48451002	41152138
2021-07-25	89727401	124261	31991	92270	66732104	8248011	12397822	50832457	41244408	0.611	0.496	7644926	5826686	1124640	1761928	4910112	4346229	944820	1001588	2734814	1480457	179820	760340	54334991	35258381	2349464	35103465	31628639	4191631	4056380	9187897	3209925	48482993	41244408
2021-07-26	90064070	336669	71571	265098	67005580	8287797	12410154	50915103	41509506	0.612	0.499	7644926	5826686	1124640	1761928	4910112	4346229	944820	1001588	2734814	1480457	179820	760340	54521416	35406924	2360539	35164316	31841264	4201195	4086602	9189053	3221101	48554564	41509506
2021-07-27	90612702	548632	97931	450701	67479318	8329940	12430036	51025903	41960207	0.614	0.505	7644926	5826686	1124640	1761928	4910112	4346229	944820	1001588	2734814	1480457	179820	760340	54733405	35739285	2373408	35252264	32227054	4209865	4120075	9190366	3239670	48652495	41960207
2021-07-28	91297741	685039	121631	563408	68080464	8376770	12453373	51161260	42523615	0.615	0.511	7644926	5826686	1124640	1761928	4910112	4346229	944820	1001588	2734814	1480457	179820	760340	54968288	36185608	2387134	35363229	32717235	4219297	4157473	9191600	3261773	48774126	42523615
2021-07-29	91872363	574622	104934	469688	68577170	8420205	12473158	51280890	42993303	0.617	0.517	7644926	5826686	1124640	1761928	4910112	4346229	944820	1001588	2734814	1480457	179820	760340	55182979	36541536	2401830	35457771	33119399	4228473	4191732	9192816	3280342	48879060	42993303
2021-07-30	92367011	494648	94045	400603	68993313	8465454	12490321	51391028	43393906	0.618	0.522	7644926	5826686	1124640	1761928	4910112	4346229	944820	1001588	2734814	1480457	179820	760340	55398061	36818387	2417923	35541749	33451564	4237471	4227983	9193885	3296436	48973105	43393906
2021-07-31	92561524	194513	47079	147434	69133470	8501309	12496338	51450591	43541340	0.619	0.524	7644926	5826686	1124640	1761928	4910112	4346229	944820	1001588	2734814	1480457	179820	760340	55554080	36856357	2430407	35582433	33551037	4243711	4257598	9194040	3302298	49020184	43541340
2021-08-01	92678103	116579	30388	86191	69216794	8526375	12498654	51486852	43627531	0.619	0.525	7644926	5826686	1124640	1761928	4910112	4346229	944820	1001588	2734814	1480457	179820	760340	55653917	36872662	2436280	35608563	33608231	4247887	4278488	9194122	3304532	49050572	43627531
2021-08-02	92969343	291240	58346	232894	69454321	8559754	12507779	51556407	43860425	0.620	0.527	7644926	5826686	1124640	1761928	4910112	4346229	944820	1001588	2734814	1480457	179820	760340	55823109	36992897	2447489	35661207	33793114	4253017	4306737	9194694	3313085	49108918	43860425
2021-08-03	93427792	458449	76504	381945	69849342	8598070	12519714	51646088	44242370	0.621	0.532	7644926	5826686	1124640	1761928	4910112	4346229	944820	1001588	2734814	1480457	179820	760340	56011767	37259593	2460666	35732100	34117242	4257902	4340168	9195420	3324294	49185422	44242370
2021-08-04	93994959	567167	96349	470818	70356252	8634342	12530972	51755164	44713188	0.622	0.538	7644926	5826686	1124640	1761928	4910112	4346229	944820	1001588	2734814	1480457	179820	760340	56220277	37614993	2473393	35822306	34533946	4263546	4370796	9195919	3335053	49281771	44713188
2021-08-05	94508301	513342	85221	428121	70807739	8673987	12538913	51854654	45141309	0.624	0.543	7644926	5826686	1124640	1761928	4910112	4346229	944820	1001588	2734814	1480457	179820	760340	56434807	37910549	2487662	35901708	34906031	4268758	4405229	9196526	3342387	49366992	45141309
2021-08-06	94945530	437229	80735	356494	71186767	8709753	12546214	51950523	45497803	0.625	0.547	7644926	5826686	1124640	1761928	4910112	4346229	944820	1001588	2734814	1480457	179820	760340	56652780	38127512	2502796	35976294	35210473	4274477	4435276	9196956	3349258	49447727	45497803
2021-08-07	95129175	183645	40741	142904	71324167	8741581	12547757	52004138	45640707	0.625	0.549	7644926	5826686	1124640	1761928	4910112	4346229	944820	1001588	2734814	1480457	179820	760340	56811425	38151629	2515670	36012260	35311907	4279172	4462409	9197036	3350721	49488468	45640707
2021-08-08	95244975	115800	23351	92449	71413304	8763334	12548677	52031479	45733156	0.626	0.550	7644926	5826686	1124640	1761928	4910112	4346229	944820	1001588	2734814	1480457	179820	760340	56915575	38163142	2519660	36032812	35380492	4281929	4481405	9197078	3351599	49511819	45733156
2021-08-09	95536850	291875	51013	240862	71649465	8804764	12554004	52091449	45974018	0.626	0.553	7644926	5826686	1124640	1761928	4910112	4346229	944820	1001588	2734814	1480457	179820	760340	57104334	38264866	2528617	36079035	35570430	4286412	4518352	9197385	3356619	49562832	45974018
2021-08-10	95962431	425581	73902	351679	72013402	8847367	12561868	52176528	46325697	0.627	0.557	7644926	5826686	1124640	1761928	4910112	4346229	944820	1001588	2734814	1480457	179820	760340	57295743	38496745	2539794	36147399	35866003	4291384	4555983	9197951	3363917	49636734	46325697
2021-08-11	96499558	537127	103386	433741	72478265	8894347	12571558	52295508	46759438	0.629	0.562	7644926	5826686	1124640	1761928	4910112	4346229	944820	1001588	2734814	1480457	179820	760340	57519130	38807109	2555388	36242380	36235885	4299118	4595229	9198622	3372936	49740120	46759438
2021-08-12	96965493	465935	98691	367244	72880612	8932458	12578537	52412697	47126682	0.630	0.567	7644926	5826686	1124640	1761928	4910112	4346229	944820	1001588	2734814	1480457	179820	760340	57730710	39058964	2573886	36333920	36546692	4305760	4626698	9199131	3379406	49838811	47126682
2021-08-13	97383369	417876	93811	324065	73231859	8973521	12585057	52525554	47450747	0.632	0.571	7644926	5826686	1124640	1761928	4910112	4346229	944820	1001588	2734814	1480457	179820	760340	57954608	39251353	2592932	36420090	36811769	4312916	4660605	9199616	3385441	49932622	47450747
2021-08-14	97573525	190156	49611	140545	73375319	9004998	12586428	52589013	47591292	0.632	0.572	7644926	5826686	1124640	1761928	4910112	4346229	944820	1001588	2734814	1480457	179820	760340	58125733	39269532	2606780	36464779	36910540	4317767	4687231	9199687	3386741	49982233	47591292
2021-08-15	97690331	116806	30265	86541	73463198	9025906	12587113	52626612	47677833	0.633	0.573	7644926	5826686	1124640	1761928	4910112	4346229	944820	1001588	2734814	1480457	179820	760340	58234352	39277544	2614114	36491712	36971486	4321075	4704831	9199711	3387402	50012498	47677833
2021-08-16	97950824	260493	67528	192965	73674769	9058701	12589946	52707434	47870798	0.634	0.576	7644926	5826686	1124640	1761928	4910112	4346229	944820	1001588	2734814	1480457	179820	760340	58409573	39361152	2627408	36552810	37121959	4327233	4731468	9199983	3389963	50080026	47870798
2021-08-17	98302831	352007	95384	256623	73978207	9087222	12595689	52817123	48127421	0.635	0.579	7644926	5826686	1124640	1761928	4910112	4346229	944820	1001588	2734814	1480457	179820	760340	58566093	39554693	2641713	36642927	37335280	4331904	4755318	9200579	3395110	50175410	48127421
2021-08-18	98706065	403234	111380	291854	74331105	9115928	12601690	52944132	48419275	0.637	0.582	7644926	5826686	1124640	1761928	4910112	4346229	944820	1001588	2734814	1480457	179820	760340	58723343	39798751	2657342	36748709	37582396	4337141	4778787	9200940	3400750	50286790	48419275
