date	dosen_kumulativ	dosen_differenz_zum_vortag	dosen_erst_differenz_zum_vortag	dosen_zweit_differenz_zum_vortag	dosen_biontech_kumulativ	dosen_moderna_kumulativ	dosen_astrazeneca_kumulativ	personen_erst_kumulativ	personen_voll_kumulativ	impf_quote_erst	impf_quote_voll	indikation_alter_dosen	indikation_beruf_dosen	indikation_medizinisch_dosen	indikation_pflegeheim_dosen	indikation_alter_erst	indikation_beruf_erst	indikation_medizinisch_erst	indikation_pflegeheim_erst	indikation_alter_voll	indikation_beruf_voll	indikation_medizinisch_voll	indikation_pflegeheim_voll	dosen_dim_kumulativ	dosen_kbv_kumulativ	dosen_johnson_kumulativ	dosen_biontech_erst_kumulativ	dosen_biontech_zweit_kumulativ	dosen_moderna_erst_kumulativ	dosen_moderna_zweit_kumulativ	dosen_astrazeneca_erst_kumulativ	dosen_astrazeneca_zweit_kumulativ	dosen_erst_kumulativ	dosen_zweit_kumulativ
2020-12-27	24089	24089	24076	13	24087	2	0	24076	13	0.000	0.000	10705	8657	1305	12604	10664	8590	1305	12536	41	67	0	68	24089	0	0	24074	13	2	0	0	0	24076	13
2020-12-28	42083	17994	17833	161	42081	2	0	41909	174	0.001	0.000	18621	15788	1991	21344	18580	15721	1991	21276	41	67	0	68	42083	0	0	41907	174	2	0	0	0	41909	174
2020-12-29	92098	50015	49281	734	92095	2	1	91190	908	0.001	0.000	34989	40734	3107	40508	34724	40420	3107	40099	265	314	0	409	92098	0	0	91187	908	2	0	1	0	91190	908
2020-12-30	155591	63493	63355	138	155588	2	1	154545	1046	0.002	0.000	55510	73365	4901	63206	55243	73050	4901	62794	267	315	0	412	155591	0	0	154542	1046	2	0	1	0	154545	1046
2020-12-31	205281	49690	49601	89	205278	2	1	204146	1135	0.002	0.000	72831	96719	6752	83965	72517	96367	6752	83476	314	352	0	489	205281	0	0	204143	1135	2	0	1	0	204146	1135
2021-01-01	230634	25353	25344	9	230623	7	4	229490	1144	0.003	0.000	81208	105449	7830	92301	80894	105097	7830	91812	314	352	0	489	230634	0	0	229480	1143	7	0	3	1	229490	1144
2021-01-02	278582	47948	47662	286	278571	7	4	277152	1430	0.003	0.000	102774	129731	10350	113258	102365	129304	10350	112629	409	427	0	629	278582	0	0	277142	1429	7	0	3	1	277152	1430
2021-01-03	300994	22412	22407	5	300982	8	4	299559	1435	0.004	0.000	113044	140227	11284	123279	112635	139800	11284	122650	409	427	0	629	300994	0	0	299548	1434	8	0	3	1	299559	1435
2021-01-04	346837	45843	45747	96	346824	9	4	345306	1531	0.004	0.000	129646	164913	13951	139091	129237	164486	13951	138462	409	427	0	629	346837	0	0	345294	1530	9	0	3	1	345306	1531
2021-01-05	399063	52226	51889	337	399049	10	4	397195	1868	0.005	0.000	147987	192565	16489	157656	147576	192117	16489	157025	411	448	0	631	399063	0	0	397182	1867	10	0	3	1	397195	1868
2021-01-06	461575	62512	62419	93	461552	16	7	459614	1961	0.006	0.000	169498	225530	19910	180812	169086	225082	19910	180181	412	448	0	631	461575	0	0	459593	1959	16	0	5	2	459614	1961
2021-01-07	516159	54584	54563	21	516131	19	9	514177	1982	0.006	0.000	189172	254868	22957	197233	188758	254418	22957	196600	414	450	0	633	516159	0	0	514151	1980	19	0	7	2	514177	1982
2021-01-08	578374	62215	62107	108	578294	70	10	576284	2090	0.007	0.000	211521	287315	26324	218219	211009	286711	26320	217449	512	604	4	770	578374	0	0	576206	2088	70	0	8	2	576284	2090
2021-01-09	638379	60005	59857	148	638295	73	11	636141	2238	0.008	0.000	237322	313238	29007	243325	236798	312599	29003	242545	524	639	4	780	638379	0	0	636060	2235	73	0	8	3	636141	2238
2021-01-10	674112	35733	35584	149	674020	81	11	671725	2387	0.008	0.000	252455	327794	30379	256315	251929	327151	30375	255535	526	643	4	780	674112	0	0	671637	2383	80	1	8	3	671725	2387
2021-01-11	741925	67813	67711	102	741817	95	13	739436	2489	0.009	0.000	277513	359176	33587	276774	276967	358513	33583	275968	546	663	4	806	741925	0	0	739338	2479	88	7	10	3	739436	2489
2021-01-12	820472	78547	78483	64	820348	110	14	817919	2553	0.010	0.000	305695	401338	36582	301731	305147	400670	36578	300888	548	668	4	843	820472	0	0	817806	2542	103	7	10	4	817919	2553
2021-01-13	931693	111221	111020	201	930401	1278	14	928939	2754	0.011	0.000	345167	458844	40485	337339	344574	458093	40466	336399	593	751	19	940	931693	0	0	927658	2743	1271	7	10	4	928939	2754
2021-01-14	1015268	83575	83353	222	1008827	6427	14	1012292	2976	0.012	0.000	374803	501101	42769	361463	374094	500254	42750	360452	709	847	19	1011	1015268	0	0	1005906	2921	6376	51	10	4	1012292	2976
2021-01-15	1106248	90980	90134	846	1094536	11693	19	1102426	3822	0.013	0.000	408725	545673	46728	389202	407810	544625	46700	387982	915	1048	28	1220	1106248	0	0	1090769	3767	11642	51	15	4	1102426	3822
2021-01-16	1163722	57474	56469	1005	1150330	13372	20	1158895	4827	0.014	0.000	432983	570627	48859	408798	431664	569232	48767	407047	1319	1395	92	1751	1163722	0	0	1145558	4772	13321	51	16	4	1158895	4827
2021-01-17	1211064	47342	30427	16915	1196409	14633	21	1189323	21742	0.014	0.000	453449	591002	50884	428544	444215	583354	50014	417145	9234	7648	870	11399	1211064	0	1	1174723	21686	14582	51	17	4	1189322	21742
2021-01-18	1293279	82215	66629	15586	1274481	18775	22	1255952	37328	0.015	0.000	482728	633883	53106	448900	467235	619730	51700	430238	15493	14153	1406	18662	1293279	0	1	1237211	37270	18722	53	18	4	1255951	37328
2021-01-19	1412289	119010	83008	36002	1389815	22442	31	1338960	73330	0.016	0.001	519765	695968	56714	479843	492669	666683	54375	447938	27096	29285	2339	31905	1412289	0	1	1316548	73267	22384	58	27	4	1338959	73330
2021-01-20	1543739	131450	78063	53387	1518520	25184	34	1417023	126717	0.017	0.002	568076	760039	60957	522078	522876	706310	57505	469463	45200	53729	3452	52615	1543739	0	1	1391866	126654	25126	58	30	4	1417022	126717
2021-01-21	1648582	104843	64100	40743	1620622	27924	35	1481123	167460	0.018	0.002	610150	808503	65406	556195	549621	735602	60889	487988	60529	72901	4517	68207	1648582	0	1	1453227	167395	27865	59	30	5	1481122	167460
2021-01-22	1749974	101392	68222	33170	1719820	30110	43	1549345	200630	0.019	0.002	654049	853889	69013	590642	579902	764987	63599	506975	74147	88902	5414	83667	1749974	0	1	1519260	200560	30046	64	38	5	1549344	200630
2021-01-23	1836322	86348	40479	45869	1805812	30463	46	1589824	246499	0.019	0.003	691767	890989	72414	617916	599855	780966	64783	516268	91912	110023	7631	101648	1836322	0	1	1559384	246428	30398	65	41	5	1589823	246499
2021-01-24	1883447	47125	25534	21591	1852735	30661	50	1615358	268090	0.019	0.003	715655	910067	73331	632982	614016	789814	65130	521524	101639	120253	8201	111458	1883447	0	1	1584716	268019	30596	65	45	5	1615357	268090
2021-01-25	1974216	90769	52471	38298	1942085	32077	53	1667829	306388	0.020	0.004	756375	951632	76827	658117	642321	811974	66847	534304	114054	139658	9980	123813	1974216	0	1	1635771	306314	32009	68	48	5	1667828	306388
2021-01-26	2071657	97441	50715	46726	2038085	33511	60	1718544	353114	0.021	0.004	796572	997196	80614	684405	667753	831436	68195	545278	128819	165760	12419	139127	2071657	0	1	1685050	353035	33438	73	55	5	1718543	353114
2021-01-27	2180690	109033	50866	58167	2145323	35297	68	1769411	411281	0.021	0.005	839834	1049509	85786	715259	691463	852265	70042	556304	148371	197244	15744	158955	2180690	0	2	1734134	411189	35212	85	63	5	1769409	411281
2021-01-28	2273177	92487	46593	45894	2236179	36925	71	1816004	457175	0.022	0.005	877990	1090332	89974	739697	713483	869115	71590	567469	164507	221217	18384	172228	2273177	0	2	1779184	456995	36752	173	66	5	1816002	457175
2021-01-29	2380920	107743	49997	57746	2342435	38405	78	1866001	514921	0.022	0.006	920894	1138243	95507	769100	735839	888487	73819	578309	185055	249756	21688	190791	2380920	0	2	1827695	514740	38231	174	73	5	1865999	514921
2021-01-30	2468927	88007	34391	53616	2429560	39285	80	1900392	568537	0.023	0.007	957412	1174692	99468	796433	752473	901967	75224	586328	204939	272725	24244	210105	2468927	0	2	1861207	568353	39109	176	74	6	1900390	568537
2021-01-31	2525735	56808	25770	31038	2485987	39661	85	1926162	599575	0.023	0.007	982865	1196922	101575	812430	766590	910861	76411	592657	216275	286061	25164	219773	2525735	0	2	1886605	599382	39477	184	78	7	1926160	599575
2021-02-01	2645159	119424	57973	61451	2603152	41869	136	1984135	661026	0.024	0.008	1026174	1260299	105285	839830	787193	944041	78273	602425	238981	316258	27012	237405	2645159	0	2	1942321	660831	41683	186	129	7	1984133	661026
2021-02-02	2777382	132223	65057	67166	2732300	44931	149	2049192	728192	0.025	0.009	1069633	1330364	110479	870030	806216	982089	80866	611659	263417	348275	29613	258371	2777382	0	2	2004304	727996	44744	187	142	7	2049190	728192
2021-02-03	2939310	161928	64235	97693	2887875	51258	175	2113427	825885	0.025	0.010	1128983	1407775	116405	912544	829819	1014401	83062	623312	299164	393374	33343	289232	2939310	0	2	2062192	825683	51065	193	168	7	2113425	825885
2021-02-04	3073199	133889	61795	72094	3015927	57090	180	2175222	897979	0.026	0.011	1177986	1472437	120972	943857	851937	1046473	85311	632945	326049	425964	35661	310912	3073199	0	2	2118153	897774	56894	196	173	7	2175220	897979
2021-02-05	3219962	146763	68964	77799	3156234	63538	188	2244186	975778	0.027	0.012	1232524	1542580	126293	977786	877231	1080338	86905	644262	355293	462242	39388	333524	3219962	0	2	2180796	975438	63208	330	180	8	2244184	975778
2021-02-06	3313633	93671	45440	48231	3247278	66164	189	2289626	1024009	0.028	0.012	1272514	1588658	130853	1003590	896490	1101898	88782	653957	376024	486760	42071	349633	3313633	0	2	2223609	1023669	65834	330	181	8	2289624	1024009
2021-02-07	3366942	53309	28259	25050	3298258	68490	191	2317886	1049059	0.028	0.013	1298155	1609930	133571	1016823	910800	1112720	90015	659435	387355	497210	43556	357388	3366942	0	3	2249541	1048717	68159	331	183	8	2317883	1049059
2021-02-08	3475816	108874	52829	56045	3403280	72313	219	2370716	1105104	0.029	0.013	1350672	1655734	137545	1035599	942269	1129343	91902	666781	408403	526391	45643	368818	3475816	0	4	2298521	1104759	71980	333	211	8	2370712	1105104
2021-02-09	3609810	133994	60210	73784	3533727	75747	332	2430926	1178888	0.029	0.014	1411842	1714380	141993	1058512	978151	1147503	94639	674792	433691	566877	47354	383720	3609810	0	4	2355374	1178353	75224	523	324	8	2430922	1178888
2021-02-10	3764223	154413	77294	77119	3675566	79983	8670	2508220	1256007	0.030	0.015	1478760	1781046	146001	1087933	1017461	1175177	96286	685176	461299	605869	49715	402757	3764223	0	4	2421088	1254478	78478	1505	8650	20	2508216	1256007
2021-02-11	3907970	143747	75248	68499	3795727	87249	24988	2583470	1324506	0.031	0.016	1539776	1848576	151475	1113070	1052428	1208053	98713	694775	487348	640523	52762	418295	3907970	0	6	2475798	1319929	82712	4537	24954	34	2583464	1324506
2021-02-12	4063078	155108	79537	75571	3927306	96546	39217	2663010	1400077	0.032	0.017	1611268	1919253	157751	1138545	1094198	1240389	101429	704318	517070	678864	56322	434227	4063078	0	9	2536858	1390448	87283	9263	38860	357	2663001	1400077
2021-02-13	4170399	107321	61933	45388	4018020	99803	52566	2724944	1445465	0.033	0.017	1667599	1960972	162355	1156080	1129093	1262877	103231	711418	538506	698095	59124	444662	4170399	0	10	2583737	1434283	88995	10808	52202	364	2724934	1445465
2021-02-14	4235574	65175	39493	25682	4073477	102277	59809	2764438	1471147	0.033	0.018	1706122	1983696	163973	1164146	1153761	1276081	104081	714928	552361	707615	59892	449218	4235574	0	11	2614738	1458739	90265	12012	59424	385	2764427	1471147
2021-02-15	4360838	125264	69604	55660	4178017	107544	75265	2834043	1526807	0.034	0.018	1773591	2031897	168008	1183418	1194859	1300739	106358	721524	578732	731158	61650	461894	4360838	0	12	2666633	1511384	92537	15007	74861	404	2834031	1526807
2021-02-16	4494851	134013	77804	56209	4286285	113695	94858	2911848	1583016	0.035	0.019	1839625	2089928	170683	1200400	1236633	1336138	107879	728440	602992	753790	62804	471960	4494851	0	13	2722131	1564154	95262	18433	94442	416	2911835	1583016
2021-02-17	4645605	150754	94465	56289	4408288	121693	115610	3006314	1639305	0.036	0.020	1920033	2147919	175770	1221928	1292995	1368705	110873	736858	627038	779214	64897	485070	4645605	0	14	2791044	1617244	100075	21618	115181	429	3006300	1639305
2021-02-18	4789865	144260	91275	52985	4520479	129917	139454	3097590	1692290	0.037	0.020	1995907	2206102	179208	1240945	1345328	1403985	112659	744258	650579	802117	66549	496687	4789865	0	15	2853796	1666683	104758	25159	139021	433	3097575	1692290
2021-02-19	4948235	158370	102800	55570	4641465	139878	166876	3200391	1747860	0.038	0.021	2076668	2266444	184080	1258305	1402958	1440066	115287	750941	673710	826378	68793	507364	4948235	0	16	2922329	1719136	111709	28169	166337	539	3200375	1747860
2021-02-20	5060286	112051	75794	36257	4727851	144342	188076	3276186	1784117	0.039	0.021	2138268	2310157	187738	1272296	1445964	1469322	117533	755178	692304	840835	70205	517118	5060286	0	17	2972901	1754950	115741	28601	187527	549	3276169	1784117
2021-02-21	5146049	85763	57385	28378	4794356	147983	203692	3333572	1812495	0.040	0.022	2187054	2340674	190304	1282667	1479917	1489494	118664	757407	707137	851180	71640	525260	5146049	0	18	3011194	1783162	119223	28760	203137	555	3333554	1812495
2021-02-22	5301345	155296	97587	57709	4917044	156973	227309	3431160	1870204	0.041	0.022	2266701	2410287	195201	1300517	1538362	1525084	121627	763642	728339	885203	73574	536875	5301345	0	19	3077954	1839090	126445	30528	226742	567	3431141	1870204
2021-02-23	5471190	169845	109387	60458	5050821	164182	256167	3540548	1930662	0.043	0.023	2346910	2483166	200501	1318387	1598211	1563793	124757	771284	748699	919373	75744	547103	5471190	0	20	3152943	1897878	131996	32186	255589	578	3540528	1930662
2021-02-24	5646877	175687	116544	59143	5182248	171792	292816	3657093	1989805	0.044	0.024	2431789	2557990	207079	1337422	1660503	1608669	128907	778912	771286	949321	78172	558510	5646877	0	21	3226931	1955317	137921	33871	292220	596	3657072	1989805
2021-02-25	5835828	188951	130019	58932	5313589	178551	343667	3787112	2048737	0.046	0.025	2514175	2648479	213515	1355541	1722988	1667176	133470	787131	791187	981303	80045	568410	5835828	0	21	3300882	2012707	143151	35400	343058	609	3787091	2048737
2021-02-26	6048274	212446	145585	66861	5454385	187384	406484	3932697	2115598	0.047	0.025	2602819	2749814	220591	1375230	1787946	1735795	138593	794627	814873	1014019	81998	580603	6048274	0	21	3376505	2077880	150368	37016	405803	681	3932676	2115598
2021-02-27	6195993	147719	107834	39885	5547038	191466	457468	4040531	2155483	0.049	0.026	2666475	2822116	227301	1388101	1833818	1790224	143432	799030	832657	1031892	83869	589071	6195993	0	21	3430013	2117025	153718	37748	456779	689	4040510	2155483
2021-02-28	6298830	102837	78778	24059	5608317	195421	495070	4119310	2179542	0.050	0.026	2714700	2875405	231582	1394762	1868893	1834535	146785	801170	845807	1040870	84797	593592	6298830	0	22	3467606	2140711	157320	38101	494362	708	4119288	2179542
2021-03-01	6497072	198242	148386	49856	5738602	205044	553404	4267696	2229398	0.051	0.027	2817221	2953369	239381	1408021	1943445	1896228	153263	806209	873776	1057141	86118	601812	6497072	0	22	3550072	2188530	164922	40122	552680	724	4267674	2229398
2021-03-02	6716081	219009	166915	52094	5878798	215038	622223	4434611	2281492	0.053	0.027	2927307	3047588	248982	1422628	2022735	1971725	160632	812692	904572	1075863	88350	609936	6716081	0	22	3641070	2237728	172042	42996	621477	746	4434589	2281492
2021-03-03	6963183	247102	176606	70496	6036602	229987	696572	4611217	2351988	0.055	0.028	3047976	3148969	260606	1439862	2105531	2048823	170041	819606	942445	1100146	90565	620256	6963183	0	22	3734307	2302295	181115	48872	695773	799	4611195	2351988
2021-03-04	7208026	244843	182027	62816	6177859	244453	785692	4793244	2414804	0.058	0.029	3159240	3258741	272992	1455625	2181653	2136963	180034	825002	977587	1121778	92958	630623	7208026	0	22	3818178	2359681	190189	54264	784855	837	4793222	2414804
2021-03-05	7482322	274296	207324	66972	6325808	257818	898673	5000569	2481776	0.060	0.030	3277185	3383782	287941	1471072	2258903	2242620	191990	830697	1018282	1141162	95951	640375	7482322	0	23	3905166	2420642	197594	60224	897786	887	5000546	2481776
2021-03-06	7684011	201689	153032	48657	6435036	266258	982694	5153601	2530433	0.062	0.030	3366696	3478463	298371	1480590	2314602	2325555	200824	833966	1052094	1152908	97547	646624	7684011	0	23	3967996	2467040	203796	62462	981786	908	5153578	2530433
2021-03-07	7831545	147534	114053	33481	6514774	272912	1043836	5267654	2563914	0.063	0.031	3437978	3544531	306478	1486155	2360956	2383880	208082	835928	1077022	1160651	98396	650227	7831545	0	23	4016609	2498165	208114	64798	1042908	928	5267631	2563914
2021-03-08	8068984	237439	185859	51580	6648679	283867	1136415	5453513	2615494	0.066	0.031	3556806	3640371	322827	1498475	2442587	2468035	222757	841890	1114219	1172336	100070	656585	8068984	0	23	4102338	2546341	215706	68161	1135446	969	5453490	2615494
2021-03-09	8321190	252206	197411	54795	6788780	296650	1235737	5650924	2670289	0.068	0.032	3677710	3742787	340236	1512022	2524321	2558568	238262	848791	1153389	1184219	101974	663231	8321190	0	23	4191181	2597599	225017	71633	1234703	1034	5650901	2670289
2021-03-10	8609585	288395	221369	67026	6947883	308828	1352850	5872294	2737315	0.071	0.033	3808598	3856306	360962	1530389	2606688	2661880	256906	860000	1201910	1194426	104056	670389	8608614	971	24	4286871	2661012	233636	75192	1351763	1087	5872270	2737315
2021-03-11	8893816	284231	223342	60889	7095526	322544	1475722	6095636	2798204	0.073	0.034	3937470	3976178	382106	1544008	2689957	2769533	276555	867677	1247513	1206645	105551	676331	8892190	1626	24	4378029	2717497	243005	79539	1474578	1144	6095612	2798204
2021-03-12	9220035	326219	255369	70850	7247108	339837	1633066	6351005	2869054	0.076	0.034	4071484	4127850	404783	1559463	2770420	2906954	297406	877132	1301064	1220896	107377	682331	9218199	1836	24	4463555	2783553	255705	84132	1631721	1345	6350981	2869054
2021-03-13	9460593	240558	190298	50260	7363118	349406	1748045	6541303	2919314	0.079	0.035	4181046	4240796	425293	1567511	2840453	3011727	316755	881879	1340593	1229069	108538	685632	9458601	1992	24	4530758	2832360	263933	85473	1746588	1457	6541279	2919314
2021-03-14	9630576	169983	134305	35678	7451178	354918	1824456	6675608	2954992	0.080	0.036	4266043	4307307	441408	1570975	2896461	3072888	331859	883676	1369582	1234419	109549	687299	9628574	2002	24	4584136	2867042	268470	86448	1822978	1478	6675584	2954992
2021-03-15	9878259	247683	188478	59205	7603986	367655	1906594	6864086	3014197	0.083	0.036	4400463	4391447	461474	1582289	2984151	3147219	350790	890548	1416312	1244228	110684	691741	9875974	2285	24	4679529	2924457	279508	88147	1905025	1569	6864062	3014197
2021-03-16	10057190	178931	110743	68188	7770651	378905	1907610	6974829	3082385	0.084	0.037	4527474	4426082	473886	1593025	3059300	3169255	361553	895647	1468174	1256827	112333	697378	10054358	2832	24	4780495	2990156	288273	90632	1906037	1573	6974805	3082385
2021-03-17	10262266	205076	124129	80947	7956991	396896	1908355	7098958	3163332	0.085	0.038	4672447	4463838	487350	1605072	3141952	3193652	373040	902175	1530495	1270186	114310	702897	10258817	3449	24	4890700	3066291	301457	95439	1906777	1578	7098934	3163332
2021-03-18	10455831	193565	118010	75555	8131236	415058	1909513	7216968	3238887	0.087	0.039	4812398	4498757	499905	1615322	3222615	3215628	383588	907340	1589783	1283129	116317	707982	10451959	3872	24	4994590	3136646	314420	100638	1907934	1579	7216944	3238887
2021-03-19	10700851	245020	160787	84233	8316903	435846	1948078	7377755	3323120	0.089	0.040	4961948	4563922	518114	1627194	3306761	3267408	399605	914537	1655187	1296514	118509	712657	10696448	4403	24	5102886	3214017	328403	107443	1946442	1636	7377731	3323120
2021-03-20	10921116	220265	167004	53261	8452303	451137	2017652	7544759	3376381	0.091	0.041	5078536	4641917	537715	1633319	3379545	3337212	417708	917920	1698991	1304705	120007	715399	10916389	4727	24	5188887	3263416	339862	111275	2015986	1666	7544735	3376381
2021-03-21	11085598	164482	126296	38186	8554477	460331	2070766	7671055	3414567	0.092	0.041	5171749	4694283	554274	1635819	3440184	3384099	433219	919244	1731565	1310184	121055	716575	11080871	4727	24	5256145	3298332	345812	114519	2069074	1692	7671031	3414567
2021-03-22	11354810	269212	192806	76406	8720915	484140	2149731	7863861	3490973	0.095	0.042	5329624	4766248	576579	1645397	3534739	3445389	453483	925279	1794885	1320859	123096	720118	11348555	6255	24	5353629	3367286	362222	121918	2147986	1745	7863837	3490973
2021-03-23	11655782	300972	216937	84035	8902602	503872	2249284	8080798	3575008	0.097	0.043	5490190	4854892	604288	1656865	3629814	3521119	478432	932910	1860376	1333773	125856	723955	11644539	11243	24	5456310	3446292	376981	126891	2247483	1801	8080774	3575008
2021-03-24	11995015	339233	249656	89577	9102915	536906	2355170	8330454	3664585	0.100	0.044	5664852	4952071	635971	1672375	3732242	3605792	507202	944863	1932610	1346279	128769	727512	11977980	17035	24	5572427	3530488	404708	132198	2353295	1875	8330430	3664585
2021-03-25	12327749	332734	251580	81154	9288489	564592	2474644	8582034	3745739	0.103	0.045	5830941	5060081	670798	1683452	3832663	3703768	539527	951994	1998278	1356313	131271	731458	12304769	22980	24	5682526	3605963	426826	137766	2472658	1986	8582010	3745739
2021-03-26	12701866	374117	285587	88530	9488303	601780	2611758	8867622	3834269	0.107	0.046	6003833	5184282	710463	1698535	3933360	3816071	576057	962322	2070473	1368211	134406	736213	12672572	29294	25	5800609	3687694	457314	144466	2609674	2084	8867597	3834269
2021-03-27	12983126	281260	218933	62327	9637888	629398	2715814	9086556	3896596	0.109	0.047	6147056	5279869	744190	1703356	4023632	3903670	607441	965464	2123424	1376199	136749	737892	12951482	31644	26	5891035	3746853	481822	147576	2713673	2141	9086530	3896596
2021-03-28	13179514	196388	143170	53218	9753216	647901	2778371	9229726	3949814	0.111	0.047	6253046	5333384	768116	1706823	4085867	3950861	629648	967502	2167179	1382523	138468	739321	13147679	31835	26	5956470	3796746	497051	150850	2776179	2192	9229700	3949814
2021-03-29	13485224	305710	217117	88593	9941961	672897	2870340	9446843	4038407	0.114	0.049	6418833	5404751	806706	1716518	4180272	4010842	665103	973637	2238561	1393909	141603	742881	13447441	37783	26	6063496	3878465	515238	157659	2868083	2257	9446817	4038407
2021-03-30	13814175	328951	236459	92492	10160565	697325	2956259	9683302	4130899	0.116	0.050	6591913	5474211	853024	1727240	4280843	4069380	706095	981320	2311070	1404831	146929	745920	13764256	49919	26	6196127	3964438	533207	164118	2953942	2317	9683276	4130899
2021-03-31	14150396	336221	234762	101459	10408043	733366	3008961	9918064	4232358	0.119	0.051	6774517	5538855	899988	1738789	4384637	4121392	747318	988525	2389880	1417463	152670	750264	14084162	66234	26	6350149	4057894	561281	172085	3006608	2353	9918038	4232358
2021-04-01	14477124	326728	235972	90756	10646988	765826	3064284	10154036	4323114	0.122	0.052	6936269	5606629	944397	1747554	4476928	4175958	787230	994147	2459341	1430671	157167	753407	14390811	86313	26	6506274	4140714	585847	179979	3061889	2395	10154010	4323114
2021-04-02	14702842	225718	157734	67984	10826520	780211	3096085	10311770	4391098	0.124	0.053	7067172	5654574	981393	1749910	4552089	4213818	820223	995356	2515083	1440756	161170	754554	14615005	87837	26	6622189	4204331	595891	184320	3093664	2421	10311744	4391098
2021-04-03	14934792	231950	167536	64414	11000737	796013	3138016	10479306	4455512	0.126	0.054	7198861	5698683	1018737	1753036	4633025	4248782	853330	997097	2565836	1449901	165407	755939	14845556	89236	26	6736876	4263861	606847	189166	3135557	2459	10479280	4455512
2021-04-04	15127747	192955	142599	50356	11132943	806075	3188703	10621905	4505868	0.128	0.054	7309766	5731715	1048001	1754173	4704262	4274251	879171	997551	2605504	1457464	168830	756622	15038375	89372	26	6822658	4310285	613020	193055	3186201	2502	10621879	4505868
2021-04-05	15375604	247857	177654	70203	11297937	823936	3253705	10799559	4576071	0.130	0.055	7456036	5770066	1081529	1756372	4794323	4302940	907924	998846	2661713	1467126	173605	757526	15284922	90682	26	6922260	4375677	626101	197835	3251172	2533	10799533	4576071
2021-04-06	15749378	373774	279092	94682	11552878	856160	3340312	11078653	4670753	0.133	0.056	7644926	5826686	1124640	1761928	4910112	4346229	944820	1001588	2734814	1480457	179820	760340	15622069	127309	28	7091281	4461597	649633	206527	3337711	2601	11078625	4670753
2021-04-07	16417453	668075	571739	96336	12095053	893205	3429167	11650392	4767089	0.140	0.057	7644926	5826686	1124640	1761928	4910112	4346229	944820	1001588	2734814	1480457	179820	760340	15984480	432973	28	7545806	4549247	678075	215130	3426483	2684	11650364	4767089
2021-04-08	17116328	698875	611170	87705	12666586	928838	3520876	12261562	4854794	0.147	0.058	7644926	5826686	1124640	1761928	4910112	4346229	944820	1001588	2734814	1480457	179820	760340	16358477	757851	28	8038688	4627898	704734	224104	3518112	2764	12261534	4854794
2021-04-09	17748506	632178	543263	88915	13157048	965429	3626001	12804825	4943709	0.154	0.059	7644926	5826686	1124640	1761928	4910112	4346229	944820	1001588	2734814	1480457	179820	760340	16751152	997354	28	8451753	4705295	729890	235539	3623154	2847	12804797	4943709
2021-04-10	18121092	372586	307534	65052	13405534	988654	3726876	13112359	5008761	0.158	0.060	7644926	5826686	1124640	1761928	4910112	4346229	944820	1001588	2734814	1480457	179820	760340	17090692	1030400	28	8642931	4762603	745434	243220	3723966	2910	13112331	5008761
2021-04-11	18385004	263912	213594	50318	13575900	1007320	3801756	13325953	5059079	0.160	0.061	7644926	5826686	1124640	1761928	4910112	4346229	944820	1001588	2734814	1480457	179820	760340	17349525	1035479	28	8767000	4808900	760155	247165	3798770	2986	13325925	5059079
2021-04-12	18803714	418710	342340	76370	13854770	1036556	3912359	13668294	5135449	0.164	0.062	7644926	5826686	1124640	1761928	4910112	4346229	944820	1001588	2734814	1480457	179820	760340	17719728	1083986	29	8978026	4876744	780919	255637	3909320	3039	13668265	5135449
2021-04-13	19380625	576911	503223	73688	14287064	1063796	4029736	14171517	5209137	0.170	0.063	7644926	5826686	1124640	1761928	4910112	4346229	944820	1001588	2734814	1480457	179820	760340	18100509	1280116	29	9342267	4944797	802718	261078	4026503	3233	14171488	5209137
2021-04-14	20155665	775040	691831	83209	14903560	1097348	4154728	14863348	5292346	0.179	0.064	7644926	5826686	1124640	1761928	4910112	4346229	944820	1001588	2734814	1480457	179820	760340	18501752	1653913	29	9884616	5018944	827766	269582	4150937	3791	14863319	5292346
2021-04-15	20836008	680343	610039	70304	15437639	1133543	4264796	15473388	5362650	0.186	0.064	7644926	5826686	1124640	1761928	4910112	4346229	944820	1001588	2734814	1480457	179820	760340	18886466	1949542	30	10357948	5079691	855351	278192	4260059	4737	15473358	5362650
2021-04-16	21432664	596656	522469	74187	15875812	1166149	4390673	15995857	5436837	0.192	0.065	7644926	5826686	1124640	1761928	4910112	4346229	944820	1001588	2734814	1480457	179820	760340	19288283	2144381	30	10731169	5144643	879527	286622	4385131	5542	15995827	5436837
2021-04-17	21798683	366019	309407	56612	16100683	1188834	4509136	16305264	5493449	0.196	0.066	7644926	5826686	1124640	1761928	4910112	4346229	944820	1001588	2734814	1480457	179820	760340	19632498	2166185	30	10908046	5192637	895075	293759	4502113	7023	16305234	5493449
2021-04-18	22068211	269528	230522	39006	16272733	1204223	4591225	16535786	5532455	0.199	0.067	7644926	5826686	1124640	1761928	4910112	4346229	944820	1001588	2734814	1480457	179820	760340	19897415	2170796	30	11046155	5226578	906566	297657	4583035	8190	16535756	5532455
2021-04-19	22470597	402386	340972	61414	16566590	1237156	4666820	16876759	5593869	0.203	0.067	7644926	5826686	1124640	1761928	4910112	4346229	944820	1001588	2734814	1480457	179820	760340	20255470	2215127	31	11287840	5278750	931575	305581	4657313	9507	16876728	5593869
2021-04-20	23031468	560871	498099	62772	16948560	1276401	4806475	17374859	5656641	0.209	0.068	7644926	5826686	1124640	1761928	4910112	4346229	944820	1001588	2734814	1480457	179820	760340	20621890	2409578	32	11615785	5332775	964155	312246	4794887	11588	17374827	5656641
2021-04-21	23752539	721071	647935	73136	17402839	1318115	5031553	18022794	5729777	0.217	0.069	7644926	5826686	1124640	1761928	4910112	4346229	944820	1001588	2734814	1480457	179820	760340	21003813	2748726	32	12007511	5395328	997736	320379	5017515	14038	18022762	5729777
2021-04-22	24391169	638630	571437	67193	17784617	1361792	5244728	18594231	5796970	0.224	0.070	7644926	5826686	1124640	1761928	4910112	4346229	944820	1001588	2734814	1480457	179820	760340	21375184	3015985	32	12333397	5451220	1033733	328059	5227069	17659	18594199	5796970
2021-04-23	24947606	556437	487503	68934	18137922	1405384	5404268	19081734	5865904	0.229	0.071	7644926	5826686	1124640	1761928	4910112	4346229	944820	1001588	2734814	1480457	179820	760340	21763426	3184180	32	12631845	5506077	1066801	338583	5383056	21212	19081702	5865904
2021-04-24	25313265	365659	306717	58942	18372901	1454720	5485612	19388451	5924846	0.233	0.071	7644926	5826686	1124640	1761928	4910112	4346229	944820	1001588	2734814	1480457	179820	760340	22112174	3201091	32	12825607	5547294	1100766	353954	5462046	23566	19388419	5924846
2021-04-25	25596246	282981	233938	49043	18560685	1488394	5547135	19622389	5973889	0.236	0.072	7644926	5826686	1124640	1761928	4910112	4346229	944820	1001588	2734814	1480457	179820	760340	22389341	3206905	32	12975995	5584690	1124578	363816	5521784	25351	19622357	5973889
2021-04-26	26029355	433109	359101	74008	18878612	1530893	5619748	19981560	6047897	0.240	0.073	7644926	5826686	1124640	1761928	4910112	4346229	944820	1001588	2734814	1480457	179820	760340	22735858	3293497	102	13232385	5646227	1158678	372215	5590395	29353	19981458	6047897
2021-04-27	26814826	785471	693451	92020	19555333	1582399	5676439	20675564	6139917	0.249	0.074	7644926	5826686	1124640	1761928	4910112	4346229	944820	1001588	2734814	1480457	179820	760340	23106449	3708377	655	13831250	5724083	1201051	381348	5642608	33831	20674909	6139917
2021-04-28	27938080	1123254	996181	127073	20563569	1643126	5729898	21672577	6266990	0.261	0.075	7644926	5826686	1124640	1761928	4910112	4346229	944820	1001588	2734814	1480457	179820	760340	23500620	4437460	1487	14730894	5832675	1249238	393888	5690958	38940	21671090	6266990
2021-04-29	28884528	946448	812952	133496	21387981	1707068	5787083	22486438	6400486	0.270	0.077	7644926	5826686	1124640	1761928	4910112	4346229	944820	1001588	2734814	1480457	179820	760340	23889000	4995528	2396	15443013	5944968	1300786	406282	5740243	46840	22484042	6400486
2021-04-30	29688351	803823	666742	137081	22066410	1764377	5854293	23154055	6537567	0.278	0.079	7644926	5826686	1124640	1761928	4910112	4346229	944820	1001588	2734814	1480457	179820	760340	24292977	5395374	3271	16009878	6056532	1342837	421540	5798069	56224	23150784	6537567
2021-05-01	30024636	336285	260055	76230	22319241	1805866	5893684	23416684	6613797	0.282	0.080	7644926	5826686	1124640	1761928	4910112	4346229	944820	1001588	2734814	1480457	179820	760340	24604612	5420024	5845	16201474	6117767	1377921	427945	5831444	62240	23410839	6613797
2021-05-02	30289630	264994	197626	67368	22514816	1843375	5923787	23616117	6681165	0.284	0.080	7644926	5826686	1124640	1761928	4910112	4346229	944820	1001588	2734814	1480457	179820	760340	24861951	5427679	7652	16341316	6173500	1410179	433196	5856970	66817	23608465	6681165
2021-05-03	30741418	451788	335405	116383	22832748	1913977	5985455	23953108	6797548	0.288	0.082	7644926	5826686	1124640	1761928	4910112	4346229	944820	1001588	2734814	1480457	179820	760340	25219879	5521539	9238	16568265	6264483	1467572	446405	5908033	77422	23943870	6797548
2021-05-04	31584514	843096	681380	161716	23459108	1977492	6135715	24637449	6959264	0.296	0.084	7644926	5826686	1124640	1761928	4910112	4346229	944820	1001588	2734814	1480457	179820	760340	25595723	5988791	12199	17062819	6396289	1517841	459651	6044590	91125	24625250	6959264
2021-05-05	32731730	1147216	914969	232247	24310409	2056456	6348195	25556889	7191511	0.307	0.086	7644926	5826686	1124640	1761928	4910112	4346229	944820	1001588	2734814	1480457	179820	760340	26016975	6714755	16670	17728737	6581672	1571301	485155	6240181	108014	25540219	7191511
2021-05-06	33722735	991005	767391	223614	25003180	2148579	6549755	26328831	7415125	0.317	0.089	7644926	5826686	1124640	1761928	4910112	4346229	944820	1001588	2734814	1480457	179820	760340	26432869	7289866	21221	18244316	6758864	1641009	507570	6422285	127470	26307610	7415125
2021-05-07	34613915	891180	652755	238425	25591016	2235275	6762199	26985790	7653550	0.324	0.092	7644926	5826686	1124640	1761928	4910112	4346229	944820	1001588	2734814	1480457	179820	760340	26880033	7733882	25425	18658158	6932858	1696740	538535	6605467	156732	26960365	7653550
2021-05-08	35039694	425779	271736	154043	25858682	2307051	6846819	27259243	7807593	0.328	0.094	7644926	5826686	1124640	1761928	4910112	4346229	944820	1001588	2734814	1480457	179820	760340	27245321	7794373	27142	18812944	7045738	1748686	558365	6670471	176348	27232101	7807593
2021-05-09	35325876	286182	183646	102536	26052572	2363608	6881487	27443956	7910129	0.330	0.095	7644926	5826686	1124640	1761928	4910112	4346229	944820	1001588	2734814	1480457	179820	760340	27520468	7805408	28209	18927576	7124996	1794450	569158	6693721	187766	27415747	7910129
2021-05-10	35915248	589372	395847	193525	26425761	2445398	7012151	27843532	8103654	0.335	0.097	7644926	5826686	1124640	1761928	4910112	4346229	944820	1001588	2734814	1480457	179820	760340	27920942	7994306	31938	19158983	7266778	1854067	591331	6798544	213607	27811594	8103654
2021-05-11	37001101	1085853	798037	287816	27251680	2525303	7188539	28645210	8391470	0.344	0.101	7644926	5826686	1124640	1761928	4910112	4346229	944820	1001588	2734814	1480457	179820	760340	28353100	8648001	35579	19752039	7499641	1911807	613496	6945785	242754	28609631	8391470
2021-05-12	38417137	1416036	1049343	366693	28345033	2616967	7413806	29700305	8758163	0.357	0.105	7644926	5826686	1124640	1761928	4910112	4346229	944820	1001588	2734814	1480457	179820	760340	28813153	9603984	41331	20548957	7796076	1972924	644043	7137093	276713	29658974	8758163
2021-05-13	38846386	429249	268406	160843	28660352	2683739	7458317	29971358	8919006	0.360	0.107	7644926	5826686	1124640	1761928	4910112	4346229	944820	1001588	2734814	1480457	179820	760340	29168923	9677463	43978	20736509	7923843	2024485	659254	7166386	291931	29927380	8919006
2021-05-14	39602904	756518	526134	230384	29205570	2748660	7596903	30505285	9149390	0.367	0.110	7644926	5826686	1124640	1761928	4910112	4346229	944820	1001588	2734814	1480457	179820	760340	29574104	10028800	51771	21101275	8104295	2074218	674442	7278021	318882	30453514	9149390
2021-05-15	40003201	400297	234684	165613	29484758	2809043	7653349	30744249	9315003	0.370	0.112	7644926	5826686	1124640	1761928	4910112	4346229	944820	1001588	2734814	1480457	179820	760340	29926735	10076466	56051	21258084	8226674	2118174	690869	7311940	341409	30688198	9315003
2021-05-16	40285335	282134	160537	121597	29684514	2861770	7678276	30909510	9436600	0.372	0.113	7644926	5826686	1124640	1761928	4910112	4346229	944820	1001588	2734814	1480457	179820	760340	30192864	10092471	60775	21364464	8320050	2161018	700752	7323253	355023	30848735	9436600
2021-05-17	40840566	555231	349338	205893	30022795	2947455	7799784	31268605	9642493	0.376	0.116	7644926	5826686	1124640	1761928	4910112	4346229	944820	1001588	2734814	1480457	179820	760340	30578777	10261789	70532	21557379	8465416	2222289	725166	7418405	381379	31198073	9642493
2021-05-18	41712470	871904	517434	354470	30612303	3048549	7973314	31793811	9996963	0.382	0.120	7644926	5826686	1124640	1761928	4910112	4346229	944820	1001588	2734814	1480457	179820	760340	30995677	10716793	78304	21856822	8755481	2294796	753753	7563889	409425	31715507	9996963
2021-05-19	42810262	1097792	563678	534114	31416480	3148640	8154682	32369645	10531077	0.389	0.127	7644926	5826686	1124640	1761928	4910112	4346229	944820	1001588	2734814	1480457	179820	760340	31413691	11396571	90460	22200851	9215629	2361038	787602	7717296	437386	32279185	10531077
2021-05-20	43757815	947553	455625	491928	32100103	3245112	8311303	32836107	11023005	0.395	0.133	7644926	5826686	1124640	1761928	4910112	4346229	944820	1001588	2734814	1480457	179820	760340	31830301	11927514	101297	22461813	9638290	2426550	818562	7846447	464856	32734810	11023005
2021-05-21	44608975	851160	406057	445103	32696291	3330809	8468699	33254043	11468108	0.400	0.138	7644926	5826686	1124640	1761928	4910112	4346229	944820	1001588	2734814	1480457	179820	760340	32258741	12350234	113176	22684376	10011915	2482932	847877	7973559	495140	33140867	11468108
2021-05-22	45082878	473903	214976	258927	33002513	3400310	8552602	33483296	11727035	0.403	0.141	7644926	5826686	1124640	1761928	4910112	4346229	944820	1001588	2734814	1480457	179820	760340	32603714	12479164	127453	22782916	10219597	2531238	869072	8041689	510913	33355843	11727035
2021-05-23	45367946	285068	124759	160309	33195427	3459694	8576508	33616919	11887344	0.404	0.143	7644926	5826686	1124640	1761928	4910112	4346229	944820	1001588	2734814	1480457	179820	760340	32870661	12497285	136317	22848578	10346849	2575534	884160	8056490	520018	33480602	11887344
2021-05-24	45693920	325974	141150	184824	33431147	3521240	8597176	33766109	12072168	0.406	0.145	7644926	5826686	1124640	1761928	4910112	4346229	944820	1001588	2734814	1480457	179820	760340	33181110	12512810	144357	22931201	10499946	2622086	899154	8068465	528711	33621752	12072168
2021-05-25	46349402	655482	272150	383332	33877772	3600919	8701242	34063371	12455500	0.410	0.150	7644926	5826686	1124640	1761928	4910112	4346229	944820	1001588	2734814	1480457	179820	760340	33577649	12771753	169469	23072935	10804837	2673538	927381	8147429	553813	33893902	12455500
2021-05-26	47529347	1179945	469600	710345	34762944	3683295	8835366	34611244	13165845	0.416	0.158	7644926	5826686	1124640	1761928	4910112	4346229	944820	1001588	2734814	1480457	179820	760340	33994179	13535168	247742	23387816	11375128	2726130	957165	8249556	585810	34363502	13165845
2021-05-27	48570131	1040784	404175	636609	35502045	3772222	8966999	35096542	13802454	0.422	0.166	7644926	5826686	1124640	1761928	4910112	4346229	944820	1001588	2734814	1480457	179820	760340	34413126	14157005	328865	23645678	11856367	2777754	994468	8344245	622754	34767677	13802454
2021-05-28	49473973	903842	356338	547504	36105487	3858351	9097514	35536636	14349958	0.427	0.173	7644926	5826686	1124640	1761928	4910112	4346229	944820	1001588	2734814	1480457	179820	760340	34849007	14624966	412621	23862496	12242991	2828275	1030076	8433244	664270	35124015	14349958
2021-05-29	49884137	410164	151725	258439	36367305	3920942	9155477	35716153	14608397	0.429	0.176	7644926	5826686	1124640	1761928	4910112	4346229	944820	1001588	2734814	1480457	179820	760340	35184762	14699375	440413	23942340	12424965	2865128	1055814	8468272	687205	35275740	14608397
2021-05-30	50167675	283538	97727	185811	36564450	3967953	9183827	35824912	14794208	0.431	0.178	7644926	5826686	1124640	1761928	4910112	4346229	944820	1001588	2734814	1480457	179820	760340	35446482	14721193	451445	24001554	12562896	2892480	1075473	8479433	704394	35373467	14794208
2021-05-31	50714372	546697	178382	368315	36931623	4035384	9253442	36045772	15162523	0.433	0.182	7644926	5826686	1124640	1761928	4910112	4346229	944820	1001588	2734814	1480457	179820	760340	35835410	14878962	493923	24113318	12818305	2920165	1115219	8518366	735076	35551849	15162523
2021-06-01	51702678	988306	400059	588247	37665069	4115180	9343953	36530384	15750770	0.439	0.189	7644926	5826686	1124640	1761928	4910112	4346229	944820	1001588	2734814	1480457	179820	760340	36233243	15469435	578476	24429489	13235580	2949918	1165262	8572501	771452	35951908	15750770
2021-06-02	52951301	1248623	516832	731791	38654045	4187753	9426178	37152065	16482561	0.447	0.198	7644926	5826686	1124640	1761928	4910112	4346229	944820	1001588	2734814	1480457	179820	760340	36641588	16309713	683325	24878886	13775159	2974387	1213366	8615467	810711	36468740	16482561
2021-06-03	53593966	642665	230408	412257	39128978	4252062	9476399	37435675	16894818	0.450	0.203	7644926	5826686	1124640	1761928	4910112	4346229	944820	1001588	2734814	1480457	179820	760340	37004840	16589126	736527	25058721	14070257	3004096	1247966	8636331	840068	36699148	16894818
2021-06-04	54404962	810996	291264	519732	39714651	4323295	9553273	37804155	17414550	0.455	0.209	7644926	5826686	1124640	1761928	4910112	4346229	944820	1001588	2734814	1480457	179820	760340	37413348	16991614	813743	25286798	14427853	3032789	1290506	8670825	882448	36990412	17414550
2021-06-05	54817815	412853	96342	316511	39985747	4390255	9597456	37931111	17731061	0.456	0.213	7644926	5826686	1124640	1761928	4910112	4346229	944820	1001588	2734814	1480457	179820	760340	37762657	17055158	844357	25345924	14639823	3059084	1331171	8681746	915710	37086754	17731061
2021-06-06	55110013	292198	59465	232733	40191461	4431250	9624705	38008816	17963794	0.457	0.216	7644926	5826686	1124640	1761928	4910112	4346229	944820	1001588	2734814	1480457	179820	760340	38025146	17084867	862597	25389872	14801589	3071059	1360191	8685288	939417	37146219	17963794
2021-06-07	55724210	614197	193123	421074	40593599	4516319	9697217	38256417	18384868	0.460	0.221	7644926	5826686	1124640	1761928	4910112	4346229	944820	1001588	2734814	1480457	179820	760340	38400059	17323248	917075	25524278	15069321	3098627	1417692	8716437	980780	37339342	18384868
2021-06-08	56777332	1053122	341152	711970	41440046	4591696	9760167	38665917	19096838	0.465	0.230	7644926	5826686	1124640	1761928	4910112	4346229	944820	1001588	2734814	1480457	179820	760340	38805360	17968865	985423	25806899	15633147	3124863	1466833	8748732	1011435	37680494	19096838
2021-06-09	58200131	1422799	448152	974647	42615822	4678939	9824170	39209846	20071485	0.471	0.241	7644926	5826686	1124640	1761928	4910112	4346229	944820	1001588	2734814	1480457	179820	760340	39237430	18956810	1081200	26194232	16421590	3153272	1525667	8781142	1043028	38128646	20071485
2021-06-10	59391119	1190988	404402	786586	43572776	4768747	9879952	39702692	20858071	0.477	0.251	7644926	5826686	1124640	1761928	4910112	4346229	944820	1001588	2734814	1480457	179820	760340	39676877	19705530	1169644	26539695	17033081	3185304	1583443	8808049	1071903	38533048	20858071
2021-06-11	60453264	1062145	363997	698148	44380008	4857770	9949067	40163464	21556219	0.483	0.259	7644926	5826686	1124640	1761928	4910112	4346229	944820	1001588	2734814	1480457	179820	760340	40123246	20318630	1266419	26845867	17534141	3213523	1644247	8837655	1111412	38897045	21556219
2021-06-12	60888244	434980	123538	311442	44664523	4929631	9992431	40322242	21867661	0.485	0.263	7644926	5826686	1124640	1761928	4910112	4346229	944820	1001588	2734814	1480457	179820	760340	40455129	20420893	1301659	26937617	17726906	3232244	1697387	8850722	1141709	39020583	21867661
2021-06-13	61171213	282969	64748	218221	44844389	4993133	10018245	40400777	22085882	0.486	0.266	7644926	5826686	1124640	1761928	4910112	4346229	944820	1001588	2734814	1480457	179820	760340	40702438	20456247	1315446	26981790	17862599	3248179	1744954	8855362	1162883	39085331	22085882
2021-06-14	61825710	654497	213618	440879	45275020	5094333	10085674	40669632	22526761	0.489	0.271	7644926	5826686	1124640	1761928	4910112	4346229	944820	1001588	2734814	1480457	179820	760340	41114424	20696780	1370683	27154150	18120870	3271806	1822527	8872993	1212681	39298949	22526761
2021-06-15	62871700	1045990	346302	699688	46072779	5198886	10170268	41075018	23226449	0.494	0.279	7644926	5826686	1124640	1761928	4910112	4346229	944820	1001588	2734814	1480457	179820	760340	41570235	21283470	1429767	27452245	18620534	3300349	1898537	8892657	1277611	39645251	23226449
2021-06-16	64252363	1380663	464857	915806	47174029	5305338	10266941	41616163	24142255	0.500	0.290	7644926	5826686	1124640	1761928	4910112	4346229	944820	1001588	2734814	1480457	179820	760340	42048325	22182018	1506055	27859153	19314876	3332746	1972592	8918209	1348732	40110108	24142255
2021-06-17	65398804	1146441	398319	748122	48056475	5408873	10359143	42082740	24890377	0.506	0.299	7644926	5826686	1124640	1761928	4910112	4346229	944820	1001588	2734814	1480457	179820	760340	42521196	22852215	1574313	28205458	19851017	3362467	2046406	8940502	1418641	40508427	24890377
2021-06-18	66389599	990795	343910	646885	48787790	5503200	10455462	42495484	25537262	0.511	0.307	7644926	5826686	1124640	1761928	4910112	4346229	944820	1001588	2734814	1480457	179820	760340	42979004	23382503	1643147	28496041	20291749	3393727	2109473	8962569	1492893	40852337	25537262
2021-06-19	66816513	426914	119558	307356	49060570	5585277	10506377	42636184	25844618	0.513	0.311	7644926	5826686	1124640	1761928	4910112	4346229	944820	1001588	2734814	1480457	179820	760340	43320177	23466988	1664289	28588078	20472492	3414706	2170571	8969111	1537266	40971895	25844618
2021-06-20	67111564	295051	67859	227192	49239369	5656870	10538224	42716855	26071810	0.514	0.313	7644926	5826686	1124640	1761928	4910112	4346229	944820	1001588	2734814	1480457	179820	760340	43585323	23496614	1677101	28637290	20602079	3430735	2226135	8971729	1566495	41039754	26071810
2021-06-21	67741775	630211	208963	421248	49650178	5754480	10623667	42962167	26493058	0.517	0.319	7644926	5826686	1124640	1761928	4910112	4346229	944820	1001588	2734814	1480457	179820	760340	43983984	23726147	1713450	28807219	20842959	3455782	2298698	8985716	1637951	41248717	26493058
2021-06-22	68816689	1074914	373883	701031	50492515	5850449	10726215	43370110	27194089	0.521	0.327	7644926	5826686	1124640	1761928	4910112	4346229	944820	1001588	2734814	1480457	179820	760340	44426194	24354112	1747510	29134219	21358296	3486439	2364010	9001942	1724273	41622600	27194089
2021-06-23	70149488	1332799	486652	846147	51579207	5946477	10841820	43891236	28040236	0.528	0.337	7644926	5826686	1124640	1761928	4910112	4346229	944820	1001588	2734814	1480457	179820	760340	44870056	25237778	1781984	29570129	22009078	3516527	2429950	9022596	1819224	42109252	28040236
2021-06-24	71183303	1033815	487899	545916	52374759	6033822	10952525	44419348	28586152	0.534	0.344	7644926	5826686	1124640	1761928	4910112	4346229	944820	1001588	2734814	1480457	179820	760340	45306422	25830883	1822197	30001387	22373372	3551929	2481893	9043835	1908690	42597151	28586152
2021-06-25	72102049	918746	378827	539919	53066938	6110404	11062428	44838257	29126071	0.539	0.350	7644926	5826686	1124640	1761928	4910112	4346229	944820	1001588	2734814	1480457	179820	760340	45738423	26314646	1862279	30333514	22733424	3578762	2531642	9063702	1998726	42975978	29126071
2021-06-26	72511439	409390	136412	272978	53321493	6179478	11134978	44987880	29399049	0.541	0.353	7644926	5826686	1124640	1761928	4910112	4346229	944820	1001588	2734814	1480457	179820	760340	46083462	26378225	1875490	30438015	22883478	3604374	2575104	9070001	2064977	43112390	29399049
2021-06-27	72803320	291881	89965	201916	53494381	6237595	11191733	45081966	29600965	0.542	0.356	7644926	5826686	1124640	1761928	4910112	4346229	944820	1001588	2734814	1480457	179820	760340	46349270	26403445	1879611	30505261	22989120	3623692	2613903	9073402	2118331	43202355	29600965
2021-06-28	73431669	628349	243591	384758	53894729	6327455	11305496	45349935	29985723	0.545	0.361	7644926	5826686	1124640	1761928	4910112	4346229	944820	1001588	2734814	1480457	179820	760340	46761125	26617843	1903989	30702681	23192048	3656112	2671343	9087153	2218343	43445946	29985723
2021-06-29	74362953	931284	388201	543083	54578267	6420101	11438193	45760539	30528806	0.550	0.367	7644926	5826686	1124640	1761928	4910112	4346229	944820	1001588	2734814	1480457	179820	760340	47191767	27113831	1926392	31046109	23532158	3689150	2730951	9098888	2339305	43834147	30528806
2021-06-30	75383811	1020858	450413	570445	55346059	6513913	11574802	46233597	31099251	0.556	0.374	7644926	5826686	1124640	1761928	4910112	4346229	944820	1001588	2734814	1480457	179820	760340	47623265	27697962	1949037	31447195	23898864	3723980	2789933	9113385	2461417	44284560	31099251
2021-07-01	76364877	981066	452007	529059	56088575	6597110	11707607	46708152	31628310	0.562	0.380	7644926	5826686	1124640	1761928	4910112	4346229	944820	1001588	2734814	1480457	179820	760340	48029762	28268207	1971585	31855092	24233483	3754562	2842548	9126913	2580694	44736567	31628310
2021-07-02	77209658	844781	378869	465912	56737684	6691459	11786795	47109156	32094222	0.566	0.386	7644926	5826686	1124640	1761928	4910112	4346229	944820	1001588	2734814	1480457	179820	760340	48429406	28709971	1993720	32193027	24544657	3786281	2905178	9136128	2650667	45115436	32094222
2021-07-03	77586327	376669	148578	228091	56992727	6770738	11813935	47272941	32322313	0.568	0.389	7644926	5826686	1124640	1761928	4910112	4346229	944820	1001588	2734814	1480457	179820	760340	48739078	28776252	2008927	32314205	24678522	3810879	2959859	9138930	2675005	45264014	32322313
2021-07-04	77859396	273069	92847	180222	57174213	6838875	11828463	47374706	32502535	0.570	0.391	7644926	5826686	1124640	1761928	4910112	4346229	944820	1001588	2734814	1480457	179820	760340	48984628	28803194	2017845	32387150	24787063	3829326	3009549	9140385	2688078	45356861	32502535
2021-07-05	78394803	535407	195692	339715	57560909	6933184	11868013	47585250	32842250	0.572	0.395	7644926	5826686	1124640	1761928	4910112	4346229	944820	1001588	2734814	1480457	179820	760340	49327980	28993153	2032697	32552470	25008439	3855343	3077841	9144740	2723273	45552553	32842250
2021-07-06	79171289	776486	269792	506694	58177628	7031994	11913306	47870706	33348944	0.576	0.401	7644926	5826686	1124640	1761928	4910112	4346229	944820	1001588	2734814	1480457	179820	760340	49670794	29423099	2048361	32792372	25385256	3880627	3151367	9149346	2763960	45822345	33348944
2021-07-07	80165335	994046	323265	670781	59005968	7127350	11964612	48213015	34019725	0.580	0.409	7644926	5826686	1124640	1761928	4910112	4346229	944820	1001588	2734814	1480457	179820	760340	50026611	30056482	2067405	33085616	25920352	3905241	3222109	9154753	2809859	46145610	34019725
2021-07-08	81011648	846313	262758	583555	59689396	7228201	12007244	48495175	34603280	0.583	0.416	7644926	5826686	1124640	1761928	4910112	4346229	944820	1001588	2734814	1480457	179820	760340	50373722	30551427	2086807	33321612	26367784	3927717	3300484	9159039	2848205	46408368	34603280
2021-07-09	81768117	756469	219288	537181	60283561	7326718	12050447	48735047	35140461	0.586	0.423	7644926	5826686	1124640	1761928	4910112	4346229	944820	1001588	2734814	1480457	179820	760340	50721151	30956968	2107391	33518568	26764993	3945608	3381110	9163480	2886967	46627656	35140461
2021-07-10	82111300	343183	95642	247541	60511660	7410907	12071561	48840470	35388002	0.587	0.426	7644926	5826686	1124640	1761928	4910112	4346229	944820	1001588	2734814	1480457	179820	760340	50995425	31025280	2117172	33594614	26917046	3963761	3447146	9164923	2906638	46723298	35388002
2021-07-11	82339165	227865	61075	166790	60657417	7474433	12081850	48909838	35554792	0.588	0.428	7644926	5826686	1124640	1761928	4910112	4346229	944820	1001588	2734814	1480457	179820	760340	51203996	31044204	2125465	33640418	27016999	3978562	3495871	9165393	2916457	46784373	35554792
2021-07-12	82805841	466676	150817	315859	61007030	7553376	12105878	49074747	35870651	0.590	0.431	7644926	5826686	1124640	1761928	4910112	4346229	944820	1001588	2734814	1480457	179820	760340	51472219	31240232	2139557	33760415	27246615	4007517	3545859	9167258	2938620	46935190	35870651
2021-07-13	83565123	759282	179850	579432	61634062	7631091	12140491	49274519	36450083	0.592	0.438	7644926	5826686	1124640	1761928	4910112	4346229	944820	1001588	2734814	1480457	179820	760340	51728242	31739362	2159479	33911983	27722079	4033538	3597553	9169519	2970972	47115040	36450083
2021-07-14	84538783	973660	203000	770660	62465893	7702893	12187634	49500403	37220743	0.595	0.448	7644926	5826686	1124640	1761928	4910112	4346229	944820	1001588	2734814	1480457	179820	760340	52007361	32429200	2182363	34090075	28375818	4054776	3648117	9173189	3014445	47318040	37220743
2021-07-15	85304405	765622	170710	594912	63099530	7773762	12226198	49693665	37815655	0.598	0.455	7644926	5826686	1124640	1761928	4910112	4346229	944820	1001588	2734814	1480457	179820	760340	52266872	32931568	2204915	34238700	28860830	4073986	3699776	9176064	3050134	47488750	37815655
2021-07-16	85962316	657911	151173	506738	63639088	7837947	12258160	49867044	38322393	0.600	0.461	7644926	5826686	1124640	1761928	4910112	4346229	944820	1001588	2734814	1480457	179820	760340	52524225	33328254	2227121	34370739	29268349	4091198	3746749	9177986	3080174	47639923	38322393
2021-07-17	86233291	270975	70746	200229	63812709	7901080	12273807	49956364	38522622	0.601	0.463	7644926	5826686	1124640	1761928	4910112	4346229	944820	1001588	2734814	1480457	179820	760340	52736823	33384580	2245695	34424940	29387769	4106857	3794223	9178872	3094935	47710669	38522622
2021-07-18	86432917	199626	59508	140118	63948063	7942648	12285263	50027120	38662740	0.602	0.465	7644926	5826686	1124640	1761928	4910112	4346229	944820	1001588	2734814	1480457	179820	760340	52907825	33412623	2256943	34474900	29473163	4116128	3826520	9179149	3106114	47770177	38662740
2021-07-19	86813075	380158	91425	288733	64243738	7993111	12305043	50132785	38951473	0.603	0.468	7644926	5826686	1124640	1761928	4910112	4346229	944820	1001588	2734814	1480457	179820	760340	53105942	33592649	2271183	34552058	29691680	4129064	3864047	9180480	3124563	47861602	38951473
2021-07-20	87416324	603249	126159	477090	64762440	8041435	12326971	50273239	39428563	0.604	0.474	7644926	5826686	1124640	1761928	4910112	4346229	944820	1001588	2734814	1480457	179820	760340	53327079	33970767	2285478	34660083	30102357	4144670	3896765	9183008	3143963	47987761	39428563
2021-07-21	88167122	750798	154842	595956	65430566	8087448	12349755	50441956	40024519	0.607	0.481	7644926	5826686	1124640	1761928	4910112	4346229	944820	1001588	2734814	1480457	179820	760340	53566483	34477235	2299353	34800370	30630196	4157630	3929818	9184603	3165152	48142603	40024519
2021-07-22	88784343	617221	121155	496066	65971938	8130880	12368599	50576684	40520585	0.608	0.487	7644926	5826686	1124640	1761928	4910112	4346229	944820	1001588	2734814	1480457	179820	760340	53798588	34857754	2312926	34910046	31061892	4167717	3963163	9185995	3182604	48263758	40520585
2021-07-23	89350026	565683	113278	452405	66458698	8173128	12387152	50708084	40972990	0.610	0.493	7644926	5826686	1124640	1761928	4910112	4346229	944820	1001588	2734814	1480457	179820	760340	54033419	35185498	2331048	35012027	31446671	4177675	3995453	9187334	3199818	48377036	40972990
2021-07-24	89559497	209471	52235	157236	66611115	8210596	12394894	50772163	41130226	0.610	0.495	7644926	5826686	1124640	1761928	4910112	4346229	944820	1001588	2734814	1480457	179820	760340	54186931	35239989	2342892	35056225	31554890	4184948	4025648	9188098	3206796	48429271	41130226
2021-07-25	89683724	124227	31954	92273	66694874	8242038	12398170	50809867	41222499	0.611	0.496	7644926	5826686	1124640	1761928	4910112	4346229	944820	1001588	2734814	1480457	179820	760340	54291314	35258381	2348642	35081805	31613069	4191205	4050833	9188215	3209955	48461225	41222499
2021-07-26	90019086	335362	71388	263974	66967081	8281819	12410503	50892296	41486473	0.612	0.499	7644926	5826686	1124640	1761928	4910112	4346229	944820	1001588	2734814	1480457	179820	760340	54476432	35406924	2359683	35142479	31824602	4200763	4081056	9189371	3221132	48532613	41486473
2021-07-27	90565550	546464	97668	448796	67438714	8323957	12430381	51002779	41935269	0.613	0.504	7644926	5826686	1124640	1761928	4910112	4346229	944820	1001588	2734814	1480457	179820	760340	54686253	35739285	2372498	35230168	32208546	4209429	4114528	9190684	3239697	48630281	41935269
2021-07-28	91248493	682943	121436	561507	68037796	8370788	12453710	51137916	42496776	0.615	0.511	7644926	5826686	1124640	1761928	4910112	4346229	944820	1001588	2734814	1480457	179820	760340	54919040	36185608	2386199	35340940	32696856	4218859	4151929	9191918	3261792	48751717	42496776
2021-07-29	91820702	572209	104756	467453	68532184	8414219	12473495	51257277	42964229	0.616	0.517	7644926	5826686	1124640	1761928	4910112	4346229	944820	1001588	2734814	1480457	179820	760340	55131318	36541536	2400804	35435305	33096879	4228034	4186185	9193134	3280361	48856473	42964229
2021-07-30	92312235	491533	93851	397682	68945289	8459472	12490657	51367141	43361911	0.618	0.521	7644926	5826686	1124640	1761928	4910112	4346229	944820	1001588	2734814	1480457	179820	760340	55343285	36818387	2416817	35519085	33426204	4237036	4222436	9194203	3296454	48950324	43361911
2021-07-31	92506106	193871	46976	146895	69084884	8495323	12496674	51426525	43508806	0.618	0.523	7644926	5826686	1124640	1761928	4910112	4346229	944820	1001588	2734814	1480457	179820	760340	55498662	36856357	2429225	35559666	33525218	4243276	4252047	9194358	3302316	48997300	43508806
2021-08-01	92622548	116442	30368	86074	69168076	8520393	12498989	51462758	43594880	0.619	0.524	7644926	5826686	1124640	1761928	4910112	4346229	944820	1001588	2734814	1480457	179820	760340	55598362	36872662	2435090	35585777	33582299	4247451	4272942	9194440	3304549	49027668	43594880
2021-08-02	92912375	289827	58146	231681	69404313	8553761	12508114	51532001	43826561	0.620	0.527	7644926	5826686	1124640	1761928	4910112	4346229	944820	1001588	2734814	1480457	179820	760340	55766141	36992897	2446187	35638230	33766083	4252572	4301189	9195012	3313102	49085814	43826561
2021-08-03	93367863	455488	76155	379333	69796486	8592047	12520048	51621251	44205894	0.621	0.532	7644926	5826686	1124640	1761928	4910112	4346229	944820	1001588	2734814	1480457	179820	760340	55951838	37259593	2459282	35708796	34087690	4257436	4334611	9195737	3324311	49161969	44205894
2021-08-04	93931975	564112	95982	468130	70300532	8628273	12531304	51729817	44674024	0.622	0.537	7644926	5826686	1124640	1761928	4910112	4346229	944820	1001588	2734814	1480457	179820	760340	56157293	37614993	2471866	35798653	34501879	4263062	4365211	9196236	3335068	49257951	44674024
2021-08-05	94441344	509369	84727	424642	70748231	8667848	12539244	51828699	45098666	0.623	0.542	7644926	5826686	1124640	1761928	4910112	4346229	944820	1001588	2734814	1480457	179820	760340	56367850	37910549	2486021	35877589	34870642	4268246	4399602	9196843	3342401	49342678	45098666
2021-08-06	94875369	434025	80328	353697	71124287	8703573	12546545	51923970	45452363	0.624	0.547	7644926	5826686	1124640	1761928	4910112	4346229	944820	1001588	2734814	1480457	179820	760340	56582619	38127512	2500964	35951771	35172516	4273962	4429611	9197273	3349272	49423006	45452363
2021-08-07	95057246	181877	40049	141828	71260197	8735296	12548087	51976721	45594191	0.625	0.548	7644926	5826686	1124640	1761928	4910112	4346229	944820	1001588	2734814	1480457	179820	760340	56739496	38151629	2513666	35987136	35273061	4278567	4456729	9197352	3350735	49463055	45594191
2021-08-08	95172792	115546	23308	92238	71349153	8757039	12549006	52003957	45686429	0.625	0.549	7644926	5826686	1124640	1761928	4910112	4346229	944820	1001588	2734814	1480457	179820	760340	56843392	38163142	2517594	36007645	35341508	4281324	4475715	9197394	3351612	49486363	45686429
2021-08-09	95462160	289368	50664	238704	71582884	8798449	12554331	52063523	45925133	0.626	0.552	7644926	5826686	1124640	1761928	4910112	4346229	944820	1001588	2734814	1480457	179820	760340	57029644	38264866	2526496	36053523	35529361	4285803	4512646	9197701	3356630	49537027	45925133
2021-08-10	95882983	420823	73210	347613	71942433	8840913	12562192	52147682	46272746	0.627	0.556	7644926	5826686	1124640	1761928	4910112	4346229	944820	1001588	2734814	1480457	179820	760340	57216295	38496745	2537445	36121208	35821225	4290762	4550151	9198267	3363925	49610237	46272746
2021-08-11	96410848	527865	101627	426238	72399851	8887319	12571857	52263685	46698984	0.628	0.562	7644926	5826686	1124640	1761928	4910112	4346229	944820	1001588	2734814	1480457	179820	760340	57430420	38807109	2551821	36214712	36185139	4298225	4589094	9198927	3372930	49711864	46698984
2021-08-12	96852861	442013	92060	349953	72784481	8923113	12578796	52370395	47048937	0.630	0.566	7644926	5826686	1124640	1761928	4910112	4346229	944820	1001588	2734814	1480457	179820	760340	57618078	39058964	2566471	36300281	36484200	4304220	4618893	9199423	3379373	49803924	47048937
