date	dosen_kumulativ	dosen_differenz_zum_vortag	dosen_erst_differenz_zum_vortag	dosen_zweit_differenz_zum_vortag	dosen_biontech_kumulativ	dosen_moderna_kumulativ	dosen_astrazeneca_kumulativ	personen_erst_kumulativ	personen_voll_kumulativ	impf_quote_erst	impf_quote_voll	indikation_alter_dosen	indikation_beruf_dosen	indikation_medizinisch_dosen	indikation_pflegeheim_dosen	indikation_alter_erst	indikation_beruf_erst	indikation_medizinisch_erst	indikation_pflegeheim_erst	indikation_alter_voll	indikation_beruf_voll	indikation_medizinisch_voll	indikation_pflegeheim_voll	dosen_dim_kumulativ	dosen_kbv_kumulativ	dosen_johnson_kumulativ	dosen_biontech_erst_kumulativ	dosen_biontech_zweit_kumulativ	dosen_moderna_erst_kumulativ	dosen_moderna_zweit_kumulativ	dosen_astrazeneca_erst_kumulativ	dosen_astrazeneca_zweit_kumulativ	dosen_erst_kumulativ	dosen_zweit_kumulativ
2020-12-27	24089	24089	24076	13	24087	2	0	24076	13	0.000	0.000	10705	8657	1305	12604	10664	8590	1305	12536	41	67	0	68	24089	0	0	24074	13	2	0	0	0	24076	13
2020-12-28	42080	17991	17830	161	42078	2	0	41906	174	0.001	0.000	18621	15788	1991	21344	18580	15721	1991	21276	41	67	0	68	42080	0	0	41904	174	2	0	0	0	41906	174
2020-12-29	92087	50007	49273	734	92084	2	1	91179	908	0.001	0.000	34989	40734	3107	40508	34724	40420	3107	40099	265	314	0	409	92087	0	0	91176	908	2	0	1	0	91179	908
2020-12-30	155582	63495	63357	138	155579	2	1	154536	1046	0.002	0.000	55510	73365	4901	63206	55243	73050	4901	62794	267	315	0	412	155582	0	0	154533	1046	2	0	1	0	154536	1046
2020-12-31	205273	49691	49602	89	205270	2	1	204138	1135	0.002	0.000	72831	96719	6752	83965	72517	96367	6752	83476	314	352	0	489	205273	0	0	204135	1135	2	0	1	0	204138	1135
2021-01-01	230623	25350	25341	9	230612	7	4	229479	1144	0.003	0.000	81208	105449	7830	92301	80894	105097	7830	91812	314	352	0	489	230623	0	0	229469	1143	7	0	3	1	229479	1144
2021-01-02	278567	47944	47658	286	278556	7	4	277137	1430	0.003	0.000	102774	129731	10350	113258	102365	129304	10350	112629	409	427	0	629	278567	0	0	277127	1429	7	0	3	1	277137	1430
2021-01-03	300980	22413	22408	5	300967	9	4	299545	1435	0.004	0.000	113044	140227	11284	123279	112635	139800	11284	122650	409	427	0	629	300980	0	0	299533	1434	9	0	3	1	299545	1435
2021-01-04	346823	45843	45747	96	346809	10	4	345292	1531	0.004	0.000	129646	164913	13951	139091	129237	164486	13951	138462	409	427	0	629	346823	0	0	345279	1530	10	0	3	1	345292	1531
2021-01-05	399055	52232	51894	338	399040	11	4	397186	1869	0.005	0.000	147987	192565	16489	157656	147576	192117	16489	157025	411	448	0	631	399055	0	0	397172	1868	11	0	3	1	397186	1869
2021-01-06	461563	62508	62415	93	461539	17	7	459601	1962	0.006	0.000	169498	225530	19910	180812	169086	225082	19910	180181	412	448	0	631	461563	0	0	459579	1960	17	0	5	2	459601	1962
2021-01-07	516145	54582	54560	22	516114	21	9	514162	1984	0.006	0.000	189172	254868	22957	197233	188758	254418	22957	196600	414	450	0	633	516145	0	1	514133	1981	21	0	7	2	514161	1984
2021-01-08	578361	62216	62108	108	578278	72	10	576270	2092	0.007	0.000	211521	287315	26324	218219	211009	286711	26320	217449	512	604	4	770	578361	0	1	576189	2089	72	0	8	2	576269	2092
2021-01-09	638365	60004	59856	148	638278	75	11	636126	2240	0.008	0.000	237322	313238	29007	243325	236798	312599	29003	242545	524	639	4	780	638365	0	1	636042	2236	75	0	8	3	636125	2240
2021-01-10	674095	35730	35581	149	674000	83	11	671707	2389	0.008	0.000	252455	327794	30379	256315	251929	327151	30375	255535	526	643	4	780	674095	0	1	671616	2384	82	1	8	3	671706	2389
2021-01-11	741908	67813	67711	102	741797	97	13	739418	2491	0.009	0.000	277513	359176	33587	276774	276967	358513	33583	275968	546	663	4	806	741908	0	1	739317	2480	90	7	10	3	739417	2491
2021-01-12	820456	78548	78483	65	820329	112	14	817901	2556	0.010	0.000	305695	401338	36582	301731	305147	400670	36578	300888	548	668	4	843	820456	0	1	817785	2544	105	7	10	4	817900	2556
2021-01-13	931676	111220	111019	201	930381	1280	14	928920	2757	0.011	0.000	345167	458844	40485	337339	344574	458093	40466	336399	593	751	19	940	931676	0	1	927636	2745	1273	7	10	4	928919	2757
2021-01-14	1015249	83573	83351	222	1008805	6429	14	1012271	2979	0.012	0.000	374803	501101	42769	361463	374094	500254	42750	360452	709	847	19	1011	1015249	0	1	1005882	2923	6378	51	10	4	1012270	2979
2021-01-15	1106230	90981	90135	846	1094515	11695	19	1102406	3825	0.013	0.000	408725	545673	46728	389202	407810	544625	46700	387982	915	1048	28	1220	1106230	0	1	1090746	3769	11644	51	15	4	1102405	3825
2021-01-16	1163703	57473	56468	1005	1150308	13374	20	1158874	4830	0.014	0.000	432983	570627	48859	408798	431664	569232	48767	407047	1319	1395	92	1751	1163703	0	1	1145534	4774	13323	51	16	4	1158873	4830
2021-01-17	1211044	47341	30427	16914	1196386	14635	21	1189302	21744	0.014	0.000	453449	591002	50884	428544	444215	583354	50014	417145	9234	7648	870	11399	1211044	0	2	1174699	21687	14584	51	17	4	1189300	21744
2021-01-18	1293255	82211	66625	15586	1274455	18776	22	1255927	37330	0.015	0.000	482728	633883	53106	448900	467235	619730	51700	430238	15493	14153	1406	18662	1293255	0	2	1237184	37271	18723	53	18	4	1255925	37330
2021-01-19	1412258	119003	83004	35999	1389782	22443	31	1338931	73329	0.016	0.001	519765	695968	56714	479843	492669	666683	54375	447938	27096	29285	2339	31905	1412258	0	2	1316517	73265	22385	58	27	4	1338929	73329
2021-01-20	1543701	131443	78056	53387	1518481	25184	34	1416987	126716	0.017	0.002	568076	760039	60957	522078	522876	706310	57505	469463	45200	53729	3452	52615	1543701	0	2	1391829	126652	25126	58	30	4	1416985	126716
2021-01-21	1648537	104836	64097	40739	1620576	27924	35	1481084	167455	0.018	0.002	610150	808503	65406	556195	549621	735602	60889	487988	60529	72901	4517	68207	1648537	0	2	1453187	167389	27865	59	30	5	1481082	167455
2021-01-22	1749925	101388	68220	33168	1719771	30109	43	1549304	200623	0.019	0.002	654049	853889	69013	590642	579902	764987	63599	506975	74147	88902	5414	83667	1749925	0	2	1519219	200552	30045	64	38	5	1549302	200623
2021-01-23	1836261	86336	40476	45860	1805751	30462	46	1589780	246483	0.019	0.003	691767	890989	72414	617916	599855	780966	64783	516268	91912	110023	7631	101648	1836261	0	2	1559340	246411	30397	65	41	5	1589778	246483
2021-01-24	1883385	47124	25533	21591	1852673	30660	50	1615313	268074	0.019	0.003	715655	910067	73331	632982	614016	789814	65130	521524	101639	120253	8201	111458	1883385	0	2	1584671	268002	30595	65	45	5	1615311	268074
2021-01-25	1974144	90759	52464	38295	1942013	32076	53	1667777	306369	0.020	0.004	756375	951632	76827	658117	642321	811974	66847	534304	114054	139658	9980	123813	1974144	0	2	1635719	306294	32008	68	48	5	1667775	306369
2021-01-26	2071582	97438	50717	46721	2038010	33510	60	1718494	353090	0.021	0.004	796572	997196	80614	684405	667753	831436	68195	545278	128819	165760	12419	139127	2071582	0	2	1685000	353010	33437	73	55	5	1718492	353090
2021-01-27	2180600	109018	50868	58150	2145233	35296	68	1769363	411240	0.021	0.005	839834	1049509	85786	715259	691463	852265	70042	556304	148371	197244	15744	158955	2180600	0	3	1734086	411147	35211	85	63	5	1769360	411240
2021-01-28	2273069	92469	46593	45876	2236071	36924	71	1815956	457116	0.022	0.005	877990	1090332	89974	739697	713483	869115	71590	567469	164507	221217	18384	172228	2273069	0	3	1779136	456935	36751	173	66	5	1815953	457116
2021-01-29	2380800	107731	49993	57738	2342315	38404	78	1865949	514854	0.022	0.006	920894	1138243	95507	769100	735839	888487	73819	578309	185055	249756	21688	190791	2380800	0	3	1827643	514672	38230	174	73	5	1865946	514854
2021-01-30	2468795	87995	34391	53604	2429428	39284	80	1900340	568458	0.023	0.007	957412	1174692	99468	796433	752473	901967	75224	586328	204939	272725	24244	210105	2468795	0	3	1861155	568273	39108	176	74	6	1900337	568458
2021-01-31	2525598	56803	25772	31031	2485850	39660	85	1926112	599489	0.023	0.007	982865	1196922	101575	812430	766590	910861	76411	592657	216275	286061	25164	219773	2525598	0	3	1886555	599295	39476	184	78	7	1926109	599489
2021-02-01	2645015	119417	57974	61443	2603008	41868	136	1984086	660932	0.024	0.008	1026174	1260299	105285	839830	787193	944041	78273	602425	238981	316258	27012	237405	2645015	0	3	1942272	660736	41682	186	129	7	1984083	660932
2021-02-02	2777230	132215	65060	67155	2732148	44930	149	2049146	728087	0.025	0.009	1069633	1330364	110479	870030	806216	982089	80866	611659	263417	348275	29613	258371	2777230	0	3	2004258	727890	44743	187	142	7	2049143	728087
2021-02-03	2939164	161934	64238	97696	2887729	51257	175	2113384	825783	0.025	0.010	1128983	1407775	116405	912544	829819	1014401	83062	623312	299164	393374	33343	289232	2939164	0	3	2062149	825580	51064	193	168	7	2113381	825783
2021-02-04	3073052	133888	61798	72090	3015780	57089	180	2175182	897873	0.026	0.011	1177986	1472437	120972	943857	851937	1046473	85311	632945	326049	425964	35661	310912	3073052	0	3	2118113	897667	56893	196	173	7	2175179	897873
2021-02-05	3219808	146756	68961	77795	3156080	63537	188	2244143	975668	0.027	0.012	1232524	1542580	126293	977786	877231	1080338	86905	644262	355293	462242	39388	333524	3219808	0	3	2180753	975327	63207	330	180	8	2244140	975668
2021-02-06	3313477	93669	45440	48229	3247122	66163	189	2289583	1023897	0.028	0.012	1272514	1588658	130853	1003590	896490	1101898	88782	653957	376024	486760	42071	349633	3313477	0	3	2223566	1023556	65833	330	181	8	2289580	1023897
2021-02-07	3366784	53307	28259	25048	3298100	68489	191	2317843	1048945	0.028	0.013	1298155	1609930	133571	1016823	910800	1112720	90015	659435	387355	497210	43556	357388	3366784	0	4	2249498	1048602	68158	331	183	8	2317839	1048945
2021-02-08	3475646	108862	52827	56035	3403111	72311	219	2370671	1104980	0.029	0.013	1350672	1655734	137545	1035599	942269	1129343	91902	666781	408403	526391	45643	368818	3475646	0	5	2298477	1104634	71978	333	211	8	2370666	1104980
2021-02-09	3609633	133987	60211	73776	3533551	75745	332	2430882	1178756	0.029	0.014	1411842	1714380	141993	1058512	978151	1147503	94639	674792	433691	566877	47354	383720	3609633	0	5	2355331	1178220	75222	523	324	8	2430877	1178756
2021-02-10	3764041	154408	77289	77119	3675388	79980	8668	2508171	1255875	0.030	0.015	1478760	1781046	146001	1087933	1017461	1175177	96286	685176	461299	605869	49715	402757	3764041	0	5	2421042	1254346	78476	1504	8648	20	2508166	1255875
2021-02-11	3907778	143737	75244	68493	3795543	87244	24984	2583417	1324368	0.031	0.016	1539776	1848576	151475	1113070	1052428	1208053	98713	694775	487348	640523	52762	418295	3907778	0	7	2475751	1319792	82709	4535	24950	34	2583410	1324368
2021-02-12	4062895	155117	79550	75567	3927109	96542	39234	2662970	1399935	0.032	0.017	1611268	1919253	157751	1138545	1094198	1240389	101429	704318	517070	678864	56322	434227	4062895	0	10	2536802	1390307	87281	9261	38877	357	2662960	1399935
2021-02-13	4170212	107317	61930	45387	4017820	99799	52582	2724901	1445322	0.033	0.017	1667599	1960972	162355	1156080	1129093	1262877	103231	711418	538506	698095	59124	444662	4170212	0	11	2583679	1434141	88993	10806	52218	364	2724890	1445322
2021-02-14	4235381	65169	39492	25677	4073272	102273	59824	2764394	1470999	0.033	0.018	1706122	1983696	163973	1164146	1153761	1276081	104081	714928	552361	707615	59892	449218	4235381	0	12	2614680	1458592	90263	12010	59439	385	2764382	1470999
2021-02-15	4360626	125245	69586	55659	4177792	107540	75281	2833981	1526658	0.034	0.018	1773591	2031897	168008	1183418	1194859	1300739	106358	721524	578732	731158	61650	461894	4360626	0	13	2666556	1511236	92535	15005	74877	404	2833968	1526658
2021-02-16	4494598	133972	77766	56206	4286020	113691	94873	2911748	1582864	0.035	0.019	1839625	2089928	170683	1200400	1236633	1336138	107879	728440	602992	753790	62804	471960	4494598	0	14	2722017	1564003	95260	18431	94457	416	2911734	1582864
2021-02-17	4645295	150697	94409	56288	4407963	121689	115628	3006158	1639152	0.036	0.020	1920033	2147919	175770	1221928	1292995	1368705	110873	736858	627038	779214	64897	485070	4645295	0	15	2790871	1617092	100073	21616	115199	429	3006143	1639152
2021-02-18	4789499	144204	91217	52987	4520099	129912	139472	3097376	1692139	0.037	0.020	1995907	2206102	179208	1240945	1345328	1403985	112659	744258	650579	802117	66549	496687	4789499	0	16	2853566	1666533	104755	25157	139039	433	3097360	1692139
2021-02-19	4947807	158308	102740	55568	4641023	139873	166894	3200117	1747707	0.038	0.021	2076668	2266444	184080	1258305	1402958	1440066	115287	750941	673710	826378	68793	507364	4947807	0	17	2922039	1718984	111706	28167	166355	539	3200100	1747707
2021-02-20	5059857	112050	75793	36257	4727411	144337	188091	3275911	1783964	0.039	0.021	2138268	2310157	187738	1272296	1445964	1469322	117533	755178	692304	840835	70205	517118	5059857	0	18	2972613	1754798	115738	28599	187542	549	3275893	1783964
2021-02-21	5145620	85763	57384	28379	4793917	147978	203706	3333296	1812343	0.040	0.022	2187054	2340674	190304	1282667	1479917	1489494	118664	757407	707137	851180	71640	525260	5145620	0	19	3010906	1783011	119220	28758	203151	555	3333277	1812343
2021-02-22	5300842	155222	97540	57682	4916578	156921	227323	3430837	1870025	0.041	0.022	2266701	2410287	195201	1300517	1538362	1525084	121627	763642	728339	885203	73574	536875	5300842	0	20	3077666	1838912	126395	30526	226756	567	3430817	1870025
2021-02-23	5470680	169838	109381	60457	5050353	164130	256176	3540219	1930482	0.043	0.023	2346910	2483166	200501	1318387	1598211	1563793	124757	771284	748699	919373	75744	547103	5470680	0	21	3152655	1897698	131945	32185	255598	578	3540198	1930482
2021-02-24	5646364	175684	116541	59143	5181781	171740	292821	3656761	1989625	0.044	0.024	2431789	2557990	207079	1337422	1660503	1608669	128907	778912	771286	949321	78172	558510	5646364	0	22	3226644	1955137	137870	33870	292225	596	3656739	1989625
2021-02-25	5835288	188924	129997	58927	5313097	178498	343671	3786758	2048552	0.046	0.025	2514175	2648479	213515	1355541	1722988	1667176	133470	787131	791187	981303	80045	568410	5835288	0	22	3300575	2012522	143099	35399	343062	609	3786736	2048552
2021-02-26	6047707	212419	145565	66854	5453866	187331	406488	3932323	2115406	0.047	0.025	2602819	2749814	220591	1375230	1787946	1735795	138593	794627	814873	1014019	81998	580603	6047707	0	22	3376178	2077688	150316	37015	405807	681	3932301	2115406
2021-02-27	6195417	147710	107826	39884	5546514	191413	457468	4040149	2155290	0.049	0.026	2666475	2822116	227301	1388101	1833818	1790224	143432	799030	832657	1031892	83869	589071	6195417	0	22	3429682	2116832	153666	37747	456779	689	4040127	2155290
2021-02-28	6298249	102832	78774	24058	5607791	195368	495067	4118924	2179348	0.050	0.026	2714700	2875405	231582	1394762	1868893	1834535	146785	801170	845807	1040870	84797	593592	6298249	0	23	3467274	2140517	157268	38100	494359	708	4118901	2179348
2021-03-01	6496438	198189	148335	49854	5738030	204990	553395	4267259	2229202	0.051	0.027	2817221	2953369	239381	1408021	1943445	1896228	153263	806209	873776	1057141	86118	601812	6496438	0	23	3549696	2188334	164869	40121	552671	724	4267236	2229202
2021-03-02	6715395	218957	166864	52093	5878176	214984	622212	4434123	2281295	0.053	0.027	2927307	3047588	248982	1422628	2022735	1971725	160632	812692	904572	1075863	88350	609936	6715395	0	23	3640645	2237531	171989	42995	621466	746	4434100	2281295
2021-03-03	6962427	247032	176536	70496	6035912	229932	696560	4610659	2351791	0.055	0.028	3047976	3148969	260606	1439862	2105531	2048823	170041	819606	942445	1100146	90565	620256	6962427	0	23	3733813	2302099	181062	48870	695761	799	4610636	2351791
2021-03-04	7207215	244788	181974	62814	6177112	244397	785683	4792633	2414605	0.058	0.029	3159240	3258741	272992	1455625	2181653	2136963	180034	825002	977587	1121778	92958	630623	7207215	0	23	3817629	2359483	190135	54262	784846	837	4792610	2414605
2021-03-05	7481454	274239	207271	66968	6325021	257761	898648	4999905	2481573	0.060	0.030	3277185	3383782	287941	1471072	2258903	2242620	191990	830697	1018282	1141162	95951	640375	7481454	0	24	3904577	2420444	197540	60221	897764	884	4999881	2481573
2021-03-06	7683125	201671	153013	48658	6434249	266199	982653	5152918	2530231	0.062	0.030	3366696	3478463	298371	1480590	2314602	2325555	200824	833966	1052094	1152908	97547	646624	7683125	0	24	3967405	2466844	203741	62458	981748	905	5152894	2530231
2021-03-07	7830660	147535	114053	33482	6513987	272853	1043796	5266971	2563713	0.063	0.031	3437978	3544531	306478	1486155	2360956	2383880	208082	835928	1077022	1160651	98396	650227	7830660	0	24	4016018	2497969	208059	64794	1042870	926	5266947	2563713
2021-03-08	8068084	237424	185846	51578	6647891	283809	1136360	5452817	2615291	0.066	0.031	3556806	3640371	322827	1498475	2442587	2468035	222757	841890	1114219	1172336	100070	656585	8068084	0	24	4101748	2546143	215652	68157	1135393	967	5452793	2615291
2021-03-09	8320286	252202	197407	54795	6787987	296591	1235684	5650224	2670086	0.068	0.032	3677710	3742787	340236	1512022	2524321	2558568	238262	848791	1153389	1184219	101974	663231	8320286	0	24	4190586	2597401	224962	71629	1234652	1032	5650200	2670086
2021-03-10	8608673	288387	221357	67030	6947086	308769	1352793	5871582	2737116	0.071	0.033	3808598	3856306	360962	1530389	2606688	2661880	256906	860000	1201910	1194426	104056	670389	8607702	971	25	4286268	2660818	233581	75188	1351708	1085	5871557	2737116
2021-03-11	8892855	284182	223293	60889	7094696	322486	1475648	6094875	2798005	0.073	0.034	3937470	3976178	382106	1544008	2689957	2769533	276555	867677	1247513	1206645	105551	676331	8891229	1626	25	4377393	2717303	242951	79535	1474506	1142	6094850	2798005
2021-03-12	9219046	326191	255346	70845	7246272	339779	1632970	6350221	2868850	0.076	0.034	4071484	4127850	404783	1559463	2770420	2906954	297406	877132	1301064	1220896	107377	682331	9217210	1836	25	4462918	2783354	255651	84128	1631627	1343	6350196	2868850
2021-03-13	9459601	240555	190290	50265	7362284	349346	1747946	6540511	2919115	0.079	0.035	4181046	4240796	425293	1567511	2840453	3011727	316755	881879	1340593	1229069	108538	685632	9457609	1992	25	4530117	2832167	263878	85468	1746491	1455	6540486	2919115
2021-03-14	9629580	169979	134301	35678	7450344	354858	1824353	6674812	2954793	0.080	0.036	4266043	4307307	441408	1570975	2896461	3072888	331859	883676	1369582	1234419	109549	687299	9627578	2002	25	4583495	2866849	268415	86443	1822877	1476	6674787	2954793
2021-03-15	9877217	247637	188429	59208	7603150	367544	1906498	6863241	3014001	0.083	0.036	4400463	4391447	461474	1582289	2984151	3147219	350790	890548	1416312	1244228	110684	691741	9874932	2285	25	4678884	2924266	279402	88142	1904930	1568	6863216	3014001
2021-03-16	10056102	178885	110690	68195	7769768	378794	1907515	6973931	3082196	0.084	0.037	4527474	4426082	473886	1593025	3059300	3169255	361553	895647	1468174	1256827	112333	697378	10053270	2832	25	4779796	2989972	288167	90627	1905943	1572	6973906	3082196
2021-03-17	10261126	205024	124076	80948	7956057	396784	1908260	7098007	3163144	0.085	0.038	4672447	4463838	487350	1605072	3141952	3193652	373040	902175	1530495	1270186	114310	702897	10257677	3449	25	4889948	3066109	301351	95433	1906683	1577	7097982	3163144
2021-03-18	10454659	193533	117971	75562	8130268	414948	1909418	7215978	3238706	0.087	0.039	4812398	4498757	499905	1615322	3222615	3215628	383588	907340	1589783	1283129	116317	707982	10450787	3872	25	4993797	3136471	314316	100632	1907840	1578	7215953	3238706
2021-03-19	10699605	244946	160712	84234	8315864	435735	1947981	7376690	3322940	0.089	0.040	4961948	4563922	518114	1627194	3306761	3267408	399605	914537	1655187	1296514	118509	712657	10695202	4403	25	5102021	3213843	328298	107437	1946346	1635	7376665	3322940
2021-03-20	10919775	220170	166902	53268	8451225	451023	2017502	7543592	3376208	0.091	0.041	5078536	4641917	537715	1633319	3379545	3337212	417708	917920	1698991	1304705	120007	715399	10915048	4727	25	5187976	3263249	339754	111269	2015837	1665	7543567	3376208
2021-03-21	11084260	164485	126299	38186	8553399	460220	2070616	7669891	3414394	0.092	0.041	5171749	4694283	554274	1635819	3440184	3384099	433219	919244	1731565	1310184	121055	716575	11079533	4727	25	5255234	3298165	345707	114513	2068925	1691	7669866	3414394
2021-03-22	11353463	269203	192796	76407	8719842	484029	2149567	7862687	3490801	0.095	0.042	5329624	4766248	576579	1645397	3534739	3445389	453483	925279	1794885	1320859	123096	720118	11347208	6255	25	5352722	3367120	362117	121912	2147823	1744	7862662	3490801
2021-03-23	11654417	300954	216921	84033	8901527	503760	2249105	8079608	3574834	0.097	0.043	5490190	4854892	604288	1656865	3629814	3521119	478432	932910	1860376	1333773	125856	723955	11643174	11243	25	5455404	3446123	376875	126885	2247304	1801	8079583	3574834
2021-03-24	11993618	339201	249627	89574	9101832	536789	2354972	8329235	3664408	0.100	0.044	5664852	4952071	635971	1672375	3732242	3605792	507202	944863	1932610	1346279	128769	727512	11976583	17035	25	5571515	3530317	404597	132192	2353098	1874	8329210	3664408
2021-03-25	12326259	332641	251495	81146	9287339	564450	2474445	8580730	3745554	0.103	0.045	5830941	5060081	670798	1683452	3832663	3703768	539527	951994	1998278	1356313	131271	731458	12303279	22980	25	5681555	3605784	426690	137760	2472460	1985	8580705	3745554
2021-03-26	12700297	374038	285501	88537	9487116	601601	2611554	8866232	3834091	0.107	0.046	6003833	5184282	710463	1698535	3933360	3816071	576057	962322	2070473	1368211	134406	736213	12671003	29294	26	5799594	3687522	457141	144460	2609471	2083	8866206	3834091
2021-03-27	12981562	281265	218935	62330	9636701	629220	2715614	9085168	3896421	0.109	0.047	6147056	5279869	744190	1703356	4023632	3903670	607441	965464	2123424	1376199	136749	737892	12949918	31644	27	5890018	3746683	481650	147570	2713473	2141	9085141	3896421
2021-03-28	13177951	196389	143171	53218	9752029	647723	2778172	9228339	3949639	0.111	0.047	6253046	5333384	768116	1706823	4085867	3950861	629648	967502	2167179	1382523	138468	739321	13146116	31835	27	5955453	3796576	496879	150844	2775980	2192	9228312	3949639
2021-03-29	13483602	305651	217058	88593	9940732	672719	2870124	9445397	4038232	0.114	0.049	6418833	5404751	806706	1716518	4180272	4010842	665103	973637	2238561	1393909	141603	742881	13445819	37783	27	6062436	3878296	515066	157653	2867868	2256	9445370	4038232
2021-03-30	13812496	328894	236404	92490	10159293	697144	2956032	9681801	4130722	0.116	0.050	6591913	5474211	853024	1727240	4280843	4069380	706095	981320	2311070	1404831	146929	745920	13762577	49919	27	6195025	3964268	533034	164110	2953715	2317	9681774	4130722
2021-03-31	14148726	336230	234770	101460	10406781	733187	3008731	9916571	4232182	0.119	0.051	6774517	5538855	899988	1738789	4384637	4121392	747318	988525	2389880	1417463	152670	750264	14082492	66234	27	6349057	4057724	561109	172078	3006378	2353	9916544	4232182
2021-04-01	14475425	326699	235947	90752	10645710	765634	3064054	10152518	4322934	0.122	0.052	6936269	5606629	944397	1747554	4476928	4175958	787230	994147	2459341	1430671	157167	753407	14389112	86313	27	6505168	4140542	585664	179970	3061659	2395	10152491	4322934
2021-04-02	14701140	225715	157732	67983	10825240	780018	3095855	10310250	4390917	0.124	0.053	7067172	5654574	981393	1749910	4552089	4213818	820223	995356	2515083	1440756	161170	754554	14613303	87837	27	6621082	4204158	595707	184311	3093434	2421	10310223	4390917
2021-04-03	14933080	231940	167525	64415	10999453	795814	3137786	10477775	4455332	0.126	0.054	7198861	5698683	1018737	1753036	4633025	4248782	853330	997097	2565836	1449901	165407	755939	14843844	89236	27	6735764	4263689	606657	189157	3135327	2459	10477748	4455332
2021-04-04	15126031	192951	142596	50355	11131656	805876	3188472	10620371	4505687	0.128	0.054	7309766	5731715	1048001	1754173	4704262	4274251	879171	997551	2605504	1457464	168830	756622	15036659	89372	27	6821544	4310112	612830	193046	3185970	2502	10620344	4505687
2021-04-05	15373903	247872	177652	70220	11296666	823736	3253474	10798023	4575907	0.130	0.055	7456036	5770066	1081529	1756372	4794323	4302940	907924	998846	2661713	1467126	173605	757526	15283221	90682	27	6921146	4375520	625910	197826	3250940	2534	10797996	4575907
2021-04-06	15747620	373717	279032	94685	11551585	855926	3340080	11077057	4670592	0.133	0.056	7644926	5826686	1124640	1761928	4910112	4346229	944820	1001588	2734814	1480457	179820	760340	15620311	127309	29	7090142	4461443	649408	206518	3337478	2602	11077028	4670592
2021-04-07	16415578	667958	571623	96335	12093732	892967	3428850	11648680	4766927	0.140	0.057	7644926	5826686	1124640	1761928	4910112	4346229	944820	1001588	2734814	1480457	179820	760340	15982605	432973	29	7544639	4549093	677847	215120	3426165	2685	11648651	4766927
2021-04-08	17114423	698845	611142	87703	12665234	928600	3520560	12259822	4854630	0.147	0.058	7644926	5826686	1124640	1761928	4910112	4346229	944820	1001588	2734814	1480457	179820	760340	16356572	757851	29	8037492	4627742	704506	224094	3517795	2765	12259793	4854630
2021-04-09	17746573	632150	543202	88948	13155653	965192	3625699	12803024	4943578	0.154	0.059	7644926	5826686	1124640	1761928	4910112	4346229	944820	1001588	2734814	1480457	179820	760340	16749219	997354	29	8450482	4705171	729662	235530	3622851	2848	12802995	4943578
2021-04-10	18119099	372526	307507	65019	13404085	988415	3726570	13110531	5008597	0.158	0.060	7644926	5826686	1124640	1761928	4910112	4346229	944820	1001588	2734814	1480457	179820	760340	17088699	1030400	29	8641638	4762447	745205	243210	3723659	2911	13110502	5008597
2021-04-11	18383011	263912	213595	50317	13574450	1007081	3801451	13324126	5058914	0.160	0.061	7644926	5826686	1124640	1761928	4910112	4346229	944820	1001588	2734814	1480457	179820	760340	17347532	1035479	29	8765707	4808743	759926	247155	3798464	2987	13324097	5058914
2021-04-12	18801588	418577	342209	76368	13853322	1036313	3911923	13666336	5135282	0.164	0.062	7644926	5826686	1124640	1761928	4910112	4346229	944820	1001588	2734814	1480457	179820	760340	17717602	1083986	30	8976735	4876587	780688	255625	3908883	3040	13666306	5135282
2021-04-13	19378415	576827	503137	73690	14285477	1063637	4029271	14169473	5208972	0.170	0.063	7644926	5826686	1124640	1761928	4910112	4346229	944820	1001588	2734814	1480457	179820	760340	18098299	1280116	30	9340836	4944641	802570	261067	4026037	3234	14169443	5208972
2021-04-14	20153239	774824	691618	83206	14901784	1097184	4154241	14861091	5292178	0.179	0.064	7644926	5826686	1124640	1761928	4910112	4346229	944820	1001588	2734814	1480457	179820	760340	18499326	1653913	30	9882999	5018785	827613	269571	4150449	3792	14861061	5292178
2021-04-15	20833418	680179	609872	70307	15435845	1133286	4264256	15470964	5362485	0.186	0.064	7644926	5826686	1124640	1761928	4910112	4346229	944820	1001588	2734814	1480457	179820	760340	18883876	1949542	31	10356311	5079534	855102	278184	4259520	4736	15470933	5362485
2021-04-16	21429923	596505	522314	74191	15874015	1165774	4390103	15993278	5436676	0.192	0.065	7644926	5826686	1124640	1761928	4910112	4346229	944820	1001588	2734814	1480457	179820	760340	19285542	2144381	31	10729525	5144490	879160	286614	4384562	5541	15993247	5436676
2021-04-17	21795952	366029	309416	56613	16098893	1188459	4508569	16302694	5493289	0.196	0.066	7644926	5826686	1124640	1761928	4910112	4346229	944820	1001588	2734814	1480457	179820	760340	19629767	2166185	31	10906408	5192485	894708	293751	4501547	7022	16302663	5493289
2021-04-18	22065491	269539	230535	39004	16270951	1203848	4590661	16533229	5532293	0.199	0.067	7644926	5826686	1124640	1761928	4910112	4346229	944820	1001588	2734814	1480457	179820	760340	19894695	2170796	31	11044526	5226425	906199	297649	4582473	8188	16533198	5532293
2021-04-19	22467719	402228	340810	61418	16564711	1236782	4666194	16874040	5593711	0.203	0.067	7644926	5826686	1124640	1761928	4910112	4346229	944820	1001588	2734814	1480457	179820	760340	20252592	2215127	32	11286112	5278599	931209	305573	4656687	9507	16874008	5593711
2021-04-20	23028467	560748	497978	62770	16946611	1276027	4805796	17372019	5656481	0.209	0.068	7644926	5826686	1124640	1761928	4910112	4346229	944820	1001588	2734814	1480457	179820	760340	20618889	2409578	33	11613989	5332622	963789	312238	4794208	11588	17371986	5656481
2021-04-21	23749566	721099	647942	73157	17400918	1317740	5030875	18019961	5729638	0.217	0.069	7644926	5826686	1124640	1761928	4910112	4346229	944820	1001588	2734814	1480457	179820	760340	21000840	2748726	33	12005720	5395198	997370	320370	5016838	14037	18019928	5729638
2021-04-22	24388195	638629	571414	67215	17782707	1361416	5244039	18591375	5796853	0.224	0.070	7644926	5826686	1124640	1761928	4910112	4346229	944820	1001588	2734814	1480457	179820	760340	21372210	3015985	33	12331595	5451112	1033366	328050	5226381	17658	18591342	5796853
2021-04-23	24944602	556407	487479	68928	18136001	1405006	5403562	19078854	5865781	0.229	0.071	7644926	5826686	1124640	1761928	4910112	4346229	944820	1001588	2734814	1480457	179820	760340	21760422	3184180	33	12630035	5505966	1066434	338572	5382352	21210	19078821	5865781
2021-04-24	25310194	365592	306650	58942	18370979	1454340	5484842	19385504	5924723	0.233	0.071	7644926	5826686	1124640	1761928	4910112	4346229	944820	1001588	2734814	1480457	179820	760340	22109103	3201091	33	12823795	5547184	1100398	353942	5461278	23564	19385471	5924723
2021-04-25	25593172	282978	233935	49043	18558765	1488012	5546362	19619439	5973766	0.236	0.072	7644926	5826686	1124640	1761928	4910112	4346229	944820	1001588	2734814	1480457	179820	760340	22386267	3206905	33	12974184	5584581	1124210	363802	5521012	25350	19619406	5973766
2021-04-26	26026157	432985	358995	73990	18876590	1530511	5618953	19978504	6047756	0.240	0.073	7644926	5826686	1124640	1761928	4910112	4346229	944820	1001588	2734814	1480457	179820	760340	22732660	3293497	103	13230488	5646102	1158310	372201	5589603	29350	19978401	6047756
2021-04-27	26811517	785360	693359	92001	19553219	1582012	5675630	20672416	6139757	0.249	0.074	7644926	5826686	1124640	1761928	4910112	4346229	944820	1001588	2734814	1480457	179820	760340	23103140	3708377	656	13829275	5723944	1200683	381329	5641802	33828	20671760	6139757
2021-04-28	27934678	1123161	996105	127056	20561372	1642738	5729080	21669353	6266813	0.261	0.075	7644926	5826686	1124640	1761928	4910112	4346229	944820	1001588	2734814	1480457	179820	760340	23497218	4437460	1488	14728855	5832517	1248868	393870	5690142	38938	21667865	6266813
2021-04-29	28880969	946291	812820	133471	21385683	1706662	5786227	22483082	6400284	0.270	0.077	7644926	5826686	1124640	1761928	4910112	4346229	944820	1001588	2734814	1480457	179820	760340	23885441	4995528	2397	15440896	5944787	1300398	406264	5739391	46836	22480685	6400284
2021-04-30	29684721	803752	666684	137068	22063983	1763950	5853516	23150641	6537352	0.278	0.079	7644926	5826686	1124640	1761928	4910112	4346229	944820	1001588	2734814	1480457	179820	760340	24289347	5395374	3272	16007643	6056340	1342430	421520	5797296	56220	23147369	6537352
2021-05-01	30021010	336289	260056	76233	22316818	1805440	5892906	23413271	6613585	0.282	0.080	7644926	5826686	1124640	1761928	4910112	4346229	944820	1001588	2734814	1480457	179820	760340	24600986	5420024	5846	16199240	6117578	1377515	427925	5830670	62236	23407425	6613585
2021-05-02	30286003	264993	197624	67369	22512390	1842952	5923008	23612702	6680954	0.284	0.080	7644926	5826686	1124640	1761928	4910112	4346229	944820	1001588	2734814	1480457	179820	760340	24858324	5427679	7653	16339080	6173310	1409773	433179	5856196	66812	23605049	6680954
2021-05-03	30737667	451664	335274	116390	22830234	1913526	5984668	23949562	6797344	0.288	0.082	7644926	5826686	1124640	1761928	4910112	4346229	944820	1001588	2734814	1480457	179820	760340	25216128	5521539	9239	16565931	6264303	1467139	446387	5907253	77415	23940323	6797344
2021-05-04	31580588	842921	681221	161700	23456492	1976994	6134903	24633743	6959044	0.296	0.084	7644926	5826686	1124640	1761928	4910112	4346229	944820	1001588	2734814	1480457	179820	760340	25591797	5988791	12199	17060397	6396095	1517361	459633	6043786	91117	24621544	6959044
2021-05-05	32727772	1147184	914853	232331	24307815	2055913	6347374	25553067	7191375	0.307	0.086	7644926	5826686	1124640	1761928	4910112	4346229	944820	1001588	2734814	1480457	179820	760340	26013017	6714755	16670	17726245	6581570	1570787	485126	6239365	108009	25536397	7191375
2021-05-06	33718777	991005	767283	223722	25000604	2148029	6548924	26324900	7415097	0.317	0.089	7644926	5826686	1124640	1761928	4910112	4346229	944820	1001588	2734814	1480457	179820	760340	26428911	7289866	21220	18241757	6758847	1640464	507565	6421459	127465	26303680	7415097
2021-05-07	34609870	891093	652641	238452	25588387	2234694	6761367	26981743	7653549	0.324	0.092	7644926	5826686	1124640	1761928	4910112	4346229	944820	1001588	2734814	1480457	179820	760340	26875988	7733882	25422	18655529	6932858	1696160	538534	6604632	156735	26956321	7653549
2021-05-08	35035669	425799	271733	154066	25856077	2306467	6845986	27255193	7807615	0.328	0.094	7644926	5826686	1124640	1761928	4910112	4346229	944820	1001588	2734814	1480457	179820	760340	27241296	7794373	27139	18810315	7045762	1748105	558362	6669634	176352	27228054	7807615
2021-05-09	35321848	286179	183646	102533	26049967	2363024	6880652	27439905	7910148	0.330	0.095	7644926	5826686	1124640	1761928	4910112	4346229	944820	1001588	2734814	1480457	179820	760340	27516440	7805408	28205	18924948	7125019	1793869	569155	6692883	187769	27411700	7910148
2021-05-10	35911082	589234	395742	193492	26423042	2444812	7011296	27839374	8103640	0.335	0.097	7644926	5826686	1124640	1761928	4910112	4346229	944820	1001588	2734814	1480457	179820	760340	27916776	7994306	31932	19156253	7266789	1853479	591333	6797710	213586	27807442	8103640
2021-05-11	36996857	1085775	797941	287834	27248900	2524748	7187636	28640956	8391474	0.344	0.101	7644926	5826686	1124640	1761928	4910112	4346229	944820	1001588	2734814	1480457	179820	760340	28348856	8648001	35573	19749263	7499637	1911190	613558	6944930	242706	28605383	8391474
2021-05-12	38412791	1415934	1049262	366672	28342173	2616397	7412896	29695970	8758146	0.357	0.105	7644926	5826686	1124640	1761928	4910112	4346229	944820	1001588	2734814	1480457	179820	760340	28808807	9603984	41325	20546109	7796064	1972302	644095	7136234	276662	29654645	8758146
2021-05-13	38841955	429164	268323	160841	28657445	2683128	7457407	29966943	8918987	0.360	0.107	7644926	5826686	1124640	1761928	4910112	4346229	944820	1001588	2734814	1480457	179820	760340	29164492	9677463	43975	20733614	7923831	2023824	659304	7165530	291877	29922968	8918987
2021-05-14	39598372	756417	526079	230338	29202608	2747998	7595999	30500814	9149325	0.367	0.110	7644926	5826686	1124640	1761928	4910112	4346229	944820	1001588	2734814	1480457	179820	760340	29569572	10028800	51767	21098353	8104255	2073521	674477	7277173	318826	30449047	9149325
2021-05-15	39998665	400293	234686	165607	29481792	2808378	7652448	30739780	9314932	0.370	0.112	7644926	5826686	1124640	1761928	4910112	4346229	944820	1001588	2734814	1480457	179820	760340	29922199	10076466	56047	21255159	8226633	2117476	690902	7311098	341350	30683733	9314932
2021-05-16	40280797	282132	160540	121592	29681549	2861104	7677374	30905043	9436524	0.372	0.113	7644926	5826686	1124640	1761928	4910112	4346229	944820	1001588	2734814	1480457	179820	760340	30188326	10092471	60770	21361542	8320007	2160320	700784	7322411	354963	30844273	9436524
2021-05-17	40835922	555125	349264	205861	30019775	2946747	7798873	31264064	9642385	0.376	0.116	7644926	5826686	1124640	1761928	4910112	4346229	944820	1001588	2734814	1480457	179820	760340	30574133	10261789	70527	21554421	8465354	2221550	725197	7417566	381307	31193537	9642385
2021-05-18	41707669	871747	517347	354400	30609149	3047822	7972399	31789183	9996785	0.382	0.120	7644926	5826686	1124640	1761928	4910112	4346229	944820	1001588	2734814	1480457	179820	760340	30990876	10716793	78299	21853785	8755364	2294051	753771	7563048	409351	31710884	9996785
2021-05-19	42805493	1097824	563729	534095	31413266	3147895	8153878	32365067	10530880	0.389	0.127	7644926	5826686	1124640	1761928	4910112	4346229	944820	1001588	2734814	1480457	179820	760340	31408922	11396571	90454	22197771	9215495	2360275	787620	7716567	437311	32274613	10530880
2021-05-20	43752917	947424	455574	491850	32096800	3244330	8310496	32831478	11022730	0.395	0.133	7644926	5826686	1124640	1761928	4910112	4346229	944820	1001588	2734814	1480457	179820	760340	31825403	11927514	101291	22458694	9638106	2425770	818560	7845723	464773	32730187	11022730
2021-05-21	44603934	851017	405990	445027	32692855	3330010	8467899	33249347	11467757	0.400	0.138	7644926	5826686	1124640	1761928	4910112	4346229	944820	1001588	2734814	1480457	179820	760340	32253700	12350234	113170	22681190	10011665	2482137	847873	7972850	495049	33136177	11467757
2021-05-22	45077717	473783	214999	258784	32999032	3399513	8551724	33478624	11726541	0.403	0.141	7644926	5826686	1124640	1761928	4910112	4346229	944820	1001588	2734814	1480457	179820	760340	32598553	12479164	127448	22779746	10219286	2530446	869067	8040984	510740	33351176	11726541
2021-05-23	45362781	285064	124759	160305	33191939	3458901	8575629	33612247	11886846	0.404	0.143	7644926	5826686	1124640	1761928	4910112	4346229	944820	1001588	2734814	1480457	179820	760340	32865496	12497285	136312	22845405	10346534	2574746	884155	8055784	519845	33475935	11886846
2021-05-24	45688641	325860	141111	184749	33427589	3520427	8596275	33761396	12071595	0.406	0.145	7644926	5826686	1124640	1761928	4910112	4346229	944820	1001588	2734814	1480457	179820	760340	33175831	12512810	144350	22928007	10499582	2621276	899151	8067763	528512	33617046	12071595
2021-05-25	46344115	655474	272089	383385	33874117	3600166	8700325	34058642	12454980	0.410	0.150	7644926	5826686	1124640	1761928	4910112	4346229	944820	1001588	2734814	1480457	179820	760340	33572362	12771753	169507	23069677	10804440	2672711	927455	8146747	553578	33889135	12454980
2021-05-26	47523869	1179754	469523	710231	34759147	3682515	8834428	34606437	13165211	0.416	0.158	7644926	5826686	1124640	1761928	4910112	4346229	944820	1001588	2734814	1480457	179820	760340	33988701	13535168	247779	23384491	11374656	2725292	957223	8248875	585553	34358658	13165211
2021-05-27	48564676	1040807	404185	636622	35498266	3771443	8966068	35091742	13801833	0.422	0.166	7644926	5826686	1124640	1761928	4910112	4346229	944820	1001588	2734814	1480457	179820	760340	34407671	14157005	328899	23642354	11855912	2776917	994526	8343572	622496	34762843	13801833
2021-05-28	49468619	903943	356370	547573	36101775	3857591	9096599	35531867	14349406	0.427	0.173	7644926	5826686	1124640	1761928	4910112	4346229	944820	1001588	2734814	1480457	179820	760340	34843653	14624966	412654	23859187	12242588	2827441	1030150	8432585	664014	35119213	14349406
2021-05-29	49878793	410174	151733	258441	36363597	3920182	9154568	35711392	14607847	0.429	0.176	7644926	5826686	1124640	1761928	4910112	4346229	944820	1001588	2734814	1480457	179820	760340	35179418	14699375	440446	23939032	12424565	2864294	1055888	8467620	686948	35270946	14607847
2021-05-30	50162331	283538	97728	185810	36560740	3967194	9182919	35820152	14793657	0.431	0.178	7644926	5826686	1124640	1761928	4910112	4346229	944820	1001588	2734814	1480457	179820	760340	35441138	14721193	451478	23998244	12562496	2891647	1075547	8478783	704136	35368674	14793657
2021-05-31	50709085	546754	178383	368371	36927938	4034622	9252572	36041010	15162028	0.433	0.182	7644926	5826686	1124640	1761928	4910112	4346229	944820	1001588	2734814	1480457	179820	760340	35830123	14878962	493953	24110004	12817934	2919331	1115291	8517722	734850	35547057	15162028
2021-06-01	51697469	988384	400077	588307	37661448	4114425	9343088	36525642	15750335	0.439	0.189	7644926	5826686	1124640	1761928	4910112	4346229	944820	1001588	2734814	1480457	179820	760340	36228034	15469435	578508	24426187	13235261	2949084	1165341	8571863	771225	35947134	15750335
2021-06-02	52946147	1248678	516845	731833	38650436	4186999	9425354	37147337	16482168	0.447	0.198	7644926	5826686	1124640	1761928	4910112	4346229	944820	1001588	2734814	1480457	179820	760340	36636434	16309713	683358	24875587	13774849	2973556	1213443	8614836	810518	36463979	16482168
2021-06-03	53588930	642783	230406	412377	39125460	4251307	9475603	37430945	16894545	0.450	0.203	7644926	5826686	1124640	1761928	4910112	4346229	944820	1001588	2734814	1480457	179820	760340	36999804	16589126	736560	25055423	14070037	3003263	1248044	8635699	839904	36694385	16894545
2021-06-04	54400018	811088	291281	519807	39711169	4322551	9552522	37799442	17414352	0.455	0.209	7644926	5826686	1124640	1761928	4910112	4346229	944820	1001588	2734814	1480457	179820	760340	37408404	16991614	813776	25283503	14427666	3031968	1290583	8670195	882327	36985666	17414352
2021-06-05	54812880	412862	96344	316518	39982263	4389525	9596705	37926397	17730870	0.456	0.213	7644926	5826686	1124640	1761928	4910112	4346229	944820	1001588	2734814	1480457	179820	760340	37757722	17055158	844387	25342629	14639634	3058265	1331260	8681116	915589	37082010	17730870
2021-06-06	55105086	292206	59471	232735	40187983	4430521	9623954	38004109	17963605	0.457	0.216	7644926	5826686	1124640	1761928	4910112	4346229	944820	1001588	2734814	1480457	179820	760340	38020219	17084867	862628	25386582	14801401	3070239	1360282	8684660	939294	37141481	17963605
2021-06-07	55719350	614264	193149	421115	40590146	4515587	9696507	38251740	18384720	0.460	0.221	7644926	5826686	1124640	1761928	4910112	4346229	944820	1001588	2734814	1480457	179820	760340	38395199	17323248	917110	25521003	15069143	3097808	1417779	8715819	980688	37334630	18384720
2021-06-08	56773152	1053802	341817	711985	41437257	4590963	9759474	38661905	19096705	0.465	0.230	7644926	5826686	1124640	1761928	4910112	4346229	944820	1001588	2734814	1480457	179820	760340	38801180	17968865	985458	25804281	15632976	3124044	1466919	8748122	1011352	37676447	19096705
2021-06-09	58197179	1424027	449328	974699	42614225	4678202	9823516	39207011	20071404	0.471	0.241	7644926	5826686	1124640	1761928	4910112	4346229	944820	1001588	2734814	1480457	179820	760340	39234478	18956810	1081236	26192784	16421441	3152455	1525747	8780536	1042980	38125775	20071404
2021-06-10	59389156	1191977	405341	786636	43572138	4768009	9879328	39700797	20858040	0.477	0.251	7644926	5826686	1124640	1761928	4910112	4346229	944820	1001588	2734814	1480457	179820	760340	39674914	19705530	1169681	26539176	17032962	3184488	1583521	8807452	1071876	38531116	20858040
2021-06-11	60452176	1063020	364752	698268	44380189	4857050	9948481	40162324	21556308	0.483	0.259	7644926	5826686	1124640	1761928	4910112	4346229	944820	1001588	2734814	1480457	179820	760340	40122158	20318630	1266456	26846092	17534097	3212705	1644345	8837071	1111410	38895868	21556308
2021-06-12	60887757	435581	124041	311540	44665180	4928966	9991917	40321603	21867848	0.485	0.263	7644926	5826686	1124640	1761928	4910112	4346229	944820	1001588	2734814	1480457	179820	760340	40454642	20420893	1301694	26938267	17726913	3231428	1697538	8850214	1141703	39019909	21867848
2021-06-13	61170721	282964	64749	218215	44845041	4992468	10017730	40400140	22086063	0.486	0.266	7644926	5826686	1124640	1761928	4910112	4346229	944820	1001588	2734814	1480457	179820	760340	40701946	20456247	1315482	26982441	17862600	3247363	1745105	8854854	1162876	39084658	22086063
2021-06-14	61826109	655388	214371	441017	45276414	5093813	10085163	40669748	22527080	0.489	0.271	7644926	5826686	1124640	1761928	4910112	4346229	944820	1001588	2734814	1480457	179820	760340	41114823	20696780	1370719	27155541	18120873	3270998	1822815	8872490	1212673	39299029	22527080
2021-06-15	62873006	1046897	347035	699862	46074960	5198465	10169778	41075867	23226942	0.494	0.279	7644926	5826686	1124640	1761928	4910112	4346229	944820	1001588	2734814	1480457	179820	760340	41571541	21283470	1429803	27454365	18620595	3299541	1898924	8892158	1277620	39646064	23226942
2021-06-16	64255080	1382074	466147	915927	47177528	5304998	10266464	41618301	24142869	0.500	0.290	7644926	5826686	1124640	1761928	4910112	4346229	944820	1001588	2734814	1480457	179820	760340	42051042	22182018	1506090	27862552	19314976	3331944	1973054	8917715	1348749	40112211	24142869
2021-06-17	65402655	1147575	399399	748176	48061035	5408586	10358673	42085971	24891045	0.506	0.299	7644926	5826686	1124640	1761928	4910112	4346229	944820	1001588	2734814	1480457	179820	760340	42525047	22852215	1574361	28209915	19851120	3361677	2046909	8940018	1418655	40511610	24891045
2021-06-18	66395143	992488	345425	647063	48793898	5503031	10455009	42500240	25538108	0.511	0.307	7644926	5826686	1124640	1761928	4910112	4346229	944820	1001588	2734814	1480457	179820	760340	42984548	23382503	1643205	28501979	20291919	3392956	2110075	8962100	1492909	40857035	25538108
2021-06-19	66822151	427008	119628	307380	49066738	5585107	10505959	42641010	25845488	0.513	0.311	7644926	5826686	1124640	1761928	4910112	4346229	944820	1001588	2734814	1480457	179820	760340	43325815	23466988	1664347	28594079	20472659	3413938	2171169	8968646	1537313	40976663	25845488
2021-06-20	67117208	295057	67866	227191	49245541	5656701	10537806	42721689	26072679	0.514	0.313	7644926	5826686	1124640	1761928	4910112	4346229	944820	1001588	2734814	1480457	179820	760340	43590967	23496614	1677160	28643297	20602244	3429968	2226733	8971264	1566542	41044529	26072679
2021-06-21	67748022	630814	209517	421297	49656851	5754379	10623283	42967555	26493976	0.517	0.319	7644926	5826686	1124640	1761928	4910112	4346229	944820	1001588	2734814	1480457	179820	760340	43990231	23726147	1713509	28813731	20843120	3455060	2299319	8985255	1638028	41254046	26493976
2021-06-22	68824148	1076126	375007	701119	50500236	5850415	10725839	43376711	27195095	0.522	0.327	7644926	5826686	1124640	1761928	4910112	4346229	944820	1001588	2734814	1480457	179820	760340	44433653	24354112	1747658	29141776	21358460	3485788	2364627	9001489	1724350	41629053	27195095
2021-06-23	70158414	1334266	488011	846255	51588320	5946446	10841459	43899253	28041350	0.528	0.337	7644926	5826686	1124640	1761928	4910112	4346229	944820	1001588	2734814	1480457	179820	760340	44878982	25237778	1782189	29579026	22009294	3515886	2430560	9022152	1819307	42117064	28041350
2021-06-24	71193132	1034718	488667	546051	52384679	6033788	10952178	44428218	28587401	0.534	0.344	7644926	5826686	1124640	1761928	4910112	4346229	944820	1001588	2734814	1480457	179820	760340	45316251	25830883	1822487	30011042	22373637	3551289	2482499	9043400	1908778	42605731	28587401
2021-06-25	72113217	920085	380070	540015	53078112	6110379	11062089	44848438	29127416	0.539	0.350	7644926	5826686	1124640	1761928	4910112	4346229	944820	1001588	2734814	1480457	179820	760340	45749591	26314646	1862637	30344401	22733711	3578126	2532253	9063274	1998815	42985801	29127416
2021-06-26	72522833	409616	136610	273006	53332847	6179449	11134639	44998309	29400422	0.541	0.354	7644926	5826686	1124640	1761928	4910112	4346229	944820	1001588	2734814	1480457	179820	760340	46094856	26378225	1875898	30449094	22883753	3603742	2575707	9069575	2065064	43122411	29400422
2021-06-27	72814705	291872	89976	201896	53505731	6237562	11191393	45092406	29602318	0.542	0.356	7644926	5826686	1124640	1761928	4910112	4346229	944820	1001588	2734814	1480457	179820	760340	46360655	26403445	1880019	30516351	22989380	3623058	2614504	9072978	2118415	43212387	29602318
2021-06-28	73443607	628902	243943	384959	53906438	6327604	11305159	45360736	29987277	0.545	0.361	7644926	5826686	1124640	1761928	4910112	4346229	944820	1001588	2734814	1480457	179820	760340	46773063	26617843	1904406	30714116	23192322	3655484	2672120	9086730	2218429	43456330	29987277
2021-06-29	74375974	932367	388921	543446	54590673	6420565	11437892	45772095	30530723	0.550	0.367	7644926	5826686	1124640	1761928	4910112	4346229	944820	1001588	2734814	1480457	179820	760340	47204788	27113831	1926844	31058242	23532431	3688524	2732041	9098485	2339407	43845251	30530723
2021-06-30	75398370	1022396	451370	571026	55359594	6514713	11574509	46246175	31101749	0.556	0.374	7644926	5826686	1124640	1761928	4910112	4346229	944820	1001588	2734814	1480457	179820	760340	47637824	27697962	1949554	31460266	23899328	3723364	2791349	9112991	2461518	44296621	31101749
2021-07-01	76380665	982295	452809	529486	56102920	6598241	11707317	46721617	31631235	0.562	0.380	7644926	5826686	1124640	1761928	4910112	4346229	944820	1001588	2734814	1480457	179820	760340	48045550	28268207	1972187	31868938	24233982	3753968	2844273	9126524	2580793	44749430	31631235
2021-07-02	77227460	846795	380216	466579	56753322	6693232	11786544	47124008	32097814	0.567	0.386	7644926	5826686	1124640	1761928	4910112	4346229	944820	1001588	2734814	1480457	179820	760340	48447208	28709971	1994362	32208117	24545205	3785783	2907449	9135746	2650798	45129646	32097814
2021-07-03	77604952	377492	149370	228122	57009126	6772565	11813689	47288588	32325936	0.569	0.389	7644926	5826686	1124640	1761928	4910112	4346229	944820	1001588	2734814	1480457	179820	760340	48757703	28776252	2009572	32330027	24679099	3810437	2962128	9138552	2675137	45279016	32325936
2021-07-04	77878280	273328	93147	180181	57190849	6840722	11828220	47390652	32506117	0.570	0.391	7644926	5826686	1124640	1761928	4910112	4346229	944820	1001588	2734814	1480457	179820	760340	49003512	28803194	2018489	32403240	24787609	3828914	3011808	9140009	2688211	45372163	32506117
2021-07-05	78414837	536557	196881	339676	57578465	6935258	11867773	47602385	32845793	0.572	0.395	7644926	5826686	1124640	1761928	4910112	4346229	944820	1001588	2734814	1480457	179820	760340	49348014	28993153	2033341	32569494	25008971	3855182	3080076	9144368	2723405	45569044	32845793
2021-07-06	79193159	778322	270775	507547	58196453	7034571	11913090	47888864	33353340	0.576	0.401	7644926	5826686	1124640	1761928	4910112	4346229	944820	1001588	2734814	1480457	179820	760340	49692664	29423099	2049045	32810269	25386184	3880555	3154016	9148995	2764095	45839819	33353340
2021-07-07	80189303	996144	324312	671832	59026267	7130546	11964401	48232220	34025172	0.580	0.409	7644926	5826686	1124640	1761928	4910112	4346229	944820	1001588	2734814	1480457	179820	760340	50050579	30056482	2068089	33104459	25921808	3905266	3225280	9154406	2809995	46164131	34025172
2021-07-08	81037322	848019	263496	584523	59710728	7232069	12007034	48515118	34609695	0.583	0.416	7644926	5826686	1124640	1761928	4910112	4346229	944820	1001588	2734814	1480457	179820	760340	50399396	30551427	2087491	33341121	26369607	3927813	3304256	9158693	2848341	46427627	34609695
2021-07-09	81795134	757812	219779	538033	60305797	7330958	12050237	48755548	35147728	0.586	0.423	7644926	5826686	1124640	1761928	4910112	4346229	944820	1001588	2734814	1480457	179820	760340	50748168	30956968	2108142	33538547	26767250	3945724	3385234	9163135	2887102	46647406	35147728
2021-07-10	82138589	343455	95839	247616	60534156	7415157	12071354	48861167	35395344	0.588	0.426	7644926	5826686	1124640	1761928	4910112	4346229	944820	1001588	2734814	1480457	179820	760340	51022714	31025280	2117922	33614781	26919375	3963886	3451271	9164578	2906776	46743245	35395344
2021-07-11	82366505	227916	61116	166800	60679938	7478709	12081643	48930576	35562144	0.588	0.428	7644926	5826686	1124640	1761928	4910112	4346229	944820	1001588	2734814	1480457	179820	760340	51231336	31044204	2126215	33660620	27019318	3978693	3500016	9165048	2916595	46804361	35562144
2021-07-12	82834516	468011	151251	316760	61030323	7558199	12105676	49095930	35878904	0.590	0.431	7644926	5826686	1124640	1761928	4910112	4346229	944820	1001588	2734814	1480457	179820	760340	51500894	31240232	2140318	33781019	27249304	4007674	3550525	9166919	2938757	46955612	35878904
2021-07-13	83595817	761301	180230	581071	61659201	7636086	12140289	49296083	36459975	0.593	0.438	7644926	5826686	1124640	1761928	4910112	4346229	944820	1001588	2734814	1480457	179820	760340	51758936	31739362	2160241	33932955	27726246	4033705	3602381	9169182	2971107	47135842	36459975
2021-07-14	84570724	974907	203324	771583	62491950	7708177	12187432	49522331	37231558	0.595	0.448	7644926	5826686	1124640	1761928	4910112	4346229	944820	1001588	2734814	1480457	179820	760340	52039302	32429200	2183165	34111338	28380612	4054976	3653201	9172852	3014580	47339166	37231558
2021-07-15	85337408	766684	171043	595641	63126343	7779328	12225996	49715950	37827199	0.598	0.455	7644926	5826686	1124640	1761928	4910112	4346229	944820	1001588	2734814	1480457	179820	760340	52299875	32931568	2205741	34260264	28866079	4074218	3705110	9175727	3050269	47510209	37827199
2021-07-16	85997263	659855	151733	508122	63667551	7843805	12257958	49889891	38335321	0.600	0.461	7644926	5826686	1124640	1761928	4910112	4346229	944820	1001588	2734814	1480457	179820	760340	52559172	33328254	2227949	34392796	29274755	4091496	3752309	9177650	3080308	47661942	38335321
2021-07-17	86268921	271658	71079	200579	63841756	7907029	12273611	49979546	38535900	0.601	0.463	7644926	5826686	1124640	1761928	4910112	4346229	944820	1001588	2734814	1480457	179820	760340	52772453	33384580	2246525	34447245	29394511	4107240	3799789	9178536	3095075	47733021	38535900
2021-07-18	86468874	199953	59729	140224	63977440	7948595	12285067	50050522	38676124	0.602	0.465	7644926	5826686	1124640	1761928	4910112	4346229	944820	1001588	2734814	1480457	179820	760340	52943782	33412623	2257772	34497398	29480042	4116539	3832056	9178813	3106254	47792750	38676124
2021-07-19	86849672	380798	91728	289070	64273686	7999124	12304850	50156490	38965194	0.603	0.469	7644926	5826686	1124640	1761928	4910112	4346229	944820	1001588	2734814	1480457	179820	760340	53142539	33592649	2272012	34574845	29698841	4129488	3869636	9180145	3124705	47884478	38965194
2021-07-20	87455308	605636	126521	479115	64794671	8047530	12326780	50297326	39444309	0.605	0.474	7644926	5826686	1124640	1761928	4910112	4346229	944820	1001588	2734814	1480457	179820	760340	53366063	33970767	2286327	34683164	30111507	4145162	3902368	9182673	3144107	48010999	39444309
2021-07-21	88209257	753949	155175	598774	65465895	8093588	12349566	50466382	40043083	0.607	0.481	7644926	5826686	1124640	1761928	4910112	4346229	944820	1001588	2734814	1480457	179820	760340	53608618	34477235	2300208	34823781	30642114	4158124	3935464	9184269	3165297	48166174	40043083
2021-07-22	88829480	620223	121515	498708	66010256	8137027	12368411	50601475	40541791	0.608	0.487	7644926	5826686	1124640	1761928	4910112	4346229	944820	1001588	2734814	1480457	179820	760340	53843725	34857754	2313786	34933801	31076455	4168226	3968801	9185662	3182749	48287689	40541791
2021-07-23	89397839	568359	113603	454756	66499589	8179319	12386963	50733260	40996547	0.610	0.493	7644926	5826686	1124640	1761928	4910112	4346229	944820	1001588	2734814	1480457	179820	760340	54081232	35185498	2331968	35036103	31463486	4178188	4001131	9187001	3199962	48401292	40996547
2021-07-24	89608346	210507	52615	157892	66653046	8216785	12394705	50797717	41154439	0.611	0.495	7644926	5826686	1124640	1761928	4910112	4346229	944820	1001588	2734814	1480457	179820	760340	54235780	35239989	2343810	35080682	31572364	4185460	4031325	9187765	3206940	48453907	41154439
2021-07-25	89732617	124271	32001	92270	66736847	8248229	12397981	50835468	41246709	0.611	0.496	7644926	5826686	1124640	1761928	4910112	4346229	944820	1001588	2734814	1480457	179820	760340	54340207	35258381	2349560	35106306	31630541	4191720	4056509	9187882	3210099	48485908	41246709
2021-07-26	90069349	336732	71576	265156	67010386	8288015	12410313	50918119	41511865	0.612	0.499	7644926	5826686	1124640	1761928	4910112	4346229	944820	1001588	2734814	1480457	179820	760340	54526695	35406924	2360635	35167163	31843223	4201283	4086732	9189038	3221275	48557484	41511865
2021-07-27	90618044	548695	97959	450736	67484187	8330158	12430195	51028947	41962601	0.614	0.505	7644926	5826686	1124640	1761928	4910112	4346229	944820	1001588	2734814	1480457	179820	760340	54738747	35739285	2373504	35255138	32229049	4209954	4120204	9190351	3239844	48655443	41962601
2021-07-28	91303126	685082	121657	563425	68085335	8377029	12453532	51164330	42526026	0.615	0.511	7644926	5826686	1124640	1761928	4910112	4346229	944820	1001588	2734814	1480457	179820	760340	54973673	36185608	2387230	35366112	32719223	4219403	4157626	9191585	3261947	48777100	42526026
2021-07-29	91877819	574693	104999	469694	68582089	8420487	12473317	51284025	42995720	0.617	0.517	7644926	5826686	1124640	1761928	4910112	4346229	944820	1001588	2734814	1480457	179820	760340	55188435	36541536	2401926	35460696	33121393	4228602	4191885	9192801	3280516	48882099	42995720
2021-07-30	92372532	494713	94048	400665	68998296	8465736	12490480	51394167	43396385	0.618	0.522	7644926	5826686	1124640	1761928	4910112	4346229	944820	1001588	2734814	1480457	179820	760340	55403582	36818387	2418020	35544677	33453619	4237600	4228136	9193870	3296610	48976147	43396385
2021-07-31	92567045	194513	47077	147436	69138454	8501589	12496498	51453728	43543821	0.619	0.524	7644926	5826686	1124640	1761928	4910112	4346229	944820	1001588	2734814	1480457	179820	760340	55559601	36856357	2430504	35585360	33553094	4243839	4257750	9194025	3302473	49023224	43543821
2021-08-01	92683642	116597	30390	86207	69221796	8526655	12498814	51489991	43630028	0.619	0.525	7644926	5826686	1124640	1761928	4910112	4346229	944820	1001588	2734814	1480457	179820	760340	55659456	36872662	2436377	35611492	33610304	4248015	4278640	9194107	3304707	49053614	43630028
2021-08-02	92974982	291340	58376	232964	69459378	8560037	12507939	51559618	43862992	0.620	0.527	7644926	5826686	1124640	1761928	4910112	4346229	944820	1001588	2734814	1480457	179820	760340	55828748	36992897	2447628	35664165	33795213	4253146	4306891	9194679	3313260	49111990	43862992
2021-08-03	93433481	458499	76525	381974	69854446	8598356	12519874	51649320	44244966	0.621	0.532	7644926	5826686	1124640	1761928	4910112	4346229	944820	1001588	2734814	1480457	179820	760340	56017456	37259593	2460805	35735076	34119370	4258034	4340322	9195405	3324469	49188515	44244966
2021-08-04	94000891	567410	96355	471055	70361544	8634628	12531132	51758457	44716021	0.622	0.538	7644926	5826686	1124640	1761928	4910112	4346229	944820	1001588	2734814	1480457	179820	760340	56226209	37614993	2473587	35825288	34536256	4263678	4370950	9195904	3335228	49284870	44716021
2021-08-05	94514526	513635	85258	428377	70813243	8674277	12539073	51858061	45144398	0.624	0.543	7644926	5826686	1124640	1761928	4910112	4346229	944820	1001588	2734814	1480457	179820	760340	56441032	37910549	2487933	35904727	34908516	4268890	4405387	9196511	3342562	49370128	45144398
2021-08-06	94952054	437528	80754	356774	71192527	8710087	12546374	51953948	45501172	0.625	0.547	7644926	5826686	1124640	1761928	4910112	4346229	944820	1001588	2734814	1480457	179820	760340	56659304	38127512	2503066	35979331	35213196	4274610	4435477	9196941	3349433	49450882	45501172
2021-08-07	95135786	183732	40738	142994	71330013	8741916	12547917	52007560	45644166	0.625	0.549	7644926	5826686	1124640	1761928	4910112	4346229	944820	1001588	2734814	1480457	179820	760340	56818036	38151629	2515940	36015293	35314720	4279306	4462610	9197021	3350896	49491620	45644166
2021-08-08	95251588	115802	23352	92450	71419153	8763668	12548837	52034902	45736616	0.626	0.550	7644926	5826686	1124640	1761928	4910112	4346229	944820	1001588	2734814	1480457	179820	760340	56922188	38163142	2519930	36035846	35383307	4282063	4481605	9197063	3351774	49514972	45736616
2021-08-09	95543535	291947	51050	240897	71655382	8805101	12554164	52094910	45977513	0.626	0.553	7644926	5826686	1124640	1761928	4910112	4346229	944820	1001588	2734814	1480457	179820	760340	57111019	38264866	2528888	36082106	35573276	4286546	4518555	9197370	3356794	49566022	45977513
2021-08-10	95969395	425860	73963	351897	72019513	8847723	12562028	52180116	46329410	0.627	0.557	7644926	5826686	1124640	1761928	4910112	4346229	944820	1001588	2734814	1480457	179820	760340	57302707	38496745	2540131	36150514	35868999	4291535	4556188	9197936	3364092	49639985	46329410
2021-08-11	96506842	537447	103528	433919	72484612	8894705	12571718	52299320	46763329	0.629	0.562	7644926	5826686	1124640	1761928	4910112	4346229	944820	1001588	2734814	1480457	179820	760340	57526414	38807109	2555807	36245636	36238976	4299270	4595435	9198607	3373111	49743513	46763329
2021-08-12	96973704	466862	98923	367939	72887663	8932962	12578697	52416818	47131268	0.630	0.567	7644926	5826686	1124640	1761928	4910112	4346229	944820	1001588	2734814	1480457	179820	760340	57738921	39058964	2574382	36337342	36550321	4305978	4626984	9199116	3379581	49842436	47131268
2021-08-13	97392635	418931	94148	324783	73239698	8974028	12585218	52530275	47456051	0.632	0.571	7644926	5826686	1124640	1761928	4910112	4346229	944820	1001588	2734814	1480457	179820	760340	57963874	39251353	2593691	36423846	36815852	4313136	4660892	9199602	3385616	49936584	47456051
2021-08-14	97585278	192643	50330	142313	73384113	9005739	12586589	52595751	47598364	0.632	0.572	7644926	5826686	1124640	1761928	4910112	4346229	944820	1001588	2734814	1480457	179820	760340	58137486	39269532	2608837	36469240	36914873	4318001	4687738	9199673	3386916	49986914	47598364
2021-08-15	97702836	117558	30432	87126	73472493	9026826	12587274	52633589	47685490	0.633	0.573	7644926	5826686	1124640	1761928	4910112	4346229	944820	1001588	2734814	1480457	179820	760340	58246857	39277544	2616243	36496340	36976153	4321309	4705517	9199697	3387577	50017346	47685490
2021-08-16	97964824	261988	67959	194029	73685138	9059831	12590108	52715052	47879519	0.634	0.576	7644926	5826686	1124640	1761928	4910112	4346229	944820	1001588	2734814	1480457	179820	760340	58423573	39361152	2629747	36557841	37127297	4327495	4732336	9199969	3390139	50085305	47879519
2021-08-17	98319788	354964	96489	258475	73990488	9088904	12595854	52826336	48137994	0.635	0.579	7644926	5826686	1124640	1761928	4910112	4346229	944820	1001588	2734814	1480457	179820	760340	58583050	39554693	2644542	36648859	37341629	4332370	4756534	9200565	3395289	50181794	48137994
2021-08-18	98732825	413037	114967	298070	74350910	9118476	12601891	52958309	48436064	0.637	0.582	7644926	5826686	1124640	1761928	4910112	4346229	944820	1001588	2734814	1480457	179820	760340	58750103	39798751	2661548	36757797	37593113	4338007	4780469	9200957	3400934	50296761	48436064
2021-08-19	99042466	309641	93532	216109	74617472	9142427	12606373	53066487	48652173	0.638	0.585	7644926	5826686	1124640	1761928	4910112	4346229	944820	1001588	2734814	1480457	179820	760340	58886248	39969692	2676194	36846360	37771112	4342416	4800011	9201517	3404856	50390293	48652173
