date	dosen_kumulativ	dosen_differenz_zum_vortag	dosen_erst_differenz_zum_vortag	dosen_zweit_differenz_zum_vortag	dosen_biontech_kumulativ	dosen_moderna_kumulativ	dosen_astrazeneca_kumulativ	personen_erst_kumulativ	personen_voll_kumulativ	impf_quote_erst	impf_quote_voll	indikation_alter_dosen	indikation_beruf_dosen	indikation_medizinisch_dosen	indikation_pflegeheim_dosen	indikation_alter_erst	indikation_beruf_erst	indikation_medizinisch_erst	indikation_pflegeheim_erst	indikation_alter_voll	indikation_beruf_voll	indikation_medizinisch_voll	indikation_pflegeheim_voll	dosen_dim_kumulativ	dosen_kbv_kumulativ	dosen_johnson_kumulativ	dosen_biontech_erst_kumulativ	dosen_biontech_zweit_kumulativ	dosen_moderna_erst_kumulativ	dosen_moderna_zweit_kumulativ	dosen_astrazeneca_erst_kumulativ	dosen_astrazeneca_zweit_kumulativ	dosen_erst_kumulativ	dosen_zweit_kumulativ
2020-12-27	23325	23325	23308	17	23323	2	0	23308	17	0.000	0.000	10705	8657	1305	12604	10664	8590	1305	12536	41	67	0	68	23325	0	0	23306	17	2	0	0	0	23308	17
2020-12-28	41123	17798	17759	39	41121	2	0	41067	56	0.000	0.000	18621	15788	1991	21344	18580	15721	1991	21276	41	67	0	68	41123	0	0	41065	56	2	0	0	0	41067	56
2020-12-29	90924	49801	49078	723	90922	2	0	90145	779	0.001	0.000	34989	40734	3107	40508	34724	40420	3107	40099	265	314	0	409	90924	0	0	90143	779	2	0	0	0	90145	779
2020-12-30	152689	61765	61638	127	152687	2	0	151783	906	0.002	0.000	55510	73365	4901	63206	55243	73050	4901	62794	267	315	0	412	152689	0	0	151781	906	2	0	0	0	151783	906
2020-12-31	202844	50155	50004	151	202842	2	0	201787	1057	0.002	0.000	72831	96719	6752	83965	72517	96367	6752	83476	314	352	0	489	202844	0	0	201785	1057	2	0	0	0	201787	1057
2021-01-01	228592	25748	25737	11	228582	7	3	227524	1068	0.003	0.000	81208	105449	7830	92301	80894	105097	7830	91812	314	352	0	489	228592	0	0	227515	1067	7	0	2	1	227524	1068
2021-01-02	276232	47640	47355	285	276222	7	3	274879	1353	0.003	0.000	102774	129731	10350	113258	102365	129304	10350	112629	409	427	0	629	276232	0	0	274870	1352	7	0	2	1	274879	1353
2021-01-03	298413	22181	22174	7	298403	7	3	297053	1360	0.004	0.000	113044	140227	11284	123279	112635	139800	11284	122650	409	427	0	629	298413	0	0	297044	1359	7	0	2	1	297053	1360
2021-01-04	344986	46573	46520	53	344975	8	3	343573	1413	0.004	0.000	129646	164913	13951	139091	129237	164486	13951	138462	409	427	0	629	344986	0	0	343563	1412	8	0	2	1	343573	1413
2021-01-05	396839	51853	51823	30	396827	9	3	395396	1443	0.005	0.000	147987	192565	16489	157656	147576	192117	16489	157025	411	448	0	631	396839	0	0	395385	1442	9	0	2	1	395396	1443
2021-01-06	459014	62175	62166	9	458994	15	5	457562	1452	0.006	0.000	169498	225530	19910	180812	169086	225082	19910	180181	412	448	0	631	459014	0	0	457543	1451	15	0	4	1	457562	1452
2021-01-07	513158	54144	54135	9	513134	18	6	511697	1461	0.006	0.000	189172	254868	22957	197233	188758	254418	22957	196600	414	450	0	633	513158	0	0	511674	1460	18	0	5	1	511697	1461
2021-01-08	574978	61820	61489	331	574904	67	7	573186	1792	0.007	0.000	211521	287315	26324	218219	211009	286711	26320	217449	512	604	4	770	574978	0	0	573113	1791	67	0	6	1	573186	1792
2021-01-09	634473	59495	59447	48	634399	67	7	632633	1840	0.008	0.000	237322	313238	29007	243325	236798	312599	29003	242545	524	639	4	780	634473	0	0	632560	1839	67	0	6	1	632633	1840
2021-01-10	669130	34657	34648	9	669054	69	7	667281	1849	0.008	0.000	252455	327794	30379	256315	251929	327151	30375	255535	526	643	4	780	669130	0	0	667206	1848	69	0	6	1	667281	1849
2021-01-11	736257	67127	67073	54	736178	72	7	734354	1903	0.009	0.000	277513	359176	33587	276774	276967	358513	33583	275968	546	663	4	806	736257	0	0	734276	1902	72	0	6	1	734354	1903
2021-01-12	817003	80746	80685	61	816908	87	8	815039	1964	0.010	0.000	305695	401338	36582	301731	305147	400670	36578	300888	548	668	4	843	817003	0	0	814945	1963	87	0	7	1	815039	1964
2021-01-13	928622	111619	111422	197	927356	1258	8	926461	2161	0.011	0.000	345167	458844	40485	337339	344574	458093	40466	336399	593	751	19	940	928622	0	0	925196	2160	1258	0	7	1	926461	2161
2021-01-14	1010660	82038	81854	184	1004253	6399	8	1008315	2345	0.012	0.000	374803	501101	42769	361463	374094	500254	42750	360452	709	847	19	1011	1010660	0	0	1001953	2300	6355	44	7	1	1008315	2345
2021-01-15	1100685	90025	89223	802	1089010	11662	13	1097538	3147	0.013	0.000	408725	545673	46728	389202	407810	544625	46700	387982	915	1048	28	1220	1100685	0	0	1085908	3102	11618	44	12	1	1097538	3147
2021-01-16	1157742	57057	56039	1018	1144386	13342	14	1153577	4165	0.014	0.000	432983	570627	48859	408798	431664	569232	48767	407047	1319	1395	92	1751	1157742	0	0	1140266	4120	13298	44	13	1	1153577	4165
2021-01-17	1206072	48330	30541	17789	1191454	14603	15	1184118	21954	0.014	0.000	453449	591002	50884	428544	444215	583354	50014	417145	9234	7648	870	11399	1206072	0	0	1169545	21909	14559	44	14	1	1184118	21954
2021-01-18	1288149	82077	66218	15859	1269378	18755	16	1250336	37813	0.015	0.000	482728	633883	53106	448900	467235	619730	51700	430238	15493	14153	1406	18662	1288149	0	0	1231612	37766	18709	46	15	1	1250336	37813
2021-01-19	1406602	118453	82446	36007	1384161	22417	24	1332782	73820	0.016	0.001	519765	695968	56714	479843	492669	666683	54375	447938	27096	29285	2339	31905	1406602	0	0	1310392	73769	22367	50	23	1	1332782	73820
2021-01-20	1538710	132108	77872	54236	1513526	25157	27	1410654	128056	0.017	0.002	568076	760039	60957	522078	522876	706310	57505	469463	45200	53729	3452	52615	1538710	0	0	1385521	128005	25107	50	26	1	1410654	128056
2021-01-21	1644826	106116	64193	41923	1616904	27895	27	1474847	169979	0.018	0.002	610150	808503	65406	556195	549621	735602	60889	487988	60529	72901	4517	68207	1644826	0	0	1446977	169927	27844	51	26	1	1474847	169979
2021-01-22	1747662	102836	68185	34651	1717549	30079	34	1543032	204630	0.019	0.002	654049	853889	69013	590642	579902	764987	63599	506975	74147	88902	5414	83667	1747662	0	0	1512974	204575	30025	54	33	1	1543032	204630
2021-01-23	1834277	86615	40706	45909	1803803	30437	37	1583738	250539	0.019	0.003	691767	890989	72414	617916	599855	780966	64783	516268	91912	110023	7631	101648	1834277	0	0	1553320	250483	30382	55	36	1	1583738	250539
2021-01-24	1882006	47729	25735	21994	1851333	30632	41	1609473	272533	0.019	0.003	715655	910067	73331	632982	614016	789814	65130	521524	101639	120253	8201	111458	1882006	0	0	1578856	272477	30577	55	40	1	1609473	272533
2021-01-25	1973190	91184	51979	39205	1941102	32044	44	1661452	311738	0.020	0.004	756375	951632	76827	658117	642321	811974	66847	534304	114054	139658	9980	123813	1973190	0	0	1629421	311681	31988	56	43	1	1661452	311738
2021-01-26	2070669	97479	50358	47121	2037138	33480	51	1711810	358859	0.021	0.004	796572	997196	80614	684405	667753	831436	68195	545278	128819	165760	12419	139127	2070669	0	0	1678340	358798	33420	60	50	1	1711810	358859
2021-01-27	2179320	108651	50718	57933	2143995	35266	59	1762528	416792	0.021	0.005	839834	1049509	85786	715259	691463	852265	70042	556304	148371	197244	15744	158955	2179320	0	0	1727275	416720	35195	71	58	1	1762528	416792
2021-01-28	2269828	90508	45087	45421	2232846	36920	62	1807615	462213	0.022	0.006	877990	1090332	89974	739697	713483	869115	71590	567469	164507	221217	18384	172228	2269828	0	0	1770723	462123	36831	89	61	1	1807615	462213
2021-01-29	2378459	108631	51311	57320	2340031	38361	67	1858926	519533	0.022	0.006	920894	1138243	95507	769100	735839	888487	73819	578309	185055	249756	21688	190791	2378459	0	0	1820588	519443	38272	89	66	1	1858926	519533
2021-01-30	2466810	88351	34496	53855	2427505	39235	70	1893422	573388	0.023	0.007	957412	1174692	99468	796433	752473	901967	75224	586328	204939	272725	24244	210105	2466810	0	0	1854209	573296	39145	90	68	2	1893422	573388
2021-01-31	2523978	57168	25806	31362	2484292	39612	74	1919228	604750	0.023	0.007	982865	1196922	101575	812430	766590	910861	76411	592657	216275	286061	25164	219773	2523978	0	0	1879643	604649	39514	98	71	3	1919228	604750
2021-02-01	2643515	119537	57841	61696	2601570	41820	125	1977069	666446	0.024	0.008	1026174	1260299	105285	839830	787193	944041	78273	602425	238981	316258	27012	237405	2643515	0	0	1935225	666345	41722	98	122	3	1977069	666446
2021-02-02	2774183	130668	64403	66265	2729205	44840	138	2041472	732711	0.025	0.009	1069633	1330364	110479	870030	806216	982089	80866	611659	263417	348275	29613	258371	2774183	0	0	1996596	732609	44741	99	135	3	2041472	732711
2021-02-03	2933319	159136	63333	95803	2882018	51137	163	2104806	828514	0.025	0.010	1128983	1407775	116405	912544	829819	1014401	83062	623312	299164	393374	33343	289232	2933319	0	1	2053609	828409	51036	101	160	3	2104805	828514
2021-02-04	3063735	130416	59997	70419	3006739	56828	167	2164803	898933	0.026	0.011	1177986	1472437	120972	943857	851937	1046473	85311	632945	326049	425964	35661	310912	3063735	0	1	2107913	898826	56725	103	164	3	2164802	898933
2021-02-05	3208079	144344	67820	76524	3144796	63107	175	2232623	975457	0.027	0.012	1232524	1542580	126293	977786	877231	1080338	86905	644262	355293	462242	39388	333524	3208079	0	1	2169447	975349	63004	103	171	4	2232622	975457
2021-02-06	3308519	100440	47032	53408	3242706	65636	176	2279655	1028865	0.027	0.012	1272514	1588658	130853	1003590	896490	1101898	88782	653957	376024	486760	42071	349633	3308519	0	1	2213949	1028757	65533	103	172	4	2279654	1028865
2021-02-07	3361936	53417	28145	25272	3293727	68030	178	2307800	1054137	0.028	0.013	1298155	1609930	133571	1016823	910800	1112720	90015	659435	387355	497210	43556	357388	3361936	0	1	2239699	1054028	67926	104	174	4	2307799	1054137
2021-02-08	3471235	109299	53218	56081	3398916	72114	204	2361018	1110218	0.028	0.013	1350672	1655734	137545	1035599	942269	1129343	91902	666781	408403	526391	45643	368818	3471235	0	1	2288808	1110108	72009	105	200	4	2361017	1110218
2021-02-09	3604893	133658	60225	73433	3528827	75748	317	2421243	1183651	0.029	0.014	1411842	1714380	141993	1058512	978151	1147503	94639	674792	433691	566877	47354	383720	3604893	0	1	2345477	1183350	75452	296	313	4	2421242	1183651
2021-02-10	3758515	153622	77054	76568	3670253	79843	8418	2498297	1260219	0.030	0.015	1478760	1781046	146001	1087933	1017461	1175177	96286	685176	461299	605869	49715	402757	3758515	0	1	2411327	1258926	78566	1277	8403	15	2498296	1260219
2021-02-11	3899782	141267	73837	67430	3789098	87157	23524	2572136	1327649	0.031	0.016	1539776	1848576	151475	1113070	1052428	1208053	98713	694775	487348	640523	52762	418295	3899782	0	3	2465782	1323316	82852	4305	23499	25	2572133	1327649
2021-02-12	4054988	155206	78474	76732	3921655	96525	36802	2650613	1404381	0.032	0.017	1611268	1919253	157751	1138545	1094198	1240389	101429	704318	517070	678864	56322	434227	4054988	0	6	2526730	1394925	87422	9103	36455	347	2650607	1404381
2021-02-13	4162173	107185	61643	45542	4012441	99735	49990	2712257	1449923	0.033	0.017	1667599	1960972	162355	1156080	1129093	1262877	103231	711418	538506	698095	59124	444662	4162173	0	7	2573525	1438916	89089	10646	49636	354	2712250	1449923
2021-02-14	4227587	65414	39728	25686	4068102	102208	57269	2751986	1475609	0.033	0.018	1706122	1983696	163973	1164146	1153761	1276081	104081	714928	552361	707615	59892	449218	4227587	0	8	2604727	1463375	90357	11851	56894	375	2751978	1475609
2021-02-15	4352100	124513	68885	55628	4172665	107362	72064	2820872	1531237	0.034	0.018	1773591	2031897	168008	1183418	1194859	1300739	106358	721524	578732	731158	61650	461894	4352100	0	9	2656636	1516029	92555	14807	71672	392	2820863	1531237
2021-02-16	4489932	137832	82012	55820	4280678	113384	95860	2902885	1587057	0.035	0.019	1839625	2089928	170683	1200400	1236633	1336138	107879	728440	602992	753790	62804	471960	4489932	0	10	2712187	1568491	95230	18154	95458	402	2902875	1587057
2021-02-17	4640016	150084	93642	56442	4402702	121354	115949	2996528	1643499	0.036	0.020	1920033	2147919	175770	1221928	1292995	1368705	110873	736858	627038	779214	64897	485070	4640016	0	11	2780961	1621741	100018	21336	115538	411	2996517	1643499
2021-02-18	4781730	141714	90232	51482	4513140	129488	139090	3086761	1694981	0.037	0.020	1995907	2206102	179208	1240945	1345328	1403985	112659	744258	650579	802117	66549	496687	4781730	0	12	2843464	1669676	104608	24880	138677	413	3086749	1694981
2021-02-19	4936235	154505	100243	54262	4632313	139296	164613	3187005	1749243	0.038	0.021	2076668	2266444	184080	1258305	1402958	1440066	115287	750941	673710	826378	68793	507364	4936235	0	13	2911485	1720828	111408	27888	164099	514	3186992	1749243
2021-02-20	5048114	111879	75945	35934	4718173	143802	186125	3262951	1785177	0.039	0.021	2138268	2310157	187738	1272296	1445964	1469322	117533	755178	692304	840835	70205	517118	5048114	0	14	2961949	1756224	115386	28416	185602	523	3262937	1785177
2021-02-21	5133951	85837	57268	28569	4784559	147449	201928	3320220	1813746	0.040	0.022	2187054	2340674	190304	1282667	1479917	1489494	118664	757407	707137	851180	71640	525260	5133951	0	15	2999930	1784629	118873	28576	201402	526	3320205	1813746
2021-02-22	5292414	158463	98749	59714	4908932	156310	227156	3418970	1873460	0.041	0.023	2266701	2410287	195201	1300517	1538362	1525084	121627	763642	728339	885203	73574	536875	5292414	0	16	3066367	1842565	125966	30344	226621	535	3418954	1873460
2021-02-23	5458858	166444	106856	59588	5040888	163334	254619	3525827	1933048	0.042	0.023	2346910	2483166	200501	1318387	1598211	1563793	124757	771284	748699	919373	75744	547103	5458858	0	17	3140400	1900488	131335	31999	254075	544	3525810	1933048
2021-02-24	5632468	173610	114932	58678	5171307	170921	290222	3640760	1991726	0.044	0.024	2431789	2557990	207079	1337422	1660503	1608669	128907	778912	771286	949321	78172	558510	5632468	0	18	3213842	1957465	137236	33685	289664	558	3640742	1991726
2021-02-25	5820785	188317	130368	57949	5301093	177627	342047	3771128	2049675	0.045	0.025	2514175	2648479	213515	1355541	1722988	1667176	133470	787131	791187	981303	80045	568410	5820785	0	18	3287169	2013924	142462	35165	341479	568	3771110	2049675
2021-02-26	6029491	208706	143210	65496	5440263	186369	402841	3914338	2115171	0.047	0.025	2602819	2749814	220591	1375230	1787946	1735795	138593	794627	814873	1014019	81998	580603	6029491	0	18	3362511	2077752	149613	36756	402196	645	3914320	2115171
2021-02-27	6176807	147316	107364	39952	5532485	190445	453859	4021702	2155123	0.048	0.026	2666475	2822116	227301	1388101	1833818	1790224	143432	799030	832657	1031892	83869	589071	6176807	0	18	3415522	2116963	152957	37488	453205	654	4021684	2155123
2021-02-28	6283904	107097	82974	24123	5593706	194390	495790	4104676	2179246	0.049	0.026	2714700	2875405	231582	1394762	1868893	1834535	146785	801170	845807	1040870	84797	593592	6283904	0	18	3452981	2140725	156550	37840	495127	663	4104658	2179246
2021-03-01	6479675	195771	146262	49509	5722670	203944	553043	4250938	2228755	0.051	0.027	2817221	2953369	239381	1408021	1943445	1896228	153263	806209	873776	1057141	86118	601812	6479675	0	18	3534469	2188201	164081	39863	552370	673	4250920	2228755
2021-03-02	6692632	212957	161331	51626	5858217	213885	620512	4412269	2280381	0.053	0.027	2927307	3047588	248982	1422628	2022735	1971725	160632	812692	904572	1075863	88350	609936	6692632	0	18	3621269	2236948	171157	42728	619825	687	4412251	2280381
2021-03-03	6935717	243085	173439	69646	6014527	228255	692917	4585708	2350027	0.055	0.028	3047976	3148969	260606	1439862	2105531	2048823	170041	819606	942445	1100146	90565	620256	6935717	0	18	3713412	2301115	180116	48139	692162	755	4585690	2350027
2021-03-04	7178223	242506	180185	62321	6155223	242608	780374	4765893	2412348	0.057	0.029	3159240	3258741	272992	1455625	2181653	2136963	180034	825002	977587	1121778	92958	630623	7178223	0	18	3797142	2358081	189153	53455	779580	794	4765875	2412348
2021-03-05	7448842	270619	202837	67782	6302725	255771	890327	4968731	2480130	0.060	0.030	3277185	3383782	287941	1471072	2258903	2242620	191990	830697	1018282	1141162	95951	640375	7448842	0	19	3882778	2419947	196445	59326	889489	838	4968712	2480130
2021-03-06	7650504	201662	153076	48586	6412305	264243	973937	5121807	2528716	0.062	0.030	3366696	3478463	298371	1480590	2314602	2325555	200824	833966	1052094	1152908	97547	646624	7650504	0	19	3945984	2466321	202722	61521	973082	855	5121788	2528716
2021-03-07	7800989	150485	116486	33999	6494243	271013	1035714	5238293	2562715	0.063	0.031	3437978	3544531	306478	1486155	2360956	2383880	208082	835928	1077022	1160651	98396	650227	7800989	0	19	3996280	2497963	207152	63861	1034842	872	5238274	2562715
2021-03-08	8038074	237085	185558	51527	6628296	281956	1127803	5423851	2614242	0.065	0.031	3556806	3640371	322827	1498475	2442587	2468035	222757	841890	1114219	1172336	100070	656585	8038074	0	19	4082238	2546058	214701	67255	1126893	910	5423832	2614242
2021-03-09	8288329	250255	195767	54488	6768107	294603	1225600	5619618	2668730	0.068	0.032	3677710	3742787	340236	1512022	2524321	2558568	238262	848791	1153389	1184219	101974	663231	8288329	0	19	4170973	2597134	223993	70610	1224633	967	5619599	2668730
2021-03-10	8573243	284914	218844	66070	6926538	306210	1340476	5838462	2734800	0.070	0.033	3808598	3856306	360962	1530389	2606688	2661880	256906	860000	1201910	1194426	104056	670389	8572272	971	19	4266587	2659951	232397	73813	1339459	1017	5838443	2734800
2021-03-11	8855012	281769	221203	60566	7074415	319812	1460766	6059665	2795366	0.073	0.034	3937470	3976178	382106	1544008	2689957	2769533	276555	867677	1247513	1206645	105551	676331	8853386	1626	19	4358198	2716217	241748	78064	1459700	1066	6059646	2795366
2021-03-12	9179810	324798	254020	70778	7225728	336987	1617076	6313685	2866144	0.076	0.034	4071484	4127850	404783	1559463	2770420	2906954	297406	877132	1301064	1220896	107377	682331	9177974	1836	19	4443414	2782314	254430	82557	1615822	1254	6313666	2866144
2021-03-13	9427716	247906	198117	49789	7340843	346646	1740208	6511802	2915933	0.078	0.035	4181046	4240796	425293	1567511	2840453	3011727	316755	881879	1340593	1229069	108538	685632	9425724	1992	19	4510199	2830644	262728	83918	1738856	1352	6511783	2915933
2021-03-14	9598761	171045	135119	35926	7429825	351797	1817120	6646921	2951859	0.080	0.035	4266043	4307307	441408	1570975	2896461	3072888	331859	883676	1369582	1234419	109549	687299	9596759	2002	19	4564238	2865587	266908	84889	1815756	1364	6646902	2951859
2021-03-15	9845547	246786	187887	58899	7582100	364270	1899158	6834808	3010758	0.082	0.036	4400463	4391447	461474	1582289	2984151	3147219	350790	890548	1416312	1244228	110684	691741	9843262	2285	19	4659323	2922777	277752	86518	1897714	1444	6834789	3010758
2021-03-16	10023015	177468	110198	67270	7747472	375362	1900162	6945006	3078028	0.084	0.037	4527474	4426082	473886	1593025	3059300	3169255	361553	895647	1468174	1256827	112333	697378	10020183	2832	19	4759783	2987689	286488	88874	1898716	1446	6944987	3078028
2021-03-17	10227112	204097	124230	79867	7932891	393302	1900900	7069236	3157895	0.085	0.038	4672447	4463838	487350	1605072	3141952	3193652	373040	902175	1530495	1270186	114310	702897	10223663	3449	19	4870128	3062763	299640	93662	1899449	1451	7069217	3157895
2021-03-18	10419748	192636	117790	74846	8106348	411331	1902050	7187026	3232741	0.086	0.039	4812398	4498757	499905	1615322	3222615	3215628	383588	907340	1589783	1283129	116317	707982	10415876	3872	19	4973862	3132486	312549	98782	1900596	1454	7187007	3232741
2021-03-19	10663241	243493	160394	83099	8290632	431845	1940745	7347420	3315840	0.088	0.040	4961948	4563922	518114	1627194	3306761	3267408	399605	914537	1655187	1296514	118509	712657	10658838	4403	19	5081691	3208941	326475	105370	1939235	1510	7347401	3315840
2021-03-20	10883549	220308	167037	53271	8425928	447118	2010484	7514457	3369111	0.090	0.041	5078536	4641917	537715	1633319	3379545	3337212	417708	917920	1698991	1304705	120007	715399	10878822	4727	19	5167557	3258371	337935	109183	2008946	1538	7514438	3369111
2021-03-21	11049487	165938	127298	38640	8529021	456570	2063877	7641755	3407751	0.092	0.041	5171749	4694283	554274	1635819	3440184	3384099	433219	919244	1731565	1310184	121055	716575	11044760	4727	19	5235289	3293732	344131	112439	2062316	1561	7641736	3407751
2021-03-22	11317584	268097	192003	76094	8695274	480278	2142013	7833758	3483845	0.094	0.042	5329624	4766248	576579	1645397	3534739	3445389	453483	925279	1794885	1320859	123096	720118	11311329	6255	19	5332858	3362416	360480	119798	2140401	1612	7833739	3483845
2021-03-23	11616387	298803	215832	82971	8875546	500024	2240798	8049590	3566816	0.097	0.043	5490190	4854892	604288	1656865	3629814	3521119	478432	932910	1860376	1333773	125856	723955	11605144	11243	19	5435136	3440410	375302	124722	2239133	1665	8049571	3566816
2021-03-24	11950979	334592	246581	88011	9072861	533492	2344607	8296171	3654827	0.100	0.044	5664852	4952071	635971	1672375	3732242	3605792	507202	944863	1932610	1346279	128769	727512	11933944	17035	19	5549755	3523106	403511	129981	2342886	1721	8296152	3654827
2021-03-25	12289466	338487	258641	79846	9259734	561142	2468571	8554812	3734673	0.103	0.045	5830941	5060081	670798	1683452	3832663	3703768	539527	951994	1998278	1356313	131271	731458	12266486	22980	19	5662393	3597341	425628	135514	2466772	1799	8554793	3734673
2021-03-26	12667303	377837	289083	88754	9462857	598023	2606404	8843895	3823427	0.106	0.046	6003833	5184282	710463	1698535	3933360	3816071	576057	962322	2070473	1368211	134406	736213	12638009	29294	19	5783501	3679356	455847	142176	2604528	1876	8843876	3823427
2021-03-27	12955948	288645	226259	62386	9615571	625562	2714796	9070154	3885813	0.109	0.047	6147056	5279869	744190	1703356	4023632	3903670	607441	965464	2123424	1376199	136749	737892	12924304	31644	19	5876935	3738636	480337	145225	2712863	1933	9070135	3885813
2021-03-28	13154867	198919	146023	52896	9733927	644109	2776810	9216179	3938709	0.111	0.047	6253046	5333384	768116	1706823	4085867	3950861	629648	967502	2167179	1382523	138468	739321	13123032	31835	21	5945700	3788227	495629	148480	2774829	1981	9216158	3938709
2021-03-29	13466251	311384	222064	89320	9923664	669986	2872580	9438243	4028029	0.113	0.048	6418833	5404751	806706	1716518	4180272	4010842	665103	973637	2238561	1393909	141603	742881	13428468	37783	21	6053461	3870203	514215	155771	2870546	2034	9438222	4028029
2021-03-30	13797291	331040	237008	94032	10142595	696173	2958502	9675251	4122061	0.116	0.050	6591913	5474211	853024	1727240	4280843	4069380	706095	981320	2311070	1404831	146929	745920	13747372	49919	21	6185836	3956759	532989	163184	2956405	2097	9675230	4122061
2021-03-31	14136977	339686	236383	103303	10390837	734271	3011848	9911634	4225364	0.119	0.051	6774517	5538855	899988	1738789	4384637	4121392	747318	988525	2389880	1417463	152670	750264	14070743	66234	21	6339687	4051150	562210	172061	3009716	2132	9911613	4225364
2021-04-01	14465358	328381	235028	93353	10629232	767898	3068207	10146662	4318717	0.122	0.052	6936269	5606629	944397	1747554	4476928	4175958	787230	994147	2459341	1430671	157167	753407	14379045	86313	21	6493217	4136015	587392	180506	3066032	2175	10146641	4318717
2021-04-02	14692071	226713	157022	69691	10808575	784196	3099279	10303684	4388408	0.124	0.053	7067172	5654574	981393	1749910	4552089	4213818	820223	995356	2515083	1440756	161170	754554	14604234	87837	21	6608192	4200383	598391	185805	3097080	2199	10303663	4388408
2021-04-03	14924835	232764	166990	65774	10983744	800933	3140137	10470674	4454182	0.126	0.054	7198861	5698683	1018737	1753036	4633025	4248782	853330	997097	2565836	1449901	165407	755939	14835599	89236	21	6722911	4260833	609840	191093	3137902	2235	10470653	4454182
2021-04-04	15121324	196489	142916	53573	11119772	812001	3189530	10613590	4507755	0.128	0.054	7309766	5731715	1048001	1754173	4704262	4274251	879171	997551	2605504	1457464	168830	756622	15031952	89372	21	6809786	4309986	616528	195473	3187255	2275	10613569	4507755
2021-04-05	15369766	248442	175821	72621	11285893	830867	3252985	10789411	4580376	0.130	0.055	7456036	5770066	1081529	1756372	4794323	4302940	907924	998846	2661713	1467126	173605	757526	15279084	90682	21	6908597	4377296	630122	200745	3250671	2314	10789390	4580376
2021-04-06	15743148	373382	277121	96261	11540746	863034	3339347	11066532	4676637	0.133	0.056	7644926	5826686	1124640	1761928	4910112	4346229	944820	1001588	2734814	1480457	179820	760340	15615839	127309	21	7075911	4464835	653646	209388	3336954	2393	11066511	4676637
2021-04-07	16422361	679213	582358	96855	12083661	899776	3438903	11648890	4773492	0.140	0.057	7644926	5826686	1124640	1761928	4910112	4346229	944820	1001588	2734814	1480457	179820	760340	15989388	432973	21	7530556	4553105	681896	217880	3436417	2486	11648869	4773492
2021-04-08	17155418	733057	643504	89553	12658754	934644	3561999	12292394	4863045	0.148	0.058	7644926	5826686	1124640	1761928	4910112	4346229	944820	1001588	2734814	1480457	179820	760340	16397567	757851	21	8025086	4633668	707865	226779	3559422	2577	12292373	4863045
2021-04-09	17783362	627944	539338	88606	13149872	971221	3662248	12831732	4951651	0.154	0.060	7644926	5826686	1124640	1761928	4910112	4346229	944820	1001588	2734814	1480457	179820	760340	16786008	997354	21	8439049	4710823	733087	238134	3659575	2673	12831711	4951651
2021-04-10	18154363	371001	305928	65073	13398054	994540	3761748	13137660	5016724	0.158	0.060	7644926	5826686	1124640	1761928	4910112	4346229	944820	1001588	2734814	1480457	179820	760340	17123963	1030400	21	8629955	4768099	748677	245863	3759007	2741	13137639	5016724
2021-04-11	18416855	262492	212451	50041	13567185	1012876	3836773	13350111	5066765	0.161	0.061	7644926	5826686	1124640	1761928	4910112	4346229	944820	1001588	2734814	1480457	179820	760340	17381376	1035479	21	8752775	4814410	763332	249544	3833983	2790	13350090	5066765
2021-04-12	18834151	417296	340533	76763	13847332	1042081	3944716	13690645	5143528	0.165	0.062	7644926	5826686	1124640	1761928	4910112	4346229	944820	1001588	2734814	1480457	179820	760340	17750165	1083986	22	8964843	4882489	783924	258157	3941856	2860	13690623	5143528
2021-04-13	19406416	572265	498903	73362	14278007	1068900	4059487	14189548	5216890	0.171	0.063	7644926	5826686	1124640	1761928	4910112	4346229	944820	1001588	2734814	1480457	179820	760340	18126300	1280116	22	9327820	4950187	805279	263621	4056427	3060	14189526	5216890
2021-04-14	20180454	774038	690999	83039	14895403	1102445	4182584	14880547	5299929	0.179	0.064	7644926	5826686	1124640	1761928	4910112	4346229	944820	1001588	2734814	1480457	179820	760340	18526541	1653913	22	9871247	5024156	830323	272122	4178955	3629	14880525	5299929
2021-04-15	20859763	679309	608467	70842	15427953	1139007	4292780	15489015	5370771	0.186	0.065	7644926	5826686	1124640	1761928	4910112	4346229	944820	1001588	2734814	1480457	179820	760340	18910221	1949542	23	10342951	5085002	857840	281167	4288201	4579	15488992	5370771
2021-04-16	21455517	595754	520915	74839	15866067	1171948	4417479	16009930	5445610	0.193	0.065	7644926	5826686	1124640	1761928	4910112	4346229	944820	1001588	2734814	1480457	179820	760340	19311136	2144381	23	10715804	5150263	882005	289943	4412098	5381	16009907	5445610
2021-04-17	21819627	364110	307699	56411	16091206	1194668	4533730	16317629	5502021	0.196	0.066	7644926	5826686	1124640	1761928	4910112	4346229	944820	1001588	2734814	1480457	179820	760340	19653442	2166185	23	10893099	5198107	897626	297042	4526881	6849	16317606	5502021
2021-04-18	22087601	267974	229117	38857	16263658	1209701	4614219	16546746	5540878	0.199	0.067	7644926	5826686	1124640	1761928	4910112	4346229	944820	1001588	2734814	1480457	179820	760340	19916805	2170796	23	11031650	5232008	908808	300893	4606265	7954	16546723	5540878
2021-04-19	22489283	401682	340849	60833	16557775	1242368	4689116	16887596	5601711	0.203	0.067	7644926	5826686	1124640	1761928	4910112	4346229	944820	1001588	2734814	1480457	179820	760340	20274156	2215127	24	11274010	5283765	933637	308731	4679925	9191	16887572	5601711
2021-04-20	23047351	558068	496126	61942	16938090	1281199	4828038	17383722	5663653	0.209	0.068	7644926	5826686	1124640	1761928	4910112	4346229	944820	1001588	2734814	1480457	179820	760340	20637773	2409578	24	11600964	5337126	965905	315294	4816829	11209	17383698	5663653
2021-04-21	23767131	719780	647156	72624	17391814	1322673	5052620	18030878	5736277	0.217	0.069	7644926	5826686	1124640	1761928	4910112	4346229	944820	1001588	2734814	1480457	179820	760340	21018405	2748726	24	11992571	5399243	999329	323344	5038954	13666	18030854	5736277
2021-04-22	24404194	637063	570143	66920	17773004	1365908	5265258	18601021	5803197	0.224	0.070	7644926	5826686	1124640	1761928	4910112	4346229	944820	1001588	2734814	1480457	179820	760340	21388209	3015985	24	12318168	5454836	1034894	331014	5247935	17323	18600997	5803197
2021-04-23	24954585	550391	482989	67402	18122712	1408244	5423596	19084019	5870599	0.229	0.071	7644926	5826686	1124640	1761928	4910112	4346229	944820	1001588	2734814	1480457	179820	760340	21770405	3184180	33	12614130	5508582	1067143	341101	5402713	20883	19083986	5870599
2021-04-24	25321440	366855	307872	58983	18358381	1458333	5504691	19391893	5929582	0.233	0.071	7644926	5826686	1124640	1761928	4910112	4346229	944820	1001588	2734814	1480457	179820	760340	22120349	3201091	35	12808762	5549619	1101680	356653	5481416	23275	19391858	5929582
2021-04-25	25603754	282314	234347	47967	18545582	1492086	5566051	19626240	5977549	0.236	0.072	7644926	5826686	1124640	1761928	4910112	4346229	944820	1001588	2734814	1480457	179820	760340	22396849	3206905	35	12959500	5586082	1125768	366318	5540937	25114	19626205	5977549
2021-04-26	26036154	432400	358758	73642	18863592	1534583	5637863	19985079	6051191	0.240	0.073	7644926	5826686	1124640	1761928	4910112	4346229	944820	1001588	2734814	1480457	179820	760340	22742657	3293497	116	13216569	5647023	1159668	374915	5608726	29137	19984963	6051191
2021-04-27	26819723	783569	692899	90670	19539080	1585914	5694152	20678439	6141861	0.249	0.074	7644926	5826686	1124640	1761928	4910112	4346229	944820	1001588	2734814	1480457	179820	760340	23111346	3708377	577	13815468	5723612	1201887	384027	5660507	33645	20677862	6141861
2021-04-28	27941824	1122101	994686	127415	20547580	1646078	5746861	21673853	6269276	0.261	0.075	7644926	5826686	1124640	1761928	4910112	4346229	944820	1001588	2734814	1480457	179820	760340	23504364	4437460	1305	14714695	5832885	1249747	396331	5708106	38755	21672548	6269276
2021-04-29	28887096	945272	812121	133151	21371726	1709650	5803529	22486860	6402427	0.270	0.077	7644926	5826686	1124640	1761928	4910112	4346229	944820	1001588	2734814	1480457	179820	760340	23891568	4995528	2191	15426692	5945034	1301062	408588	5756915	46614	22484669	6402427
2021-04-30	29690015	802919	665249	137670	22050145	1766629	5870218	23152941	6540097	0.278	0.079	7644926	5826686	1124640	1761928	4910112	4346229	944820	1001588	2734814	1480457	179820	760340	24294641	5395374	3023	15992727	6057418	1343029	423600	5814162	56056	23149918	6540097
2021-05-01	30025718	335703	260049	75654	22302998	1807815	5909305	23415567	6615751	0.282	0.080	7644926	5826686	1124640	1761928	4910112	4346229	944820	1001588	2734814	1480457	179820	760340	24605694	5420024	5600	16184941	6118057	1377816	429999	5847210	62095	23409967	6615751
2021-05-02	30288986	263268	196922	66346	22497141	1845142	5939298	23614294	6682097	0.284	0.080	7644926	5826686	1124640	1761928	4910112	4346229	944820	1001588	2734814	1480457	179820	760340	24861307	5427679	7405	16324470	6172671	1409859	435283	5872560	66738	23606889	6682097
2021-05-03	30741010	452024	334988	117036	22815442	1915925	6000713	23950807	6799133	0.288	0.082	7644926	5826686	1124640	1761928	4910112	4346229	944820	1001588	2734814	1480457	179820	760340	25219471	5521539	8930	16551108	6264334	1467400	448525	5923369	77344	23941877	6799133
2021-05-04	31582763	841753	680465	161288	23441457	1978677	6150910	24634061	6960421	0.296	0.084	7644926	5826686	1124640	1761928	4910112	4346229	944820	1001588	2734814	1480457	179820	760340	25593972	5988791	11719	17045722	6395735	1516895	461782	6059725	91185	24622342	6960421
2021-05-05	32724162	1141399	911708	229691	24288043	2057725	6362772	25549672	7190112	0.307	0.086	7644926	5826686	1124640	1761928	4910112	4346229	944820	1001588	2734814	1480457	179820	760340	26009407	6714755	15622	17709006	6579037	1570294	487431	6254750	108022	25534050	7190112
2021-05-06	33706961	982799	764014	218785	24974899	2149128	6563371	26317627	7408897	0.316	0.089	7644926	5826686	1124640	1761928	4910112	4346229	944820	1001588	2734814	1480457	179820	760340	26417095	7289866	19563	18222238	6752661	1639918	509210	6435908	127463	26298064	7408897
2021-05-07	34587692	880731	646587	234144	25554737	2235319	6774363	26967924	7643041	0.324	0.092	7644926	5826686	1124640	1761928	4910112	4346229	944820	1001588	2734814	1480457	179820	760340	26853810	7733882	23273	18631543	6923194	1695139	540180	6617969	156394	26944651	7643041
2021-05-08	35013976	426284	271477	154807	25822857	2307237	6858891	27241119	7797848	0.328	0.094	7644926	5826686	1124640	1761928	4910112	4346229	944820	1001588	2734814	1480457	179820	760340	27219603	7794373	24991	18786139	7036718	1747130	560107	6682859	176032	27216128	7797848
2021-05-09	35300618	286642	183597	103045	26017274	2363802	6893484	27425783	7900893	0.330	0.095	7644926	5826686	1124640	1761928	4910112	4346229	944820	1001588	2734814	1480457	179820	760340	27495210	7805408	26058	18900830	7116444	1792856	570946	6706039	187445	27399725	7900893
2021-05-10	35888328	587710	394045	193665	26389948	2444888	7023714	27823548	8094558	0.335	0.097	7644926	5826686	1124640	1761928	4910112	4346229	944820	1001588	2734814	1480457	179820	760340	27894022	7994306	29778	19131320	7258628	1851836	593052	6810614	213100	27793770	8094558
2021-05-11	36968893	1080565	794592	285973	27212600	2523571	7199500	28621584	8380531	0.344	0.101	7644926	5826686	1124640	1761928	4910112	4346229	944820	1001588	2734814	1480457	179820	760340	28320892	8648001	33222	19722341	7490259	1908551	615020	6957470	242030	28588362	8380531
2021-05-12	38377420	1408527	1044665	363862	28301586	2613683	7423731	29671447	8744393	0.357	0.105	7644926	5826686	1124640	1761928	4910112	4346229	944820	1001588	2734814	1480457	179820	760340	28773436	9603984	38420	20516728	7784858	1968221	645462	7148078	275653	29633027	8744393
2021-05-13	38804423	427003	266100	160903	28615445	2680117	7468179	29939809	8905296	0.360	0.107	7644926	5826686	1124640	1761928	4910112	4346229	944820	1001588	2734814	1480457	179820	760340	29126960	9677463	40682	20702243	7913202	2019501	660616	7177383	290796	29899127	8905296
2021-05-14	39556748	752325	522940	229385	29158048	2744325	7606271	30470171	9134681	0.366	0.110	7644926	5826686	1124640	1761928	4910112	4346229	944820	1001588	2734814	1480457	179820	760340	29527948	10028800	48104	21064996	8093052	2068367	675958	7288704	317567	30422067	9134681
2021-05-15	39953687	396939	231973	164966	29434989	2803770	7662550	30706418	9299647	0.369	0.112	7644926	5826686	1124640	1761928	4910112	4346229	944820	1001588	2734814	1480457	179820	760340	29877221	10076466	52378	21220300	8214689	2111277	692493	7322463	340087	30654040	9299647
2021-05-16	40234456	280769	158690	122079	29634028	2856249	7687161	30869748	9421726	0.371	0.113	7644926	5826686	1124640	1761928	4910112	4346229	944820	1001588	2734814	1480457	179820	760340	30141985	10092471	57018	21325399	8308629	2153849	702400	7333482	353679	30812730	9421726
2021-05-17	40787697	553241	346273	206968	29972458	2938842	7808716	31226684	9628694	0.375	0.116	7644926	5826686	1124640	1761928	4910112	4346229	944820	1001588	2734814	1480457	179820	760340	30525908	10261789	67681	21517720	8454738	2212294	726548	7428989	379727	31159003	9628694
2021-05-18	41663669	875972	517606	358366	30565017	3041614	7981703	31751944	9987060	0.382	0.120	7644926	5826686	1124640	1761928	4910112	4346229	944820	1001588	2734814	1480457	179820	760340	30946876	10716793	75335	21816321	8748696	2286162	755452	7574126	407577	31676609	9987060
2021-05-19	42764208	1100539	562148	538391	31372770	3140258	8163297	32326640	10525451	0.389	0.127	7644926	5826686	1124640	1761928	4910112	4346229	944820	1001588	2734814	1480457	179820	760340	31367637	11396571	87883	22159949	9212821	2351548	788710	7727260	436037	32238757	10525451
2021-05-20	43705758	941550	451171	490379	32052035	3235832	8319269	32788550	11015830	0.394	0.132	7644926	5826686	1124640	1761928	4910112	4346229	944820	1001588	2734814	1480457	179820	760340	31778244	11927514	98622	22418361	9633674	2415503	820329	7856064	463205	32689928	11015830
2021-05-21	44549915	844157	401932	442225	32644256	3319751	8476400	33201368	11458055	0.399	0.138	7644926	5826686	1124640	1761928	4910112	4346229	944820	1001588	2734814	1480457	179820	760340	32199681	12350234	109508	22638870	10005386	2470319	849432	7982671	493729	33091860	11458055
2021-05-22	45025383	475468	214383	261085	32950317	3390394	8560230	33430685	11719140	0.402	0.141	7644926	5826686	1124640	1761928	4910112	4346229	944820	1001588	2734814	1480457	179820	760340	32546219	12479164	124442	22736844	10213473	2518689	871705	8050710	509520	33306243	11719140
2021-05-23	45311396	286013	124148	161865	33143180	3449519	8584156	33564932	11881005	0.404	0.143	7644926	5826686	1124640	1761928	4910112	4346229	944820	1001588	2734814	1480457	179820	760340	32814111	12497285	134541	22802126	10341054	2562718	886801	8065547	518609	33430391	11881005
2021-05-24	45634306	322910	139143	183767	33377181	3509702	8604767	33712190	12064772	0.405	0.145	7644926	5826686	1124640	1761928	4910112	4346229	944820	1001588	2734814	1480457	179820	760340	33121496	12512810	142656	22884131	10493050	2607868	901834	8077535	527232	33569534	12064772
2021-05-25	46286652	652346	269999	382347	33822405	3588830	8707834	34007116	12447119	0.409	0.150	7644926	5826686	1124640	1761928	4910112	4346229	944820	1001588	2734814	1480457	179820	760340	33514899	12771753	167583	23024115	10798290	2659211	929619	8156207	551627	33839533	12447119
2021-05-26	47457806	1171154	464394	706760	34703078	3668621	8840498	34549536	13153879	0.415	0.158	7644926	5826686	1124640	1761928	4910112	4346229	944820	1001588	2734814	1480457	179820	760340	33922638	13535168	245609	23336130	11366948	2710304	958317	8257493	583005	34303927	13153879
2021-05-27	48489860	1032054	400666	631388	35436452	3755422	8971214	35031365	13785267	0.421	0.166	7644926	5826686	1124640	1761928	4910112	4346229	944820	1001588	2734814	1480457	179820	760340	34332855	14157005	326772	23591835	11844617	2760772	994650	8351986	619228	34704593	13785267
2021-05-28	49381479	891619	352175	539444	36032855	3839919	9099274	35466199	14324711	0.426	0.172	7644926	5826686	1124640	1761928	4910112	4346229	944820	1001588	2734814	1480457	179820	760340	34756513	14624966	409431	23805860	12226995	2810525	1029394	8440383	658891	35056768	14324711
2021-05-29	49792092	410613	152782	257831	36295287	3902390	9155977	35647988	14582542	0.429	0.175	7644926	5826686	1124640	1761928	4910112	4346229	944820	1001588	2734814	1480457	179820	760340	35092717	14699375	438438	23886251	12409036	2847992	1054398	8475307	680670	35209550	14582542
2021-05-30	50074644	282552	97878	184674	36491926	3949077	9184273	35756796	14767216	0.430	0.178	7644926	5826686	1124640	1761928	4910112	4346229	944820	1001588	2734814	1480457	179820	760340	35353451	14721193	449368	23945782	12546144	2875181	1073896	8486465	697808	35307428	14767216
2021-05-31	50612263	537619	174348	363271	36854808	4013895	9251704	35973632	15130487	0.433	0.182	7644926	5826686	1124640	1761928	4910112	4346229	944820	1001588	2734814	1480457	179820	760340	35733301	14878962	491856	24055636	12799172	2901243	1112652	8524897	726807	35481776	15130487
2021-06-01	51589215	976952	395908	581044	37581943	4090842	9340397	36453717	15711531	0.438	0.189	7644926	5826686	1124640	1761928	4910112	4346229	944820	1001588	2734814	1480457	179820	760340	36119780	15469435	576033	24369552	13212391	2929451	1161391	8578681	761716	35877684	15711531
2021-06-02	52823676	1234461	514420	720041	38562548	4161386	9420810	37071036	16431572	0.446	0.198	7644926	5826686	1124640	1761928	4910112	4346229	944820	1001588	2734814	1480457	179820	760340	36513963	16309713	678932	24816879	13745669	2953788	1207598	8621437	799373	36392104	16431572
2021-06-03	53456509	632833	227918	404915	39031593	4223928	9470147	37350863	16836487	0.449	0.202	7644926	5826686	1124640	1761928	4910112	4346229	944820	1001588	2734814	1480457	179820	760340	36867383	16589126	730841	24995281	14036312	2982735	1241193	8642006	828141	36620022	16836487
2021-06-04	54274225	817716	292360	525356	39625811	4293668	9547200	37719928	17361843	0.454	0.209	7644926	5826686	1124640	1761928	4910112	4346229	944820	1001588	2734814	1480457	179820	760340	37282611	16991614	807546	25224835	14400976	3011277	1282391	8676270	870930	36912382	17361843
2021-06-05	54680857	406632	95844	310788	39894693	4359025	9590060	37845305	17672631	0.455	0.212	7644926	5826686	1124640	1761928	4910112	4346229	944820	1001588	2734814	1480457	179820	760340	37625699	17055158	837079	25283341	14611352	3037772	1321253	8687113	902947	37008226	17672631
2021-06-06	54970854	289997	59655	230342	40100124	4399822	9617345	37921444	17902973	0.456	0.215	7644926	5826686	1124640	1761928	4910112	4346229	944820	1001588	2734814	1480457	179820	760340	37885987	17084867	853563	25327448	14772676	3049697	1350125	8690736	926609	37067881	17902973
2021-06-07	55570294	599440	188736	410704	40494219	4480145	9688147	38164400	18313677	0.459	0.220	7644926	5826686	1124640	1761928	4910112	4346229	944820	1001588	2734814	1480457	179820	760340	38246143	17323248	907783	25458534	15035685	3076345	1403800	8721738	966409	37256617	18313677
2021-06-08	56594041	1023747	318267	705480	41315479	4553053	9749840	38550553	19019157	0.464	0.229	7644926	5826686	1124640	1761928	4910112	4346229	944820	1001588	2734814	1480457	179820	760340	38622069	17968865	975669	25718857	15596622	3102410	1450643	8753617	996223	37574884	19019157
2021-06-09	57942411	1348370	413808	934562	42426948	4633105	9811351	39059699	19953719	0.470	0.240	7644926	5826686	1124640	1761928	4910112	4346229	944820	1001588	2734814	1480457	179820	760340	38979710	18956810	1071007	26073391	16353557	3129535	1503570	8785766	1025585	37988692	19953719
2021-06-10	59095885	1153474	371784	781690	43348769	4721718	9866077	39519797	20735409	0.475	0.249	7644926	5826686	1124640	1761928	4910112	4346229	944820	1001588	2734814	1480457	179820	760340	39381643	19705530	1159321	26386683	16962086	3161402	1560316	8812391	1053686	38360476	20735409
2021-06-11	60120047	1024162	331674	692488	44121895	4809342	9933051	39947909	21427897	0.480	0.258	7644926	5826686	1124640	1761928	4910112	4346229	944820	1001588	2734814	1480457	179820	760340	39790029	20318630	1255759	26662494	17459401	3188273	1621069	8841383	1091668	38692150	21427897
2021-06-12	60544361	424314	116029	308285	44398105	4880184	9975572	40098679	21736182	0.482	0.261	7644926	5826686	1124640	1761928	4910112	4346229	944820	1001588	2734814	1480457	179820	760340	40111246	20420893	1290500	26746914	17651191	3206834	1673350	8854431	1121141	38808179	21736182
2021-06-13	60824202	279841	63545	216296	44575697	4943322	10000940	40175967	21952478	0.483	0.264	7644926	5826686	1124640	1761928	4910112	4346229	944820	1001588	2734814	1480457	179820	760340	40355427	20456247	1304243	26789933	17785764	3222672	1720650	8859119	1141821	38871724	21952478
2021-06-14	61456028	631826	197040	434786	44986862	5043134	10066913	40427883	22387264	0.486	0.269	7644926	5826686	1124640	1761928	4910112	4346229	944820	1001588	2734814	1480457	179820	760340	40744742	20696780	1359119	26946135	18040727	3246072	1797062	8876557	1190356	39068764	22387264
2021-06-15	62463939	1007911	315332	692579	45749907	5146318	10149702	40802108	23079843	0.491	0.278	7644926	5826686	1124640	1761928	4910112	4346229	944820	1001588	2734814	1480457	179820	760340	41162474	21283470	1418012	27214041	18535866	3273953	1872365	8896102	1253600	39384096	23079843
2021-06-16	63796682	1332743	428475	904268	46807832	5252103	10243012	41306306	23984111	0.497	0.288	7644926	5826686	1124640	1761928	4910112	4346229	944820	1001588	2734814	1480457	179820	760340	41592644	22182018	1493735	27583509	19224323	3307717	1944386	8921345	1321667	39812571	23984111
2021-06-17	64889824	1093142	359033	734109	47644365	5353358	10330609	41733096	24718220	0.502	0.297	7644926	5826686	1124640	1761928	4910112	4346229	944820	1001588	2734814	1480457	179820	760340	42012216	22852215	1561492	27891594	19752771	3336787	2016571	8943223	1387386	40171604	24718220
2021-06-18	65830365	940541	311046	629495	48334737	5443266	10422458	42112554	25347715	0.506	0.305	7644926	5826686	1124640	1761928	4910112	4346229	944820	1001588	2734814	1480457	179820	760340	42419770	23382503	1629904	28150307	20184430	3367296	2075970	8965047	1457411	40482650	25347715
2021-06-19	66238678	408313	108820	299493	48593392	5523799	10471021	42241936	25647208	0.508	0.308	7644926	5826686	1124640	1761928	4910112	4346229	944820	1001588	2734814	1480457	179820	760340	42742342	23466988	1650466	28232013	20361379	3388022	2135777	8971435	1499586	40591470	25647208
2021-06-20	66534102	295424	67398	228026	48776725	5594048	10500659	42321538	25875234	0.509	0.311	7644926	5826686	1124640	1761928	4910112	4346229	944820	1001588	2734814	1480457	179820	760340	43007861	23496614	1662670	28280804	20495921	3403897	2190151	8974167	1526492	40658868	25875234
2021-06-21	67116671	582569	183649	398920	49152959	5685154	10580212	42540863	26274154	0.512	0.316	7644926	5826686	1124640	1761928	4910112	4346229	944820	1001588	2734814	1480457	179820	760340	43358880	23726147	1698346	28427415	20725544	3427740	2257414	8987362	1592850	40842517	26274154
