date	dosen_kumulativ	dosen_differenz_zum_vortag	dosen_erst_differenz_zum_vortag	dosen_zweit_differenz_zum_vortag	dosen_biontech_kumulativ	dosen_moderna_kumulativ	dosen_astrazeneca_kumulativ	personen_erst_kumulativ	personen_voll_kumulativ	impf_quote_erst	impf_quote_voll	indikation_alter_dosen	indikation_beruf_dosen	indikation_medizinisch_dosen	indikation_pflegeheim_dosen	indikation_alter_erst	indikation_beruf_erst	indikation_medizinisch_erst	indikation_pflegeheim_erst	indikation_alter_voll	indikation_beruf_voll	indikation_medizinisch_voll	indikation_pflegeheim_voll	dosen_dim_kumulativ	dosen_kbv_kumulativ	dosen_johnson_kumulativ	dosen_biontech_erst_kumulativ	dosen_biontech_zweit_kumulativ	dosen_moderna_erst_kumulativ	dosen_moderna_zweit_kumulativ	dosen_astrazeneca_erst_kumulativ	dosen_astrazeneca_zweit_kumulativ	dosen_erst_kumulativ	dosen_zweit_kumulativ
2020-12-27	24095	24095	24082	13	24093	2	0	24082	13	0.000	0.000	10705	8657	1305	12604	10664	8590	1305	12536	41	67	0	68	24095	0	0	24080	13	2	0	0	0	24082	13
2020-12-28	41977	17882	17743	139	41975	2	0	41825	152	0.001	0.000	18621	15788	1991	21344	18580	15721	1991	21276	41	67	0	68	41977	0	0	41823	152	2	0	0	0	41825	152
2020-12-29	91931	49954	49248	706	91928	2	1	91073	858	0.001	0.000	34989	40734	3107	40508	34724	40420	3107	40099	265	314	0	409	91931	0	0	91070	858	2	0	1	0	91073	858
2020-12-30	155356	63425	63304	121	155353	2	1	154377	979	0.002	0.000	55510	73365	4901	63206	55243	73050	4901	62794	267	315	0	412	155356	0	0	154374	979	2	0	1	0	154377	979
2020-12-31	205047	49691	49602	89	205044	2	1	203979	1068	0.002	0.000	72831	96719	6752	83965	72517	96367	6752	83476	314	352	0	489	205047	0	0	203976	1068	2	0	1	0	203979	1068
2021-01-01	230375	25328	25318	10	230364	7	4	229297	1078	0.003	0.000	81208	105449	7830	92301	80894	105097	7830	91812	314	352	0	489	230375	0	0	229287	1077	7	0	3	1	229297	1078
2021-01-02	278325	47950	47664	286	278314	7	4	276961	1364	0.003	0.000	102774	129731	10350	113258	102365	129304	10350	112629	409	427	0	629	278325	0	0	276951	1363	7	0	3	1	276961	1364
2021-01-03	300733	22408	22402	6	300721	8	4	299363	1370	0.004	0.000	113044	140227	11284	123279	112635	139800	11284	122650	409	427	0	629	300733	0	0	299352	1369	8	0	3	1	299363	1370
2021-01-04	346453	45720	45670	50	346440	9	4	345033	1420	0.004	0.000	129646	164913	13951	139091	129237	164486	13951	138462	409	427	0	629	346453	0	0	345021	1419	9	0	3	1	345033	1420
2021-01-05	398220	51767	51489	278	398206	10	4	396522	1698	0.005	0.000	147987	192565	16489	157656	147576	192117	16489	157025	411	448	0	631	398220	0	0	396509	1697	10	0	3	1	396522	1698
2021-01-06	460507	62287	62280	7	460484	16	7	458802	1705	0.006	0.000	169498	225530	19910	180812	169086	225082	19910	180181	412	448	0	631	460507	0	0	458781	1703	16	0	5	2	458802	1705
2021-01-07	514428	53921	53900	21	514401	19	8	512702	1726	0.006	0.000	189172	254868	22957	197233	188758	254418	22957	196600	414	450	0	633	514428	0	0	512677	1724	19	0	6	2	512702	1726
2021-01-08	575997	61569	61461	108	575918	70	9	574163	1834	0.007	0.000	211521	287315	26324	218219	211009	286711	26320	217449	512	604	4	770	575997	0	0	574086	1832	70	0	7	2	574163	1834
2021-01-09	635965	59968	59821	147	635883	73	9	633984	1981	0.008	0.000	237322	313238	29007	243325	236798	312599	29003	242545	524	639	4	780	635965	0	0	633904	1979	73	0	7	2	633984	1981
2021-01-10	671196	35231	35082	149	671106	81	9	669066	2130	0.008	0.000	252455	327794	30379	256315	251929	327151	30375	255535	526	643	4	780	671196	0	0	668979	2127	80	1	7	2	669066	2130
2021-01-11	738695	67499	67397	102	738590	94	11	736463	2232	0.009	0.000	277513	359176	33587	276774	276967	358513	33583	275968	546	663	4	806	738695	0	0	736367	2223	87	7	9	2	736463	2232
2021-01-12	816954	78259	78195	64	816833	109	12	814658	2296	0.010	0.000	305695	401338	36582	301731	305147	400670	36578	300888	548	668	4	843	816954	0	0	814547	2286	102	7	9	3	814658	2296
2021-01-13	927667	110713	110512	201	926376	1279	12	925170	2497	0.011	0.000	345167	458844	40485	337339	344574	458093	40466	336399	593	751	19	940	927667	0	0	923889	2487	1272	7	9	3	925170	2497
2021-01-14	1010696	83029	82840	189	1004260	6424	12	1008010	2686	0.012	0.000	374803	501101	42769	361463	374094	500254	42750	360452	709	847	19	1011	1010696	0	0	1001628	2632	6373	51	9	3	1008010	2686
2021-01-15	1101104	90408	89562	846	1089398	11689	17	1097572	3532	0.013	0.000	408725	545673	46728	389202	407810	544625	46700	387982	915	1048	28	1220	1101104	0	0	1085920	3478	11638	51	14	3	1097572	3532
2021-01-16	1158441	57337	56315	1022	1145055	13368	18	1153887	4554	0.014	0.000	432983	570627	48859	408798	431664	569232	48767	407047	1319	1395	92	1751	1158441	0	0	1140555	4500	13317	51	15	3	1153887	4554
2021-01-17	1205989	47548	29777	17771	1191341	14629	19	1183664	22325	0.014	0.000	453449	591002	50884	428544	444215	583354	50014	417145	9234	7648	870	11399	1205989	0	0	1169070	22271	14578	51	16	3	1183664	22325
2021-01-18	1287815	81826	66152	15674	1269024	18771	20	1249816	37999	0.015	0.000	482728	633883	53106	448900	467235	619730	51700	430238	15493	14153	1406	18662	1287815	0	0	1231081	37943	18718	53	17	3	1249816	37999
2021-01-19	1406569	118754	82342	36412	1384108	22433	28	1332158	74411	0.016	0.001	519765	695968	56714	479843	492669	666683	54375	447938	27096	29285	2339	31905	1406569	0	0	1309757	74351	22376	57	25	3	1332158	74411
2021-01-20	1538670	132101	77575	54526	1513464	25175	31	1409733	128937	0.017	0.002	568076	760039	60957	522078	522876	706310	57505	469463	45200	53729	3452	52615	1538670	0	0	1384587	128877	25118	57	28	3	1409733	128937
2021-01-21	1643658	104988	63655	41333	1615711	27915	32	1473388	170270	0.018	0.002	610150	808503	65406	556195	549621	735602	60889	487988	60529	72901	4517	68207	1643658	0	0	1445503	170208	27857	58	28	4	1473388	170270
2021-01-22	1745146	101488	68029	33459	1715004	30102	40	1541417	203729	0.019	0.002	654049	853889	69013	590642	579902	764987	63599	506975	74147	88902	5414	83667	1745146	0	0	1511342	203662	30039	63	36	4	1541417	203729
2021-01-23	1831576	86430	40426	46004	1801077	30456	43	1581843	249733	0.019	0.003	691767	890989	72414	617916	599855	780966	64783	516268	91912	110023	7631	101648	1831576	0	0	1551412	249665	30392	64	39	4	1581843	249733
2021-01-24	1878867	47291	25456	21835	1848165	30655	47	1607299	271568	0.019	0.003	715655	910067	73331	632982	614016	789814	65130	521524	101639	120253	8201	111458	1878867	0	0	1576665	271500	30591	64	43	4	1607299	271568
2021-01-25	1969798	90931	52261	38670	1937676	32072	50	1659560	310238	0.020	0.004	756375	951632	76827	658117	642321	811974	66847	534304	114054	139658	9980	123813	1969798	0	0	1627509	310167	32005	67	46	4	1659560	310238
2021-01-26	2067212	97414	50605	46809	2033648	33507	57	1710165	357047	0.021	0.004	796572	997196	80614	684405	667753	831436	68195	545278	128819	165760	12419	139127	2067212	0	0	1676676	356972	33436	71	53	4	1710165	357047
2021-01-27	2176418	109206	50761	58445	2141060	35293	65	1760926	415492	0.021	0.005	839834	1049509	85786	715259	691463	852265	70042	556304	148371	197244	15744	158955	2176418	0	0	1725655	415405	35210	83	61	4	1760926	415492
2021-01-28	2268662	92244	46350	45894	2231673	36921	68	1807276	461386	0.022	0.006	877990	1090332	89974	739697	713483	869115	71590	567469	164507	221217	18384	172228	2268662	0	0	1770462	461211	36750	171	64	4	1807276	461386
2021-01-29	2376292	107630	49945	57685	2337817	38401	74	1857221	519071	0.022	0.006	920894	1138243	95507	769100	735839	888487	73819	578309	185055	249756	21688	190791	2376292	0	0	1818922	518895	38229	172	70	4	1857221	519071
2021-01-30	2464304	88012	34358	53654	2424947	39281	76	1891579	572725	0.023	0.007	957412	1174692	99468	796433	752473	901967	75224	586328	204939	272725	24244	210105	2464304	0	0	1852401	572546	39107	174	71	5	1891579	572725
2021-01-31	2521176	56872	25751	31121	2481438	39657	81	1917330	603846	0.023	0.007	982865	1196922	101575	812430	766590	910861	76411	592657	216275	286061	25164	219773	2521176	0	0	1877780	603658	39475	182	75	6	1917330	603846
2021-02-01	2640621	119445	57968	61477	2598623	41866	132	1975298	665323	0.024	0.008	1026174	1260299	105285	839830	787193	944041	78273	602425	238981	316258	27012	237405	2640621	0	0	1933490	665133	41682	184	126	6	1975298	665323
2021-02-02	2772632	132011	64793	67218	2727560	44927	145	2040091	732541	0.025	0.009	1069633	1330364	110479	870030	806216	982089	80866	611659	263417	348275	29613	258371	2772632	0	0	1995210	732350	44742	185	139	6	2040091	732541
2021-02-03	2933690	161058	63517	97541	2882263	51255	171	2103609	830082	0.025	0.010	1128983	1407775	116405	912544	829819	1014401	83062	623312	299164	393374	33343	289232	2933690	0	1	2052379	829884	51064	191	165	6	2103608	830082
2021-02-04	3066721	133031	61195	71836	3009456	57088	176	2164804	901918	0.026	0.011	1177986	1472437	120972	943857	851937	1046473	85311	632945	326049	425964	35661	310912	3066721	0	1	2107739	901717	56894	194	170	6	2164803	901918
2021-02-05	3213112	146391	68901	77490	3149389	63538	184	2233705	979408	0.027	0.012	1232524	1542580	126293	977786	877231	1080338	86905	644262	355293	462242	39388	333524	3213112	0	1	2170317	979072	63210	328	177	7	2233704	979408
2021-02-06	3306752	93640	45352	48288	3240402	66164	185	2279057	1027696	0.027	0.012	1272514	1588658	130853	1003590	896490	1101898	88782	653957	376024	486760	42071	349633	3306752	0	1	2213042	1027360	65836	328	178	7	2279056	1027696
2021-02-07	3360062	53310	28253	25057	3291383	68491	187	2307310	1052753	0.028	0.013	1298155	1609930	133571	1016823	910800	1112720	90015	659435	387355	497210	43556	357388	3360062	0	1	2238967	1052416	68162	329	180	7	2307309	1052753
2021-02-08	3468911	108849	52863	55986	3396384	72312	214	2360173	1108739	0.028	0.013	1350672	1655734	137545	1035599	942269	1129343	91902	666781	408403	526391	45643	368818	3468911	0	1	2287983	1108401	71982	330	207	7	2360172	1108739
2021-02-09	3603002	134091	60231	73860	3526928	75746	327	2420404	1182599	0.029	0.014	1411842	1714380	141993	1058512	978151	1147503	94639	674792	433691	566877	47354	383720	3603002	0	1	2344857	1182071	75226	520	320	7	2420403	1182599
2021-02-10	3757193	154191	77367	76824	3668553	79981	8658	2497771	1259423	0.030	0.015	1478760	1781046	146001	1087933	1017461	1175177	96286	685176	461299	605869	49715	402757	3757193	0	1	2410651	1257902	78480	1501	8639	19	2497770	1259423
2021-02-11	3900926	143733	75243	68490	3788706	87246	24971	2573016	1327913	0.031	0.016	1539776	1848576	151475	1113070	1052428	1208053	98713	694775	487348	640523	52762	418295	3900926	0	3	2465360	1323346	82715	4531	24938	33	2573013	1327913
2021-02-12	4056118	155192	79540	75652	3920381	96544	39187	2652559	1403565	0.032	0.017	1611268	1919253	157751	1138545	1094198	1240389	101429	704318	517070	678864	56322	434227	4056118	0	6	2526437	1393944	87286	9258	38830	357	2652553	1403565
2021-02-13	4163515	107397	61948	45449	4011171	99801	52536	2714508	1449014	0.033	0.017	1667599	1960972	162355	1156080	1129093	1262877	103231	711418	538506	698095	59124	444662	4163515	0	7	2573331	1437840	88998	10803	52172	364	2714501	1449014
2021-02-14	4228752	65237	39524	25713	4066686	102276	59782	2754033	1474727	0.033	0.018	1706122	1983696	163973	1164146	1153761	1276081	104081	714928	552361	707615	59892	449218	4228752	0	8	2604360	1462326	90268	12008	59397	385	2754025	1474727
2021-02-15	4354048	125296	69555	55741	4171299	107506	75234	2823589	1530468	0.034	0.018	1773591	2031897	168008	1183418	1194859	1300739	106358	721524	578732	731158	61650	461894	4354048	0	9	2656207	1515092	92541	14965	74832	402	2823580	1530468
2021-02-16	4488118	134070	77723	56347	4279703	113624	94781	2901313	1586815	0.035	0.019	1839625	2089928	170683	1200400	1236633	1336138	107879	728440	602992	753790	62804	471960	4488118	0	10	2711670	1568033	95266	18358	94367	414	2901303	1586815
2021-02-17	4638837	150719	94432	56287	4401694	121624	115508	2995746	1643102	0.036	0.020	1920033	2147919	175770	1221928	1292995	1368705	110873	736858	627038	779214	64897	485070	4638837	0	11	2780574	1621120	100079	21545	115082	426	2995735	1643102
2021-02-18	4783050	144213	91234	52979	4513869	129845	139324	3086981	1696081	0.037	0.020	1995907	2206102	179208	1240945	1345328	1403985	112659	744258	650579	802117	66549	496687	4783050	0	12	2843317	1670552	104758	25087	138894	430	3086969	1696081
2021-02-19	4941260	158210	102755	55455	4634711	139808	166728	3189737	1751536	0.038	0.021	2076668	2266444	184080	1258305	1402958	1440066	115287	750941	673710	826378	68793	507364	4941260	0	13	2911821	1722890	111711	28097	166192	536	3189724	1751536
2021-02-20	5053311	112051	75801	36250	4721078	144272	187947	3265539	1787786	0.039	0.021	2138268	2310157	187738	1272296	1445964	1469322	117533	755178	692304	840835	70205	517118	5053311	0	14	2962382	1758696	115742	28530	187401	546	3265525	1787786
2021-02-21	5139120	85809	57435	28374	4787596	147913	203596	3322975	1816160	0.040	0.022	2187054	2340674	190304	1282667	1479917	1489494	118664	757407	707137	851180	71640	525260	5139120	0	15	3000692	1786904	119224	28689	203044	552	3322960	1816160
2021-02-22	5294422	155302	97617	57685	4910328	156907	227171	3420593	1873845	0.041	0.023	2266701	2410287	195201	1300517	1538362	1525084	121627	763642	728339	885203	73574	536875	5294422	0	16	3067520	1842808	126450	30457	226607	564	3420577	1873845
2021-02-23	5464038	169616	109131	60485	5043903	164118	256000	3529725	1934330	0.042	0.023	2346910	2483166	200501	1318387	1598211	1563793	124757	771284	748699	919373	75744	547103	5464038	0	17	3142282	1901621	132002	32116	255424	576	3529708	1934330
2021-02-24	5639672	175634	116495	59139	5175271	171729	292654	3646221	1993469	0.044	0.024	2431789	2557990	207079	1337422	1660503	1608669	128907	778912	771286	949321	78172	558510	5639672	0	18	3216216	1959055	137927	33802	292060	594	3646203	1993469
2021-02-25	5828454	188782	129788	58994	5306447	178490	343499	3776009	2052463	0.045	0.025	2514175	2648479	213515	1355541	1722988	1667176	133470	787131	791187	981303	80045	568410	5828454	0	18	3289939	2016508	143159	35331	342893	606	3775991	2052463
2021-02-26	6040754	212300	145465	66835	5447150	187323	406263	3921474	2119298	0.047	0.025	2602819	2749814	220591	1375230	1787946	1735795	138593	794627	814873	1014019	81998	580603	6040754	0	18	3365495	2081655	150375	36948	405586	677	3921456	2119298
2021-02-27	6188517	147763	107869	39894	5539829	191406	457264	4029343	2159192	0.048	0.026	2666475	2822116	227301	1388101	1833818	1790224	143432	799030	832657	1031892	83869	589071	6188517	0	18	3419020	2120809	153726	37680	456579	685	4029325	2159192
2021-02-28	6291386	102869	78808	24061	5601124	195359	494884	4108152	2183253	0.049	0.026	2714700	2875405	231582	1394762	1868893	1834535	146785	801170	845807	1040870	84797	593592	6291386	0	19	3456625	2144499	157327	38032	494181	703	4108133	2183253
2021-03-01	6489516	198130	148318	49812	5731292	204982	553223	4256470	2233065	0.051	0.027	2817221	2953369	239381	1408021	1943445	1896228	153263	806209	873776	1057141	86118	601812	6489516	0	19	3539018	2192274	164928	40054	552505	718	4256451	2233065
2021-03-02	6708113	218597	166494	52103	5871063	214976	622055	4422964	2285168	0.053	0.027	2927307	3047588	248982	1422628	2022735	1971725	160632	812692	904572	1075863	88350	609936	6708113	0	19	3629583	2241480	172046	42930	621316	739	4422945	2285168
2021-03-03	6954188	246075	175854	70221	6027841	229924	696404	4598818	2355389	0.055	0.028	3047976	3148969	260606	1439862	2105531	2048823	170041	819606	942445	1100146	90565	620256	6954188	0	19	3722091	2305750	181118	48806	695590	814	4598799	2355389
2021-03-04	7198651	244463	181650	62813	6168890	244396	785346	4780468	2418202	0.057	0.029	3159240	3258741	272992	1455625	2181653	2136963	180034	825002	977587	1121778	92958	630623	7198651	0	19	3805765	2363125	190194	54202	784490	856	4780449	2418202
2021-03-05	7474259	275608	207104	68504	6318332	257765	898142	4987573	2486706	0.060	0.030	3277185	3383782	287941	1471072	2258903	2242620	191990	830697	1018282	1141162	95951	640375	7474259	0	20	3892713	2425619	197603	60162	897237	905	4987553	2486706
2021-03-06	7675983	201724	153075	48649	6427573	266207	982183	5140648	2535355	0.062	0.030	3366696	3478463	298371	1480590	2314602	2325555	200824	833966	1052094	1152908	97547	646624	7675983	0	20	3955564	2472009	203807	62400	981257	926	5140628	2535355
2021-03-07	7823553	147570	114086	33484	6507331	272864	1043338	5254734	2568839	0.063	0.031	3437978	3544531	306478	1486155	2360956	2383880	208082	835928	1077022	1160651	98396	650227	7823553	0	20	4004196	2503135	208126	64738	1042392	946	5254714	2568839
2021-03-08	8061063	237510	185921	51589	6641280	283819	1135944	5440655	2620428	0.065	0.032	3556806	3640371	322827	1498475	2442587	2468035	222757	841890	1114219	1172336	100070	656585	8061063	0	20	4089959	2551321	215718	68101	1134958	986	5440635	2620428
2021-03-09	8313306	252243	197394	54849	6781395	296604	1235287	5638049	2675277	0.068	0.032	3677710	3742787	340236	1512022	2524321	2558568	238262	848791	1153389	1184219	101974	663231	8313306	0	20	4178761	2602634	225030	71574	1234238	1049	5638029	2675277
2021-03-10	8601492	288186	221145	67041	6940454	308638	1352379	5859195	2742318	0.070	0.033	3808598	3856306	360962	1530389	2606688	2661880	256906	860000	1201910	1194426	104056	670389	8600521	971	21	4274392	2666062	233506	75132	1351276	1103	5859174	2742318
2021-03-11	8885652	284160	223282	60878	7088110	322355	1475166	6082477	2803196	0.073	0.034	3937470	3976178	382106	1544008	2689957	2769533	276555	867677	1247513	1206645	105551	676331	8884026	1626	21	4365574	2722536	242875	79480	1474007	1159	6082456	2803196
2021-03-12	9212154	326502	255652	70850	7239715	339650	1632768	6338129	2874046	0.076	0.035	4071484	4127850	404783	1559463	2770420	2906954	297406	877132	1301064	1220896	107377	682331	9210318	1836	21	4451124	2788591	255577	84073	1631407	1361	6338108	2874046
2021-03-13	9452790	240636	190357	50279	7355749	349217	1747803	6528486	2924325	0.078	0.035	4181046	4240796	425293	1567511	2840453	3011727	316755	881879	1340593	1229069	108538	685632	9450798	1992	21	4518332	2837417	263803	85414	1746330	1473	6528465	2924325
2021-03-14	9622853	170063	134413	35650	7443767	354729	1824336	6662899	2959975	0.080	0.036	4266043	4307307	441408	1570975	2896461	3072888	331859	883676	1369582	1234419	109549	687299	9620851	2002	21	4571696	2872071	268340	86389	1822842	1494	6662878	2959975
2021-03-15	9870558	247705	188479	59226	7596545	367466	1906526	6851378	3019201	0.082	0.036	4400463	4391447	461474	1582289	2984151	3147219	350790	890548	1416312	1244228	110684	691741	9868273	2285	21	4667037	2929508	279377	88089	1904943	1583	6851357	3019201
2021-03-16	10049456	178898	110762	68136	7763175	378717	1907543	6962140	3087337	0.084	0.037	4527474	4426082	473886	1593025	3059300	3169255	361553	895647	1468174	1256827	112333	697378	10046624	2832	21	4768019	2995156	288143	90574	1905957	1586	6962119	3087337
2021-03-17	10254394	204938	124045	80893	7949378	396705	1908290	7086185	3168230	0.085	0.038	4672447	4463838	487350	1605072	3141952	3193652	373040	902175	1530495	1270186	114310	702897	10250945	3449	21	4878141	3071237	301324	95381	1906699	1591	7086164	3168230
2021-03-18	10447890	193496	117929	75567	8123556	414864	1909449	7204114	3243797	0.087	0.039	4812398	4498757	499905	1615322	3222615	3215628	383588	907340	1589783	1283129	116317	707982	10444018	3872	21	4981954	3141602	314282	100582	1907857	1592	7204093	3243797
2021-03-19	10692617	244727	160603	84124	8308977	435622	1947997	7364717	3327921	0.089	0.040	4961948	4563922	518114	1627194	3306761	3267408	399605	914537	1655187	1296514	118509	712657	10688214	4403	21	5090084	3218893	328264	107358	1946348	1649	7364696	3327921
2021-03-20	10912941	220324	167065	53259	8444390	450911	2017619	7531782	3381180	0.091	0.041	5078536	4641917	537715	1633319	3379545	3337212	417708	917920	1698991	1304705	120007	715399	10908214	4727	21	5176097	3268293	339725	111186	2015939	1680	7531761	3381180
2021-03-21	11077488	164547	126362	38185	8546599	460103	2070765	7658144	3419365	0.092	0.041	5171749	4694283	554274	1635819	3440184	3384099	433219	919244	1731565	1310184	121055	716575	11072761	4727	21	5243391	3303208	345673	114430	2069059	1706	7658123	3419365
2021-03-22	11346702	269214	192826	76388	8713055	483889	2149737	7850970	3495753	0.094	0.042	5329624	4766248	576579	1645397	3534739	3445389	453483	925279	1794885	1320859	123096	720118	11340447	6255	21	5340915	3372140	362057	121832	2147977	1760	7850949	3495753
2021-03-23	11647331	300629	216887	83742	8894483	503521	2249306	8067857	3579495	0.097	0.043	5490190	4854892	604288	1656865	3629814	3521119	478432	932910	1860376	1333773	125856	723955	11636088	11243	21	5443571	3450912	376775	126746	2247490	1816	8067836	3579495
2021-03-24	11986272	338941	249340	89601	9094549	536546	2355156	8317197	3669096	0.100	0.044	5664852	4952071	635971	1672375	3732242	3605792	507202	944863	1932610	1346279	128769	727512	11969237	17035	21	5559418	3535131	404494	132052	2353264	1892	8317176	3669096
2021-03-25	12318812	332540	251403	81137	9279955	564209	2474627	8568600	3750233	0.103	0.045	5830941	5060081	670798	1683452	3832663	3703768	539527	951994	1998278	1356313	131271	731458	12295832	22980	21	5669368	3610587	426586	137623	2472625	2002	8568579	3750233
2021-03-26	12692468	373656	285265	88391	9479410	601371	2611666	8853865	3838624	0.106	0.046	6003833	5184282	710463	1698535	3933360	3816071	576057	962322	2070473	1368211	134406	736213	12663174	29294	21	5787227	3692183	457043	144328	2609574	2092	8853844	3838624
2021-03-27	12973740	281272	218944	62328	9629007	628999	2715712	9072810	3900952	0.109	0.047	6147056	5279869	744190	1703356	4023632	3903670	607441	965464	2123424	1376199	136749	737892	12942096	31644	22	5877662	3751345	481560	147439	2713566	2146	9072788	3900952
2021-03-28	13170143	196403	143156	53247	9744368	647507	2778246	9215966	3954199	0.111	0.048	6253046	5333384	768116	1706823	4085867	3950861	629648	967502	2167179	1382523	138468	739321	13138308	31835	22	5943101	3801267	496795	150712	2776048	2198	9215944	3954199
2021-03-29	13475620	305477	216926	88551	9933031	672406	2870161	9432892	4042750	0.113	0.049	6418833	5404751	806706	1716518	4180272	4010842	665103	973637	2238561	1393909	141603	742881	13437837	37783	22	6050076	3882955	514891	157515	2867903	2258	9432870	4042750
2021-03-30	13804604	328984	236456	92528	10151689	696798	2956095	9669348	4135278	0.116	0.050	6591913	5474211	853024	1727240	4280843	4069380	706095	981320	2311070	1404831	146929	745920	13754685	49919	22	6182692	3968997	532857	163941	2953777	2318	9669326	4135278
2021-03-31	14140784	336180	234701	101479	10399151	732844	3008767	9904049	4236757	0.119	0.051	6774517	5538855	899988	1738789	4384637	4121392	747318	988525	2389880	1417463	152670	750264	14074550	66234	22	6336675	4062476	560939	171905	3006413	2354	9904027	4236757
2021-04-01	14467162	326378	235854	90524	10637801	765280	3064059	10139903	4327281	0.122	0.052	6936269	5606629	944397	1747554	4476928	4175958	787230	994147	2459341	1430671	157167	753407	14380849	86313	22	6492740	4145061	585478	179802	3061663	2396	10139881	4327281
2021-04-02	14692843	225681	157723	67958	10817322	779666	3095833	10297626	4395239	0.124	0.053	7067172	5654574	981393	1749910	4552089	4213818	820223	995356	2515083	1440756	161170	754554	14605006	87837	22	6608671	4208651	595523	184143	3093410	2423	10297604	4395239
2021-04-03	14924625	231782	167473	64309	10991417	795470	3137716	10465099	4459548	0.126	0.054	7198861	5698683	1018737	1753036	4633025	4248782	853330	997097	2565836	1449901	165407	755939	14835389	89236	22	6723341	4268076	606481	188989	3135255	2461	10465077	4459548
2021-04-04	15117579	192954	142598	50356	11123628	805539	3188390	10607697	4509904	0.128	0.054	7309766	5731715	1048001	1754173	4704262	4274251	879171	997551	2605504	1457464	168830	756622	15028207	89372	22	6809130	4314498	612659	192880	3185886	2504	10607675	4509904
2021-04-05	15365363	247784	177615	70169	11288587	823401	3253353	10785312	4580073	0.130	0.055	7456036	5770066	1081529	1756372	4794323	4302940	907924	998846	2661713	1467126	173605	757526	15274681	90682	22	6908730	4379857	625742	197659	3250818	2535	10785290	4580073
2021-04-06	15739028	373665	279001	94664	11543476	855612	3339918	11064313	4674737	0.133	0.056	7644926	5826686	1124640	1761928	4910112	4346229	944820	1001588	2734814	1480457	179820	760340	15611719	127309	22	7077714	4465762	649262	206350	3337315	2603	11064291	4674737
2021-04-07	16406868	667840	571549	96291	12085568	892528	3428750	11635862	4771028	0.140	0.057	7644926	5826686	1124640	1761928	4910112	4346229	944820	1001588	2734814	1480457	179820	760340	15973895	432973	22	7532126	4553442	677649	214879	3426065	2685	11635840	4771028
2021-04-08	17105319	698451	610926	87525	12656778	928091	3520428	12246788	4858553	0.147	0.058	7644926	5826686	1124640	1761928	4910112	4346229	944820	1001588	2734814	1480457	179820	760340	16347468	757851	22	8024798	4631980	704305	223786	3517663	2765	12246766	4858553
2021-04-09	17736874	631555	542684	88871	13146767	964623	3625462	12789472	4947424	0.154	0.059	7644926	5826686	1124640	1761928	4910112	4346229	944820	1001588	2734814	1480457	179820	760340	16739520	997354	22	8437428	4709339	729407	235216	3622615	2847	12789450	4947424
2021-04-10	18109447	372573	307520	65053	13395238	987864	3726323	13096992	5012477	0.157	0.060	7644926	5826686	1124640	1761928	4910112	4346229	944820	1001588	2734814	1480457	179820	760340	17079047	1030400	22	8628588	4766650	744968	242896	3723414	2909	13096970	5012477
2021-04-11	18373354	263907	213588	50319	13565618	1006540	3801174	13310580	5062796	0.160	0.061	7644926	5826686	1124640	1761928	4910112	4346229	944820	1001588	2734814	1480457	179820	760340	17337875	1035479	22	8752671	4812947	759698	246842	3798189	2985	13310558	5062796
2021-04-12	18791823	418469	342096	76373	13844455	1035723	3911622	13652677	5139169	0.164	0.062	7644926	5826686	1124640	1761928	4910112	4346229	944820	1001588	2734814	1480457	179820	760340	17707837	1083986	23	8963660	4880795	780411	255312	3908583	3039	13652654	5139169
2021-04-13	19368576	576753	503114	73639	14276726	1062937	4028890	14155791	5212808	0.170	0.063	7644926	5826686	1124640	1761928	4910112	4346229	944820	1001588	2734814	1480457	179820	760340	18088460	1280116	23	9327924	4948802	802186	260751	4025658	3232	14155768	5212808
2021-04-14	20143428	774852	691701	83151	14893150	1096473	4153782	14847492	5295959	0.179	0.064	7644926	5826686	1124640	1761928	4910112	4346229	944820	1001588	2734814	1480457	179820	760340	18489515	1653913	23	9870257	5022893	827220	269253	4149992	3790	14847469	5295959
2021-04-15	20823396	679968	609927	70041	15426949	1132679	4263744	15457420	5366000	0.186	0.065	7644926	5826686	1124640	1761928	4910112	4346229	944820	1001588	2734814	1480457	179820	760340	18873854	1949542	24	10343569	5083380	854816	277863	4259011	4733	15457396	5366000
2021-04-16	21419710	596314	522269	74045	15864992	1165163	4389531	15979689	5440045	0.192	0.065	7644926	5826686	1124640	1761928	4910112	4346229	944820	1001588	2734814	1480457	179820	760340	19275329	2144381	24	10716693	5148299	878977	286186	4383995	5536	15979665	5440045
2021-04-17	21785697	365987	309374	56613	16089894	1187844	4507935	16289063	5496658	0.196	0.066	7644926	5826686	1124640	1761928	4910112	4346229	944820	1001588	2734814	1480457	179820	760340	19619512	2166185	24	10893602	5196292	894525	293319	4500912	7023	16289039	5496658
2021-04-18	22055093	269396	230398	38998	16261931	1203227	4589911	16519461	5535656	0.199	0.067	7644926	5826686	1124640	1761928	4910112	4346229	944820	1001588	2734814	1480457	179820	760340	19884297	2170796	24	11031700	5230231	906017	297210	4581720	8191	16519437	5535656
2021-04-19	22457313	402220	340859	61361	16555725	1236144	4665419	16860321	5597017	0.203	0.067	7644926	5826686	1124640	1761928	4910112	4346229	944820	1001588	2734814	1480457	179820	760340	20242186	2215127	25	11273369	5282356	931018	305126	4655909	9510	16860296	5597017
2021-04-20	23017962	560649	498004	62645	16937692	1275361	4804884	17358325	5659662	0.209	0.068	7644926	5826686	1124640	1761928	4910112	4346229	944820	1001588	2734814	1480457	179820	760340	20608384	2409578	25	11601362	5336330	963641	311720	4793297	11587	17358300	5659662
2021-04-21	23738617	720655	647649	73006	17391926	1317048	5029618	18005974	5732668	0.217	0.069	7644926	5826686	1124640	1761928	4910112	4346229	944820	1001588	2734814	1480457	179820	760340	20989891	2748726	25	11993090	5398836	997281	319767	5015578	14040	18005949	5732668
2021-04-22	24377028	638411	571295	67116	17773654	1360694	5242655	18577269	5799784	0.223	0.070	7644926	5826686	1124640	1761928	4910112	4346229	944820	1001588	2734814	1480457	179820	760340	21361043	3015985	25	12318959	5454695	1033297	327397	5224988	17667	18577244	5799784
2021-04-23	24932903	555875	487056	68819	18126839	1404231	5401808	19064325	5868603	0.229	0.071	7644926	5826686	1124640	1761928	4910112	4346229	944820	1001588	2734814	1480457	179820	760340	21748723	3184180	25	12617363	5509476	1066354	337877	5380583	21225	19064300	5868603
2021-04-24	25298281	365378	306415	58963	18361847	1453573	5482836	19370740	5927566	0.233	0.071	7644926	5826686	1124640	1761928	4910112	4346229	944820	1001588	2734814	1480457	179820	760340	22097190	3201091	25	12811147	5550700	1100321	353252	5459247	23589	19370715	5927566
2021-04-25	25581045	282764	233695	49069	18549650	1487253	5544117	19604435	5976635	0.236	0.072	7644926	5826686	1124640	1761928	4910112	4346229	944820	1001588	2734814	1480457	179820	760340	22374140	3206905	25	12961548	5588102	1124133	363120	5518729	25388	19604410	5976635
2021-04-26	26013773	432728	358765	73963	18867533	1529746	5616400	19963269	6050598	0.240	0.073	7644926	5826686	1124640	1761928	4910112	4346229	944820	1001588	2734814	1480457	179820	760340	22720276	3293497	94	13217924	5649609	1158236	371510	5587015	29385	19963175	6050598
2021-04-27	26798787	785014	693155	91859	19544103	1581281	5672848	20656885	6142457	0.248	0.074	7644926	5826686	1124640	1761928	4910112	4346229	944820	1001588	2734814	1480457	179820	760340	23090410	3708377	555	13816695	5727408	1200649	380632	5638986	33862	20656330	6142457
2021-04-28	27921246	1122459	995675	126784	20552341	1641844	5725789	21653277	6269241	0.260	0.075	7644926	5826686	1124640	1761928	4910112	4346229	944820	1001588	2734814	1480457	179820	760340	23483786	4437460	1272	14716365	5835976	1248832	393012	5686808	38981	21652005	6269241
2021-04-29	28866719	945473	812094	133379	21376660	1705464	5782442	22466252	6402620	0.270	0.077	7644926	5826686	1124640	1761928	4910112	4346229	944820	1001588	2734814	1480457	179820	760340	23871191	4995528	2153	15428450	5948210	1300072	405392	5735577	46865	22464099	6402620
2021-04-30	29669840	803121	666146	136975	22054977	1762742	5849135	23133231	6539595	0.278	0.079	7644926	5826686	1124640	1761928	4910112	4346229	944820	1001588	2734814	1480457	179820	760340	24274466	5395374	2986	15995261	6059716	1342109	420633	5792875	56260	23130245	6539595
2021-05-01	30005863	336023	259762	76261	22307819	1804255	5888229	23395567	6615856	0.281	0.080	7644926	5826686	1124640	1761928	4910112	4346229	944820	1001588	2734814	1480457	179820	760340	24585839	5420024	5560	16186852	6120967	1377215	427040	5825940	62289	23390007	6615856
2021-05-02	30270774	264911	197530	67381	22503400	1841794	5918213	23594904	6683237	0.284	0.080	7644926	5826686	1124640	1761928	4910112	4346229	944820	1001588	2734814	1480457	179820	760340	24843095	5427679	7367	16326694	6176706	1409502	432292	5851341	66872	23587537	6683237
2021-05-03	30722329	451555	335203	116352	22821297	1912399	5979678	23931695	6799589	0.288	0.082	7644926	5826686	1124640	1761928	4910112	4346229	944820	1001588	2734814	1480457	179820	760340	25200790	5521539	8955	16553634	6267663	1466911	445488	5902195	77483	23922740	6799589
2021-05-04	31564847	842518	680833	161685	23447586	1975544	6129811	24615479	6961274	0.296	0.084	7644926	5826686	1124640	1761928	4910112	4346229	944820	1001588	2734814	1480457	179820	760340	25576056	5988791	11906	17048135	6399451	1516818	458726	6038620	91191	24603573	6961274
2021-05-05	32711332	1146485	914655	231830	24298332	2054528	6342095	25534605	7193104	0.307	0.086	7644926	5826686	1124640	1761928	4910112	4346229	944820	1001588	2734814	1480457	179820	760340	25996577	6714755	16377	17713904	6584428	1570301	484227	6234023	108072	25518228	7193104
2021-05-06	33701202	989870	766952	222918	24990717	2146452	6543461	26305752	7416022	0.316	0.089	7644926	5826686	1124640	1761928	4910112	4346229	944820	1001588	2734814	1480457	179820	760340	26411336	7289866	20572	18229399	6761318	1639842	506610	6415939	127522	26285180	7416022
2021-05-07	34590852	889650	651851	237799	25577541	2233160	6755724	26961458	7653821	0.324	0.092	7644926	5826686	1124640	1761928	4910112	4346229	944820	1001588	2734814	1480457	179820	760340	26856970	7733882	24427	18642496	6935045	1695588	537572	6598947	156777	26937031	7653821
2021-05-08	35016576	425724	271676	154048	25845220	2304936	6840275	27234852	7807869	0.327	0.094	7644926	5826686	1124640	1761928	4910112	4346229	944820	1001588	2734814	1480457	179820	760340	27222203	7794373	26145	18797296	7047924	1747538	557398	6663873	176402	27208707	7807869
2021-05-09	35302700	286124	183572	102552	26039121	2361501	6874867	27419490	7910421	0.330	0.095	7644926	5826686	1124640	1761928	4910112	4346229	944820	1001588	2734814	1480457	179820	760340	27497292	7805408	27211	18911937	7127184	1793308	568193	6687034	187833	27392279	7910421
2021-05-10	35891850	589150	395688	193462	26412292	2443195	7005422	27818908	8103883	0.334	0.097	7644926	5826686	1124640	1761928	4910112	4346229	944820	1001588	2734814	1480457	179820	760340	27897544	7994306	30941	19143389	7268903	1852844	590351	6791734	213688	27787967	8103883
2021-05-11	36977468	1085618	797835	287783	27238157	2523085	7181651	28620377	8391666	0.344	0.101	7644926	5826686	1124640	1761928	4910112	4346229	944820	1001588	2734814	1480457	179820	760340	28329467	8648001	34575	19736395	7501762	1910578	612507	6938829	242822	28585802	8391666
2021-05-12	38392851	1415383	1048999	366384	28331257	2614732	7406701	29674962	8758050	0.357	0.105	7644926	5826686	1124640	1761928	4910112	4346229	944820	1001588	2734814	1480457	179820	760340	28788867	9603984	40161	20533163	7798094	1971714	643018	7129924	276777	29634801	8758050
2021-05-13	38822110	429259	268433	160826	28646670	2681502	7451129	29946043	8918876	0.360	0.107	7644926	5826686	1124640	1761928	4910112	4346229	944820	1001588	2734814	1480457	179820	760340	29144647	9677463	42809	20720821	7925849	2023275	658227	7159138	291991	29903234	8918876
2021-05-14	39578354	756244	525846	230398	29191825	2746382	7589542	30479685	9149274	0.366	0.110	7644926	5826686	1124640	1761928	4910112	4346229	944820	1001588	2734814	1480457	179820	760340	29549554	10028800	50605	21085470	8106355	2072990	673392	7270620	318922	30429080	9149274
2021-05-15	39978347	399993	234471	165522	29470862	2806682	7645915	30718439	9314796	0.369	0.112	7644926	5826686	1124640	1761928	4910112	4346229	944820	1001588	2734814	1480457	179820	760340	29901881	10076466	54888	21242159	8228703	2116938	689744	7304454	341461	30663551	9314796
2021-05-16	40260884	282537	160560	121977	29671061	2859423	7670786	30883725	9436773	0.371	0.113	7644926	5826686	1124640	1761928	4910112	4346229	944820	1001588	2734814	1480457	179820	760340	30168413	10092471	59614	21348613	8322448	2159793	699630	7315705	355081	30824111	9436773
2021-05-17	40816060	555176	349192	205984	30009396	2945091	7792200	31242676	9642757	0.376	0.116	7644926	5826686	1124640	1761928	4910112	4346229	944820	1001588	2734814	1480457	179820	760340	30554271	10261789	69373	21541499	8467897	2221042	724049	7410762	381438	31173303	9642757
2021-05-18	41687712	871652	517181	354471	30598828	3046178	7965561	31767629	9997228	0.382	0.120	7644926	5826686	1124640	1761928	4910112	4346229	944820	1001588	2734814	1480457	179820	760340	30970919	10716793	77145	21840862	8757966	2293549	752629	7556073	409488	31690484	9997228
2021-05-19	42785097	1097385	563426	533959	31402838	3146257	8146742	32343170	10531187	0.389	0.127	7644926	5826686	1124640	1761928	4910112	4346229	944820	1001588	2734814	1480457	179820	760340	31388526	11396571	89260	22184836	9218002	2359790	786467	7709284	437458	32253910	10531187
2021-05-20	43731890	946793	455387	491406	32085869	3242719	8303199	32809400	11022593	0.395	0.133	7644926	5826686	1124640	1761928	4910112	4346229	944820	1001588	2734814	1480457	179820	760340	31804376	11927514	100103	22445721	9640148	2425297	817422	7838279	464920	32709297	11022593
2021-05-21	44582257	850367	405665	444702	32681730	3328335	8460272	33226882	11467295	0.400	0.138	7644926	5826686	1124640	1761928	4910112	4346229	944820	1001588	2734814	1480457	179820	760340	32232023	12350234	111920	22668188	10013542	2481666	846669	7965108	495164	33114962	11467295
2021-05-22	45055912	473655	214656	258999	32987803	3397835	8544075	33455817	11726294	0.402	0.141	7644926	5826686	1124640	1761928	4910112	4346229	944820	1001588	2734814	1480457	179820	760340	32576748	12479164	126199	22766525	10221278	2529968	867867	8033125	510950	33329618	11726294
2021-05-23	45340990	285078	124701	160377	33180738	3457228	8567964	33589379	11886671	0.404	0.143	7644926	5826686	1124640	1761928	4910112	4346229	944820	1001588	2734814	1480457	179820	760340	32843705	12497285	135060	22832147	10348591	2574267	882961	8047905	520059	33454319	11886671
2021-05-24	45666937	325947	141106	184841	33416442	3518774	8588618	33738528	12071512	0.406	0.145	7644926	5826686	1124640	1761928	4910112	4346229	944820	1001588	2734814	1480457	179820	760340	33154127	12512810	143103	22914740	10501702	2620820	897954	8059865	528753	33595425	12071512
2021-05-25	46322035	655098	271920	383178	33862902	3598442	8692481	34035555	12454690	0.409	0.150	7644926	5826686	1124640	1761928	4910112	4346229	944820	1001588	2734814	1480457	179820	760340	33550282	12771753	168210	23056419	10806483	2672261	926181	8138665	553816	33867345	12454690
2021-05-26	47501163	1179128	469235	709893	34747642	3680830	8826273	34582998	13164583	0.416	0.158	7644926	5826686	1124640	1761928	4910112	4346229	944820	1001588	2734814	1480457	179820	760340	33965995	13535168	246418	23371152	11376490	2724837	955993	8240591	585682	34336580	13164583
2021-05-27	48541579	1040416	403913	636503	35486609	3769685	8957751	35068027	13801086	0.422	0.166	7644926	5826686	1124640	1761928	4910112	4346229	944820	1001588	2734814	1480457	179820	760340	34384574	14157005	327534	23628945	11857664	2776416	993269	8335132	622619	34740493	13801086
2021-05-28	49444172	902593	355947	546646	36089314	3855725	9087869	35507704	14347732	0.427	0.173	7644926	5826686	1124640	1761928	4910112	4346229	944820	1001588	2734814	1480457	179820	760340	34819206	14624966	411264	23845588	12243726	2826948	1028777	8423904	663965	35096440	14347732
2021-05-29	49853916	409744	151535	258209	36350862	3918266	9145737	35687026	14605941	0.429	0.176	7644926	5826686	1124640	1761928	4910112	4346229	944820	1001588	2734814	1480457	179820	760340	35154541	14699375	439051	23925367	12425495	2863788	1054478	8458820	686917	35247975	14605941
2021-05-30	50137233	283317	97647	185670	36547894	3965269	9173992	35795700	14791611	0.430	0.178	7644926	5826686	1124640	1761928	4910112	4346229	944820	1001588	2734814	1480457	179820	760340	35416040	14721193	450078	23984552	12563342	2891121	1074148	8469949	704043	35345622	14791611
2021-05-31	50683326	546093	178087	368006	36914842	4032492	9243443	36016258	15159617	0.433	0.182	7644926	5826686	1124640	1761928	4910112	4346229	944820	1001588	2734814	1480457	179820	760340	35804364	14878962	492549	24096157	12818685	2918774	1113718	8508778	734665	35523709	15159617
2021-06-01	51670035	986709	399294	587415	37647621	4111685	9333686	36500046	15747032	0.439	0.189	7644926	5826686	1124640	1761928	4910112	4346229	944820	1001588	2734814	1480457	179820	760340	36200600	15469435	577043	24411993	13235628	2948209	1163476	8562801	770885	35923003	15747032
2021-06-02	52915852	1245817	516187	729630	38635524	4183860	9415752	37119906	16476662	0.446	0.198	7644926	5826686	1124640	1761928	4910112	4346229	944820	1001588	2734814	1480457	179820	760340	36606139	16309713	680716	24860985	13774539	2972527	1211333	8605678	810074	36439190	16476662
2021-06-03	53557883	642031	230055	411976	39110152	4247963	9465846	37403167	16888638	0.450	0.203	7644926	5826686	1124640	1761928	4910112	4346229	944820	1001588	2734814	1480457	179820	760340	36968757	16589126	733922	25040628	14069524	3002137	1245826	8626480	839366	36669245	16888638
2021-06-04	54367659	809776	290501	519275	39694800	4319090	9542632	37770883	17407913	0.454	0.209	7644926	5826686	1124640	1761928	4910112	4346229	944820	1001588	2734814	1480457	179820	760340	37376045	16991614	811137	25268179	14426621	3030694	1288396	8660873	881759	36959746	17407913
2021-06-05	54779768	412109	96000	316109	39965785	4385483	9586751	37897495	17724022	0.456	0.213	7644926	5826686	1124640	1761928	4910112	4346229	944820	1001588	2734814	1480457	179820	760340	37724610	17055158	841749	25327167	14638618	3056862	1328621	8671717	915034	37055746	17724022
2021-06-06	55071867	292099	59251	232848	40171437	4426459	9613981	37974987	17956870	0.457	0.216	7644926	5826686	1124640	1761928	4910112	4346229	944820	1001588	2734814	1480457	179820	760340	37987000	17084867	859990	25370973	14800464	3068793	1357666	8675231	938750	37114997	17956870
2021-06-07	55683894	612027	191485	420542	40571867	4511202	9686409	38220898	18377412	0.460	0.221	7644926	5826686	1124640	1761928	4910112	4346229	944820	1001588	2734814	1480457	179820	760340	38359743	17323248	914416	25504203	15067664	3095982	1415220	8706297	980112	37306482	18377412
2021-06-08	56729542	1045648	334498	711150	41411525	4586181	9749184	38623632	19088562	0.464	0.230	7644926	5826686	1124640	1761928	4910112	4346229	944820	1001588	2734814	1480457	179820	760340	38757570	17968865	982652	25780550	15630975	3121931	1464250	8738499	1010685	37640980	19088562
2021-06-09	58142095	1412553	438735	973818	42577755	4672948	9813031	39158076	20062380	0.471	0.241	7644926	5826686	1124640	1761928	4910112	4346229	944820	1001588	2734814	1480457	179820	760340	39179394	18956810	1078361	26158958	16418797	3149926	1523022	8770831	1042200	38079715	20062380
2021-06-10	59321843	1179748	393746	786002	43523985	4762377	9868682	39640260	20848382	0.477	0.251	7644926	5826686	1124640	1761928	4910112	4346229	944820	1001588	2734814	1480457	179820	760340	39607601	19705530	1166799	26494298	17029687	3181558	1580819	8797605	1071077	38473461	20848382
2021-06-11	60372869	1051026	353589	697437	44321207	4851079	9937061	40090572	21545819	0.482	0.259	7644926	5826686	1124640	1761928	4910112	4346229	944820	1001588	2734814	1480457	179820	760340	40042851	20318630	1263522	26791049	17530158	3209376	1641703	8826625	1110436	38827050	21545819
2021-06-12	60805178	432309	121074	311235	44603413	4922719	9980295	40246875	21857054	0.484	0.263	7644926	5826686	1124640	1761928	4910112	4346229	944820	1001588	2734814	1480457	179820	760340	40372063	20420893	1298751	26880537	17722876	3227965	1694754	8839622	1140673	38948124	21857054
2021-06-13	61087564	282386	64319	218067	44782790	4986140	10006094	40324983	22075121	0.485	0.265	7644926	5826686	1124640	1761928	4910112	4346229	944820	1001588	2734814	1480457	179820	760340	40618789	20456247	1312540	26924425	17858365	3243781	1742359	8844237	1161857	39012443	22075121
2021-06-14	61735259	647695	207367	440328	45206924	5087180	10073398	40587567	22515449	0.488	0.271	7644926	5826686	1124640	1761928	4910112	4346229	944820	1001588	2734814	1480457	179820	760340	41023973	20696780	1367757	27090885	18116039	3267174	1820006	8861751	1211647	39219810	22515449
2021-06-15	62770714	1035455	336625	698830	45994635	5191489	10157796	40983229	23214279	0.493	0.279	7644926	5826686	1124640	1761928	4910112	4346229	944820	1001588	2734814	1480457	179820	760340	41469249	21283470	1426794	27379669	18614966	3295466	1896023	8881300	1276496	39556435	23214279
2021-06-16	64138889	1368175	453769	914406	47084662	5297148	10254058	41513225	24128685	0.499	0.290	7644926	5826686	1124640	1761928	4910112	4346229	944820	1001588	2734814	1480457	179820	760340	41934851	22182018	1503021	27776095	19308567	3327385	1969763	8906724	1347334	40010204	24128685
2021-06-17	65271995	1133106	386133	746973	47955031	5399697	10345997	41967607	24875658	0.505	0.299	7644926	5826686	1124640	1761928	4910112	4346229	944820	1001588	2734814	1480457	179820	760340	42394387	22852215	1571270	28110956	19844075	3356446	2043251	8928935	1417062	40396337	24875658
2021-06-18	66251437	979442	333827	645615	48676131	5493337	10441920	42370213	25521273	0.509	0.307	7644926	5826686	1124640	1761928	4910112	4346229	944820	1001588	2734814	1480457	179820	760340	42840842	23382503	1640049	28391939	20284192	3387346	2105991	8950879	1491041	40730164	25521273
2021-06-19	66676011	424574	117246	307328	48946967	5575135	10492725	42508594	25828601	0.511	0.311	7644926	5826686	1124640	1761928	4910112	4346229	944820	1001588	2734814	1480457	179820	760340	43179675	23466988	1661184	28482022	20464945	3408019	2167116	8957369	1535356	40847410	25828601
2021-06-20	66969619	293608	67004	226604	49124767	5646322	10524536	42588408	26055205	0.512	0.313	7644926	5826686	1124640	1761928	4910112	4346229	944820	1001588	2734814	1480457	179820	760340	43443378	23496614	1673994	28530512	20594255	3423932	2222390	8959970	1564566	40914414	26055205
2021-06-21	67592284	622665	202672	419993	49528974	5743302	10609754	42827340	26475198	0.515	0.318	7644926	5826686	1124640	1761928	4910112	4346229	944820	1001588	2734814	1480457	179820	760340	43834493	23726147	1710254	28694618	20834356	3448582	2294720	8973886	1635868	41117086	26475198
2021-06-22	68656135	1063851	363889	699962	50361204	5838776	10712003	43225127	27175160	0.520	0.327	7644926	5826686	1124640	1761928	4910112	4346229	944820	1001588	2734814	1480457	179820	760340	44265640	24354112	1744152	29012112	21349092	3478828	2359948	8990035	1721968	41480975	27175160
2021-06-23	69976696	1320561	475871	844690	51437184	5934121	10827206	43735031	28019850	0.526	0.337	7644926	5826686	1124640	1761928	4910112	4346229	944820	1001588	2734814	1480457	179820	760340	44697264	25237778	1778185	29438041	21999143	3508345	2425776	9010460	1816746	41956846	28019850
2021-06-24	70996577	1019881	475719	544162	52220562	6020785	10937605	44250190	28564012	0.532	0.343	7644926	5826686	1124640	1761928	4910112	4346229	944820	1001588	2734814	1480457	179820	760340	45119696	25830883	1817625	29857578	22362984	3543354	2477431	9031633	1905972	42432565	28564012
2021-06-25	71902853	906276	368331	537945	52901876	6096840	11046993	44658040	29101957	0.537	0.350	7644926	5826686	1124640	1761928	4910112	4346229	944820	1001588	2734814	1480457	179820	760340	45539227	26314646	1857144	30179714	22722162	3569798	2527042	9051384	1995609	42800896	29101957
2021-06-26	72306950	404097	132474	271623	53152500	6165565	11118740	44803515	29373580	0.539	0.353	7644926	5826686	1124640	1761928	4910112	4346229	944820	1001588	2734814	1480457	179820	760340	45878973	26378225	1870145	30280742	22871758	3595066	2570499	9057562	2061178	42933370	29373580
2021-06-27	72597307	290357	88751	201606	53324317	6223463	11175261	44896387	29575186	0.540	0.356	7644926	5826686	1124640	1761928	4910112	4346229	944820	1001588	2734814	1480457	179820	760340	46143257	26403445	1874266	30347016	22977301	3614160	2609303	9060945	2114316	43022121	29575186
2021-06-28	73218250	620943	237616	383327	53717964	6313084	11288768	45158171	29958513	0.543	0.360	7644926	5826686	1124640	1761928	4910112	4346229	944820	1001588	2734814	1480457	179820	760340	46547706	26617843	1898434	30538762	23179202	3646325	2666759	9074650	2214118	43259737	29958513
2021-06-29	74140270	922020	381227	540793	54393288	6405480	11421069	45561397	30499306	0.548	0.367	7644926	5826686	1124640	1761928	4910112	4346229	944820	1001588	2734814	1480457	179820	760340	46969084	27113831	1920433	30875472	23517816	3679160	2726320	9086332	2334737	43640964	30499306
2021-06-30	75148807	1008537	440765	567772	55150194	6498985	11556949	46024408	31067078	0.553	0.374	7644926	5826686	1124640	1761928	4910112	4346229	944820	1001588	2734814	1480457	179820	760340	47388261	27697962	1942679	31267118	23883076	3713830	2785155	9100781	2456168	44081729	31067078
2021-07-01	76120196	971389	444556	526833	55883784	6581915	11689576	46491206	31593911	0.559	0.380	7644926	5826686	1124640	1761928	4910112	4346229	944820	1001588	2734814	1480457	179820	760340	47785081	28268207	1964921	31667787	24215997	3744215	2837700	9114283	2575293	44526285	31593911
2021-07-02	76954560	834364	372191	462173	56523942	6676173	11768311	46884610	32056084	0.564	0.385	7644926	5826686	1124640	1761928	4910112	4346229	944820	1001588	2734814	1480457	179820	760340	48174308	28709971	1986134	31999131	24524811	3775880	2900293	9123465	2644846	44898476	32056084
2021-07-03	77328796	374236	146893	227343	56776924	6755387	11795383	47046471	32283427	0.566	0.388	7644926	5826686	1124640	1761928	4910112	4346229	944820	1001588	2734814	1480457	179820	760340	48481547	28776252	2001102	32118707	24658217	3800414	2954973	9126248	2669135	45045369	32283427
2021-07-04	77601223	272427	92540	179887	56958135	6823500	11809908	47147589	32463314	0.567	0.390	7644926	5826686	1124640	1761928	4910112	4346229	944820	1001588	2734814	1480457	179820	760340	48726455	28803194	2009680	32191385	24766750	3818830	3004670	9127694	2682214	45137909	32463314
2021-07-05	78131688	530465	192956	337509	57340329	6917583	11849328	47355313	32800823	0.569	0.394	7644926	5826686	1124640	1761928	4910112	4346229	944820	1001588	2734814	1480457	179820	760340	49064865	28993153	2024448	32354105	24986224	3844737	3072846	9132023	2717305	45330865	32800823
2021-07-06	78899904	768216	266240	501976	57949463	7016121	11894419	47637006	33302799	0.573	0.400	7644926	5826686	1124640	1761928	4910112	4346229	944820	1001588	2734814	1480457	179820	760340	49399409	29423099	2039901	32590693	25358770	3869857	3146264	9136555	2757864	45597105	33302799
2021-07-07	79881607	981703	318190	663513	58766571	7110958	11945613	47973760	33966312	0.577	0.408	7644926	5826686	1124640	1761928	4910112	4346229	944820	1001588	2734814	1480457	179820	760340	49742883	30056482	2058465	32879040	25887531	3894311	3216647	9141944	2803669	45915295	33966312
2021-07-08	80714926	833319	257991	575328	59438792	7211304	11988062	48250054	34541640	0.580	0.415	7644926	5826686	1124640	1761928	4910112	4346229	944820	1001588	2734814	1480457	179820	760340	50077000	30551427	2076768	33110411	26328381	3916681	3294623	9146194	2841868	46173286	34541640
2021-07-09	81458000	743074	214981	528093	60021020	7309126	12030834	48485287	35069733	0.583	0.422	7644926	5826686	1124640	1761928	4910112	4346229	944820	1001588	2734814	1480457	179820	760340	50411034	30956968	2097020	33303273	26717747	3934466	3374660	9150528	2880306	46388267	35069733
2021-07-10	81796405	338405	93837	244568	60245236	7392971	12051623	48588679	35314301	0.584	0.425	7644926	5826686	1124640	1761928	4910112	4346229	944820	1001588	2734814	1480457	179820	760340	50680530	31025280	2106575	33377592	26867644	3952560	3440411	9151952	2899671	46482104	35314301
2021-07-11	82021737	225332	59828	165504	60389669	7455886	12061840	48656274	35479805	0.585	0.427	7644926	5826686	1124640	1761928	4910112	4346229	944820	1001588	2734814	1480457	179820	760340	50886568	31044204	2114342	33422244	26967425	3967271	3488615	9152417	2909423	46541932	35479805
2021-07-12	82476289	454552	146944	307608	60729278	7533513	12085683	48816691	35787413	0.587	0.430	7644926	5826686	1124640	1761928	4910112	4346229	944820	1001588	2734814	1480457	179820	760340	51142667	31240232	2127815	33538561	27190717	3996059	3537454	9154256	2931427	46688876	35787413
2021-07-13	83212320	736031	172963	563068	61338428	7608142	12120000	49007589	36350481	0.589	0.437	7644926	5826686	1124640	1761928	4910112	4346229	944820	1001588	2734814	1480457	179820	760340	51375439	31739362	2145750	33684288	27654140	4021098	3587044	9156453	2963547	46861839	36350481
