date	dosen_kumulativ	dosen_differenz_zum_vortag	dosen_erst_differenz_zum_vortag	dosen_zweit_differenz_zum_vortag	dosen_biontech_kumulativ	dosen_moderna_kumulativ	dosen_astrazeneca_kumulativ	personen_erst_kumulativ	personen_voll_kumulativ	impf_quote_erst	impf_quote_voll	indikation_alter_dosen	indikation_beruf_dosen	indikation_medizinisch_dosen	indikation_pflegeheim_dosen	indikation_alter_erst	indikation_beruf_erst	indikation_medizinisch_erst	indikation_pflegeheim_erst	indikation_alter_voll	indikation_beruf_voll	indikation_medizinisch_voll	indikation_pflegeheim_voll	dosen_dim_kumulativ	dosen_kbv_kumulativ	dosen_johnson_kumulativ	dosen_biontech_erst_kumulativ	dosen_biontech_zweit_kumulativ	dosen_moderna_erst_kumulativ	dosen_moderna_zweit_kumulativ	dosen_astrazeneca_erst_kumulativ	dosen_astrazeneca_zweit_kumulativ
2020-12-27	24471	24471	24460	11	24471	0	0	24460	11	0.000	0.000	10705	8657	1305	12604	10664	8590	1305	12536	41	67	0	68	24471	0	0	24460	11	0	0	0	0
2020-12-28	42812	18341	18341	0	42812	0	0	42801	11	0.001	0.000	18621	15788	1991	21344	18580	15721	1991	21276	41	67	0	68	42812	0	0	42801	11	0	0	0	0
2020-12-29	92280	49468	48879	589	92280	0	0	91680	600	0.001	0.000	34989	40734	3107	40508	34724	40420	3107	40099	265	314	0	409	92280	0	0	91680	600	0	0	0	0
2020-12-30	154738	62458	62454	4	154738	0	0	154134	604	0.002	0.000	55510	73365	4901	63206	55243	73050	4901	62794	267	315	0	412	154738	0	0	154134	604	0	0	0	0
2020-12-31	204783	50045	49905	140	204783	0	0	204039	744	0.002	0.000	72831	96719	6752	83965	72517	96367	6752	83476	314	352	0	489	204783	0	0	204039	744	0	0	0	0
2021-01-01	224056	19273	19273	0	224055	0	1	223312	744	0.003	0.000	81208	105449	7830	92301	80894	105097	7830	91812	314	352	0	489	224056	0	0	223311	744	0	0	1	0
2021-01-02	277154	53098	52822	276	277153	0	1	276134	1020	0.003	0.000	102774	129731	10350	113258	102365	129304	10350	112629	409	427	0	629	277154	0	0	276133	1020	0	0	1	0
2021-01-03	301363	24209	24208	1	301362	0	1	300342	1021	0.004	0.000	113044	140227	11284	123279	112635	139800	11284	122650	409	427	0	629	301363	0	0	300341	1021	0	0	1	0
2021-01-04	349753	48390	48390	0	349752	0	1	348732	1021	0.004	0.000	129646	164913	13951	139091	129237	164486	13951	138462	409	427	0	629	349753	0	0	348731	1021	0	0	1	0
2021-01-05	403814	54061	54036	25	403812	1	1	402768	1046	0.005	0.000	147987	192565	16489	157656	147576	192117	16489	157025	411	448	0	631	403814	0	0	402766	1046	1	0	1	0
2021-01-06	466672	62858	62857	1	466662	7	3	465625	1047	0.006	0.000	169498	225530	19910	180812	169086	225082	19910	180181	412	448	0	631	466672	0	0	465615	1047	7	0	3	0
2021-01-07	522533	55861	55857	4	522519	11	3	521482	1051	0.006	0.000	189172	254868	22957	197233	188758	254418	22957	196600	414	450	0	633	522533	0	0	521468	1051	11	0	3	0
2021-01-08	586020	63487	63169	318	585958	59	3	584651	1369	0.007	0.000	211521	287315	26324	218219	211009	286711	26320	217449	512	604	4	770	586020	0	0	584589	1369	59	0	3	0
2021-01-09	647386	61366	61320	46	647324	59	3	645971	1415	0.008	0.000	237322	313238	29007	243325	236798	312599	29003	242545	524	639	4	780	647386	0	0	645909	1415	59	0	3	0
2021-01-10	682657	35271	35263	8	682595	59	3	681234	1423	0.008	0.000	252455	327794	30379	256315	251929	327151	30375	255535	526	643	4	780	682657	0	0	681172	1423	59	0	3	0
2021-01-11	750101	67444	67396	48	750038	60	3	748630	1471	0.009	0.000	277513	359176	33587	276774	276967	358513	33583	275968	546	663	4	806	750101	0	0	748567	1471	60	0	3	0
2021-01-12	832886	82785	82735	50	832816	65	5	831365	1521	0.010	0.000	305695	401338	36582	301731	305147	400670	36578	300888	548	668	4	843	832886	0	0	831295	1521	65	0	5	0
2021-01-13	944462	111576	111380	196	943595	862	5	942745	1717	0.011	0.000	345167	458844	40485	337339	344574	458093	40466	336399	593	751	19	940	944462	0	0	941878	1717	862	0	5	0
2021-01-14	1027174	82712	82525	187	1021679	5490	5	1025270	1904	0.012	0.000	374803	501101	42769	361463	374094	500254	42750	360452	709	847	19	1011	1027174	0	0	1019819	1860	5446	44	5	0
2021-01-15	1118583	91409	90806	603	1107631	10928	24	1116076	2507	0.013	0.000	408725	545673	46728	389202	407810	544625	46700	387982	915	1048	28	1220	1118583	0	0	1105168	2463	10884	44	24	0
2021-01-16	1176041	57458	56559	899	1163317	12700	24	1172635	3406	0.014	0.000	432983	570627	48859	408798	431664	569232	48767	407047	1319	1395	92	1751	1176041	0	0	1159955	3362	12656	44	24	0
2021-01-17	1224501	48460	31332	17128	1210471	14005	25	1203967	20534	0.014	0.000	453449	591002	50884	428544	444215	583354	50014	417145	9234	7648	870	11399	1224501	0	0	1189981	20490	13961	44	25	0
2021-01-18	1306767	82266	66537	15729	1288702	18039	26	1270504	36263	0.015	0.000	482728	633883	53106	448900	467235	619730	51700	430238	15493	14153	1406	18662	1306767	0	0	1252483	36219	17995	44	26	0
2021-01-19	1421954	115187	81774	33413	1400371	21507	76	1352278	69676	0.016	0.001	519765	695968	56714	479843	492669	666683	54375	447938	27096	29285	2339	31905	1421954	0	0	1330739	69632	21463	44	76	0
2021-01-20	1554062	132108	80572	51536	1529725	24257	80	1432850	121212	0.017	0.001	568076	760039	60957	522078	522876	706310	57505	469463	45200	53729	3452	52615	1554062	0	0	1408557	121168	24213	44	80	0
2021-01-21	1659010	104948	64216	40732	1631961	26969	80	1497066	161944	0.018	0.002	610150	808503	65406	556195	549621	735602	60889	487988	60529	72901	4517	68207	1659010	0	0	1470061	161900	26925	44	80	0
2021-01-22	1761294	102284	67582	34702	1732190	29012	92	1564648	196646	0.019	0.002	654049	853889	69013	590642	579902	764987	63599	506975	74147	88902	5414	83667	1761294	0	0	1535590	196600	28966	46	92	0
2021-01-23	1846845	85551	40615	44936	1817357	29395	93	1605263	241582	0.019	0.003	691767	890989	72414	617916	599855	780966	64783	516268	91912	110023	7631	101648	1846845	0	0	1575821	241536	29349	46	93	0
2021-01-24	1896876	50031	25645	24386	1867140	29639	97	1630908	265968	0.020	0.003	715655	910067	73331	632982	614016	789814	65130	521524	101639	120253	8201	111458	1896876	0	0	1601218	265922	29593	46	97	0
2021-01-25	1991004	94128	56058	38070	1959544	31361	99	1686966	304038	0.020	0.004	756375	951632	76827	658117	642321	811974	66847	534304	114054	139658	9980	123813	1991004	0	0	1655552	303992	31315	46	99	0
2021-01-26	2090081	99077	50429	48648	2056963	33013	105	1737395	352686	0.021	0.004	796572	997196	80614	684405	667753	831436	68195	545278	128819	165760	12419	139127	2090081	0	0	1704327	352636	32963	50	105	0
2021-01-27	2201151	111070	51385	59685	2166068	34970	113	1788780	412371	0.022	0.005	839834	1049509	85786	715259	691463	852265	70042	556304	148371	197244	15744	158955	2201151	0	0	1753757	412311	34910	60	113	0
2021-01-28	2292618	91467	45132	46335	2255899	36605	114	1833912	458706	0.022	0.006	877990	1090332	89974	739697	713483	869115	71590	567469	164507	221217	18384	172228	2292618	0	0	1797270	458629	36528	77	114	0
2021-01-29	2400964	108346	51010	57336	2362775	38010	179	1884922	516042	0.023	0.006	920894	1138243	95507	769100	735839	888487	73819	578309	185055	249756	21688	190791	2400964	0	0	1846810	515965	37933	77	179	0
2021-01-30	2488692	87728	35444	52284	2449628	38884	180	1920366	568326	0.023	0.007	957412	1174692	99468	796433	752473	901967	75224	586328	204939	272725	24244	210105	2488692	0	0	1881380	568248	38806	78	180	0
2021-01-31	2546811	58119	26693	31426	2507371	39260	180	1947059	599752	0.023	0.007	982865	1196922	101575	812430	766590	910861	76411	592657	216275	286061	25164	219773	2546811	0	0	1907705	599666	39174	86	180	0
2021-02-01	2668654	121843	60051	61792	2626947	41470	237	2007110	661544	0.024	0.008	1026174	1260299	105285	839830	787193	944041	78273	602425	238981	316258	27012	237405	2668654	0	0	1965489	661458	41384	86	237	0
2021-02-02	2799592	130938	63921	67017	2755002	44338	252	2071031	728561	0.025	0.009	1069633	1330364	110479	870030	806216	982089	80866	611659	263417	348275	29613	258371	2799592	0	0	2026528	728474	44251	87	252	0
2021-02-03	2959286	159694	64581	95113	2908287	50727	272	2135612	823674	0.026	0.010	1128983	1407775	116405	912544	829819	1014401	83062	623312	299164	393374	33343	289232	2959286	0	0	2084702	823585	50638	89	272	0
2021-02-04	3091374	132088	61578	70510	3034495	56601	278	2197190	894184	0.026	0.011	1177986	1472437	120972	943857	851937	1046473	85311	632945	326049	425964	35661	310912	3091374	0	0	2140402	894093	56510	91	278	0
2021-02-05	3236476	145102	67613	77489	3173192	62999	285	2264803	971673	0.027	0.012	1232524	1542580	126293	977786	877231	1080338	86905	644262	355293	462242	39388	333524	3236476	0	0	2201610	971582	62908	91	285	0
2021-02-06	3336537	100061	47067	52994	3270786	65465	286	2311870	1024667	0.028	0.012	1272514	1588658	130853	1003590	896490	1101898	88782	653957	376024	486760	42071	349633	3336537	0	0	2246210	1024576	65374	91	286	0
2021-02-07	3390793	54256	28185	26071	3322691	67814	288	2340055	1050738	0.028	0.013	1298155	1609930	133571	1016823	910800	1112720	90015	659435	387355	497210	43556	357388	3390793	0	0	2272045	1050646	67722	92	288	0
2021-02-08	3500932	110139	53440	56699	3428947	71673	312	2393495	1107437	0.029	0.013	1350672	1655734	137545	1035599	942269	1129343	91902	666781	408403	526391	45643	368818	3500932	0	0	2321603	1107344	71580	93	312	0
2021-02-09	3634361	133429	59235	74194	3558383	75556	422	2452730	1181631	0.029	0.014	1411842	1714380	141993	1058512	978151	1147503	94639	674792	433691	566877	47354	383720	3634361	0	0	2377333	1181050	74975	581	422	0
2021-02-10	3784154	149793	74320	75473	3697272	79421	7461	2527050	1257104	0.030	0.015	1478760	1781046	146001	1087933	1017461	1175177	96286	685176	461299	605869	49715	402757	3784154	0	0	2441678	1255594	77911	1510	7461	0
2021-02-11	3926956	142802	74525	68277	3817330	86713	22913	2601575	1325381	0.031	0.016	1539776	1848576	151475	1113070	1052428	1208053	98713	694775	487348	640523	52762	418295	3926956	0	0	2496325	1321005	82355	4358	22895	18
2021-02-12	4082681	155725	80759	74966	3948930	96586	37165	2682334	1400347	0.032	0.017	1611268	1919253	157751	1138545	1094198	1240389	101429	704318	517070	678864	56322	434227	4082681	0	0	2558087	1390843	87104	9482	37143	22
2021-02-13	4190972	108291	62174	46117	4041334	99634	50004	2744508	1446464	0.033	0.017	1667599	1960972	162355	1156080	1129093	1262877	103231	711418	538506	698095	59124	444662	4190972	0	0	2605981	1435353	88613	11021	49914	90
2021-02-14	4255979	65007	39942	25065	4096589	102036	57354	2784450	1471529	0.033	0.018	1706122	1983696	163973	1164146	1153761	1276081	104081	714928	552361	707615	59892	449218	4255979	0	0	2637369	1459220	89817	12219	57264	90
2021-02-15	4382939	126960	71149	55811	4204004	106849	72086	2855599	1527340	0.034	0.018	1773591	2031897	168008	1183418	1194859	1300739	106358	721524	578732	731158	61650	461894	4382939	0	0	2691767	1512237	91866	14983	71966	120
2021-02-16	4518297	135358	81614	53744	4310167	112521	95609	2937213	1581084	0.035	0.019	1839625	2089928	170683	1200400	1236633	1336138	107879	728440	602992	753790	62804	471960	4518297	0	0	2747299	1562868	94433	18088	95481	128
2021-02-17	4668397	150100	94375	55725	4432585	120472	115340	3031588	1636809	0.036	0.020	1920033	2147919	175770	1221928	1292995	1368705	110873	736858	627038	779214	64897	485070	4668397	0	0	2817031	1615554	99350	21122	115207	133
2021-02-18	4811701	143304	92142	51162	4543485	128408	139808	3123730	1687971	0.038	0.020	1995907	2206102	179208	1240945	1345328	1403985	112659	744258	650579	802117	66549	496687	4811701	0	0	2880236	1663249	103825	24583	139669	139
2021-02-19	4964926	153225	99353	53872	4661656	138208	165062	3223083	1741843	0.039	0.021	2076668	2266444	184080	1258305	1402958	1440066	115287	750941	673710	826378	68793	507364	4964926	0	0	2947580	1714076	110625	27583	164878	184
2021-02-20	5079184	114258	76435	37823	4749822	142678	186684	3299518	1779666	0.040	0.021	2138268	2310157	187738	1272296	1445964	1469322	117533	755178	692304	840835	70205	517118	5079184	0	0	2998474	1751348	114567	28111	186477	207
2021-02-21	5165093	85909	56918	28991	4817198	145906	201989	3356436	1808657	0.040	0.022	2187054	2340674	190304	1282667	1479917	1489494	118664	757407	707137	851180	71640	525260	5165093	0	0	3037024	1780174	117636	28270	201776	213
2021-02-22	5325505	160412	100012	60400	4943483	155004	227018	3456448	1869057	0.042	0.022	2266701	2410287	195201	1300517	1538362	1525084	121627	763642	728339	885203	73574	536875	5325505	0	0	3104736	1838747	124924	30080	226788	230
2021-02-23	5492373	166868	107172	59696	5075796	162162	254415	3563620	1928753	0.043	0.023	2346910	2483166	200501	1318387	1598211	1563793	124757	771284	748699	919373	75744	547103	5492373	0	0	3179027	1896769	130421	31741	254172	243
2021-02-24	5667771	175398	116115	59283	5208097	169898	289776	3679735	1988036	0.044	0.024	2431789	2557990	207079	1337422	1660503	1608669	128907	778912	771286	949321	78172	558510	5667771	0	0	3253755	1954342	136469	33429	289511	265
2021-02-25	5856442	188671	130242	58429	5338928	176545	340969	3809977	2046465	0.046	0.025	2514175	2648479	213515	1355541	1722988	1667176	133470	787131	791187	981303	80045	568410	5856442	0	0	3327760	2011168	141664	34881	340553	416
2021-02-26	6065508	209066	143979	65087	5478844	185262	401402	3953956	2111552	0.048	0.025	2602819	2749814	220591	1375230	1787946	1735795	138593	794627	814873	1014019	81998	580603	6065508	0	0	3404280	2074564	148742	36520	400934	468
2021-02-27	6214182	148674	108512	40162	5571820	189452	452910	4062468	2151714	0.049	0.026	2666475	2822116	227301	1388101	1833818	1790224	143432	799030	832657	1031892	83869	589071	6214182	0	0	3457873	2113947	152168	37284	452427	483
2021-02-28	6322309	108127	83839	24288	5634226	193408	494675	4146307	2176002	0.050	0.026	2714700	2875405	231582	1394762	1868893	1834535	146785	801170	845807	1040870	84797	593592	6322309	0	0	3496351	2137875	155771	37637	494185	490
2021-03-01	6517662	195353	146057	49296	5762734	202860	552068	4292364	2225298	0.052	0.027	2817221	2953369	239381	1408021	1943445	1896228	153263	806209	873776	1057141	86118	601812	6517662	0	0	3577605	2185129	163200	39660	551559	509
2021-03-02	6737189	219527	165905	53622	5903253	212975	620961	4458269	2278920	0.054	0.027	2927307	3047588	248982	1422628	2022735	1971725	160632	812692	904572	1075863	88350	609936	6737189	0	0	3667333	2235920	170502	42473	620434	527
2021-03-03	6980566	243377	174445	68932	6060014	226777	693775	4632714	2347852	0.056	0.028	3047976	3148969	260606	1439862	2105531	2048823	170041	819606	942445	1100146	90565	620256	6980566	0	0	3760643	2299371	178877	47900	693194	581
2021-03-04	7223261	242695	180068	62627	6202351	240755	780155	4812782	2410479	0.058	0.029	3159240	3258741	272992	1455625	2181653	2136963	180034	825002	977587	1121778	92958	630623	7223261	0	0	3845599	2356752	187653	53102	779530	625
2021-03-05	7491893	268632	201261	67371	6349451	254076	888366	5014043	2477850	0.060	0.030	3277185	3383782	287941	1471072	2258903	2242620	191990	830697	1018282	1141162	95951	640375	7491893	0	0	3931212	2418239	195136	58940	887695	671
2021-03-06	7694267	202374	153079	49295	6460182	262672	971413	5167122	2527145	0.062	0.030	3366696	3478463	298371	1480590	2314602	2325555	200824	833966	1052094	1152908	97547	646624	7694267	0	0	3994869	2465313	201536	61136	970717	696
2021-03-07	7844501	150234	115855	34379	6542552	269409	1032540	5282977	2561524	0.064	0.031	3437978	3544531	306478	1486155	2360956	2383880	208082	835928	1077022	1160651	98396	650227	7844501	0	0	4045217	2497335	205931	63478	1031829	711
2021-03-08	8083344	238843	186358	52485	6678175	280407	1124762	5469335	2614009	0.066	0.031	3556806	3640371	322827	1498475	2442587	2468035	222757	841890	1114219	1172336	100070	656585	8083344	0	0	4131733	2546442	213585	66822	1124017	745
2021-03-09	8333422	250078	195309	54769	6818304	293138	1221980	5664644	2668778	0.068	0.032	3677710	3742787	340236	1512022	2524321	2558568	238262	848791	1153389	1184219	101974	663231	8333422	0	0	4220528	2597776	222954	70184	1221162	818
2021-03-10	8616667	283245	217584	65661	6975906	304540	1336221	5882228	2734439	0.071	0.033	3808598	3856306	360962	1530389	2606688	2661880	256906	860000	1201910	1194426	104056	670389	8615696	971	0	4315632	2660274	231252	73288	1335344	877
2021-03-11	8898084	281417	220503	60914	7124974	317762	1455348	6102731	2795353	0.073	0.034	3937470	3976178	382106	1544008	2689957	2769533	276555	867677	1247513	1206645	105551	676331	8896458	1626	0	4408089	2716885	240230	77532	1454412	936
2021-03-12	9221345	323261	251666	71595	7277638	335297	1608410	6354397	2866948	0.076	0.034	4071484	4127850	404783	1559463	2770420	2906954	297406	877132	1301064	1220896	107377	682331	9219509	1836	0	4494173	2783465	253037	82260	1607187	1223
2021-03-13	9467584	246239	196782	49457	7392273	345034	1730277	6551179	2916405	0.079	0.035	4181046	4240796	425293	1567511	2840453	3011727	316755	881879	1340593	1229069	108538	685632	9465592	1992	0	4560779	2831494	261395	83639	1729005	1272
2021-03-14	9638552	170968	134968	36000	7481728	350180	1806644	6686147	2952405	0.080	0.035	4266043	4307307	441408	1570975	2896461	3072888	331859	883676	1369582	1234419	109549	687299	9636550	2002	0	4615223	2866505	265571	84609	1805353	1291
2021-03-15	9886679	248127	189267	58860	7634072	362557	1890050	6875414	3011265	0.083	0.036	4400463	4391447	461474	1582289	2984151	3147219	350790	890548	1416312	1244228	110684	691741	9884394	2285	0	4710407	2923665	276327	86230	1888680	1370
2021-03-16	10065724	179045	112012	67033	7800154	373608	1891962	6987426	3078298	0.084	0.037	4527474	4426082	473886	1593025	3059300	3169255	361553	895647	1468174	1256827	112333	697378	10062892	2832	0	4811808	2988346	285028	88580	1890590	1372
2021-03-17	10270730	205006	125609	79397	7985787	391573	1893370	7113035	3157695	0.086	0.038	4672447	4463838	487350	1605072	3141952	3193652	373040	902175	1530495	1270186	114310	702897	10267281	3449	0	4922776	3063011	298265	93308	1891994	1376
2021-03-18	10465470	194740	119287	75453	8160774	409750	1894946	7232322	3233148	0.087	0.039	4812398	4498757	499905	1615322	3222615	3215628	383588	907340	1589783	1283129	116317	707982	10461598	3872	0	5027381	3133393	311373	98377	1893568	1378
2021-03-19	10708861	243391	160620	82771	8345032	430267	1933562	7392942	3315919	0.089	0.040	4961948	4563922	518114	1627194	3306761	3267408	399605	914537	1655187	1296514	118509	712657	10704458	4403	0	5135609	3209423	325229	105038	1932104	1458
2021-03-20	10928958	220097	166207	53890	8481456	445539	2001963	7559149	3369809	0.091	0.041	5078536	4641917	537715	1633319	3379545	3337212	417708	917920	1698991	1304705	120007	715399	10924231	4727	0	5221878	3259578	336815	108724	2000456	1507
2021-03-21	11095023	166065	127285	38780	8586060	454748	2054215	7686434	3408589	0.092	0.041	5171749	4694283	554274	1635819	3440184	3384099	433219	919244	1731565	1310184	121055	716575	11090296	4727	0	5290726	3295334	343026	111722	2052682	1533
2021-03-22	11361036	266013	189826	76187	8751584	478387	2131065	7876260	3484776	0.095	0.042	5329624	4766248	576579	1645397	3534739	3445389	453483	925279	1794885	1320859	123096	720118	11354781	6255	0	5387682	3363902	359109	119278	2129469	1596
2021-03-23	11658543	297507	213755	83752	8931695	498511	2228337	8090015	3568528	0.097	0.043	5490190	4854892	604288	1656865	3629814	3521119	478432	932910	1860376	1333773	125856	723955	11647300	11243	0	5489414	3442281	373948	124563	2226653	1684
2021-03-24	11992053	333510	245501	88009	9128590	531577	2331886	8335516	3656537	0.100	0.044	5664852	4952071	635971	1672375	3732242	3605792	507202	944863	1932610	1346279	128769	727512	11975018	17035	0	5603820	3524770	401570	130007	2330126	1760
2021-03-25	12328984	336931	256887	80044	9316923	558819	2453242	8592403	3736581	0.103	0.045	5830941	5060081	670798	1683452	3832663	3703768	539527	951994	1998278	1356313	131271	731458	12306004	22980	0	5717862	3599061	423142	135677	2451399	1843
2021-03-26	12702707	373723	284768	88955	9518286	595198	2589223	8877171	3825536	0.107	0.046	6003833	5184282	710463	1698535	3933360	3816071	576057	962322	2070473	1368211	134406	736213	12673413	29294	0	5837000	3681286	452891	142307	2587280	1943
2021-03-27	12988542	285835	222629	63206	9669918	622558	2696066	9099800	3888742	0.109	0.047	6147056	5279869	744190	1703356	4023632	3903670	607441	965464	2123424	1376199	136749	737892	12956898	31644	0	5928844	3741074	476907	145651	2694049	2017
2021-03-28	13184590	196048	143293	52755	9787408	641084	2756098	9243093	3941497	0.111	0.047	6253046	5333384	768116	1706823	4085867	3950861	629648	967502	2167179	1382523	138468	739321	13152755	31835	0	5996909	3790499	492153	148931	2754031	2067
2021-03-29	13492247	307657	218663	88994	9974517	666794	2850936	9461756	4030491	0.114	0.048	6418833	5404751	806706	1716518	4180272	4010842	665103	973637	2238561	1393909	141603	742881	13454464	37783	0	6102322	3872195	510617	156177	2848817	2119
2021-03-30	13819460	327213	233863	93350	10189598	692868	2936994	9695619	4123841	0.117	0.050	6591913	5474211	853024	1727240	4280843	4069380	706095	981320	2311070	1404831	146929	745920	13769541	49919	0	6231640	3957958	529172	163696	2934807	2187
2021-03-31	14159941	340481	237451	103030	10438395	730905	2990641	9933070	4226871	0.119	0.051	6774517	5538855	899988	1738789	4384637	4121392	747318	988525	2389880	1417463	152670	750264	14093707	66234	0	6386250	4052145	558401	172504	2988419	2222
2021-04-01	14481802	321861	229442	92419	10673123	762876	3045803	10162512	4319290	0.122	0.052	6936269	5606629	944397	1747554	4476928	4175958	787230	994147	2459341	1430671	157167	753407	14395489	86313	0	6537197	4135926	581774	181102	3043541	2262
2021-04-02	14711371	229569	157954	71615	10854295	779396	3077680	10320466	4390905	0.124	0.053	7067172	5654574	981393	1749910	4552089	4213818	820223	995356	2515083	1440756	161170	754554	14623534	87837	0	6652238	4202057	592830	186566	3075398	2282
2021-04-03	14943017	231646	165618	66028	11027639	796467	3118911	10486084	4456933	0.126	0.054	7198861	5698683	1018737	1753036	4633025	4248782	853330	997097	2565836	1449901	165407	755939	14853781	89236	0	6764940	4262699	604547	191920	3116597	2314
2021-04-04	15139067	196050	142460	53590	11162938	807579	3168550	10628544	4510523	0.128	0.054	7309766	5731715	1048001	1754173	4704262	4274251	879171	997551	2605504	1457464	168830	756622	15049695	89372	0	6850891	4312047	611461	196118	3166192	2358
2021-04-05	15388458	249391	175958	73433	11330990	825493	3231975	10804502	4583956	0.130	0.055	7456036	5770066	1081529	1756372	4794323	4302940	907924	998846	2661713	1467126	173605	757526	15297776	90682	0	6950828	4380162	624096	201397	3229578	2397
2021-04-06	15766312	377854	278767	99087	11588574	858676	3319062	11083269	4683043	0.133	0.056	7644926	5826686	1124640	1761928	4910112	4346229	944820	1001588	2734814	1480457	179820	760340	15639003	127309	0	7118140	4470434	648548	210128	3316581	2481
2021-04-07	16443246	676934	579844	97090	12130132	894441	3418673	11663113	4780133	0.140	0.057	7644926	5826686	1124640	1761928	4910112	4346229	944820	1001588	2734814	1480457	179820	760340	16010273	432973	0	7570902	4559230	676112	218329	3416099	2574
2021-04-08	17173921	730675	640943	89732	12701564	929683	3542674	12304056	4869865	0.148	0.059	7644926	5826686	1124640	1761928	4910112	4346229	944820	1001588	2734814	1480457	179820	760340	16416070	757851	0	8061734	4639830	702296	227387	3540026	2648
2021-04-09	17795681	621760	533772	87988	13187606	965203	3642872	12837828	4957853	0.154	0.060	7644926	5826686	1124640	1761928	4910112	4346229	944820	1001588	2734814	1480457	179820	760340	16798327	997354	0	8470953	4716653	726748	238455	3640127	2745
2021-04-10	18163316	367635	302163	65472	13432527	988396	3742393	13139991	5023325	0.158	0.060	7644926	5826686	1124640	1761928	4910112	4346229	944820	1001588	2734814	1480457	179820	760340	17132916	1030400	0	8658001	4774526	742414	245982	3739576	2817
2021-04-11	18423058	259742	209714	50028	13599516	1006432	3817110	13349705	5073353	0.161	0.061	7644926	5826686	1124640	1761928	4910112	4346229	944820	1001588	2734814	1480457	179820	760340	17387579	1035479	0	8778730	4820786	756732	249700	3814243	2867
2021-04-12	18837835	414777	338205	76572	13877589	1035033	3925213	13687910	5149925	0.165	0.062	7644926	5826686	1124640	1761928	4910112	4346229	944820	1001588	2734814	1480457	179820	760340	17753849	1083986	0	8988861	4888728	776774	258259	3922275	2938
2021-04-13	19407985	570150	497055	73095	14305842	1061645	4040498	14184965	5223020	0.171	0.063	7644926	5826686	1124640	1761928	4910112	4346229	944820	1001588	2734814	1480457	179820	760340	18127869	1280116	0	9349559	4956283	798042	263603	4037364	3134
2021-04-14	20180513	772528	689764	82764	14922078	1094833	4163602	14874729	5305784	0.179	0.064	7644926	5826686	1124640	1761928	4910112	4346229	944820	1001588	2734814	1480457	179820	760340	18526600	1653913	0	9891961	5030117	822792	272041	4159976	3626
2021-04-15	20856508	675995	606674	69321	15451923	1131086	4273499	15481403	5375105	0.186	0.065	7644926	5826686	1124640	1761928	4910112	4346229	944820	1001588	2734814	1480457	179820	760340	18906966	1949542	0	10361832	5090091	850304	280782	4269267	4232
2021-04-16	21447960	591452	516870	74582	15888108	1161804	4398048	15998273	5449687	0.192	0.066	7644926	5826686	1124640	1761928	4910112	4346229	944820	1001588	2734814	1480457	179820	760340	19303579	2144381	0	10732918	5155190	872212	289592	4393143	4905
2021-04-17	21808002	360042	304626	55416	16109914	1183686	4514402	16302899	5505103	0.196	0.066	7644926	5826686	1124640	1761928	4910112	4346229	944820	1001588	2734814	1480457	179820	760340	19641817	2166185	0	10907585	5202329	887199	296487	4508115	6287
2021-04-18	22072695	264693	225954	38739	16280073	1197904	4594718	16528853	5543842	0.199	0.067	7644926	5826686	1124640	1761928	4910112	4346229	944820	1001588	2734814	1480457	179820	760340	19901899	2170796	0	11043718	5236355	897753	300151	4587382	7336
2021-04-19	22470350	397655	337222	60433	16568826	1229610	4671914	16866075	5604275	0.203	0.067	7644926	5826686	1124640	1761928	4910112	4346229	944820	1001588	2734814	1480457	179820	760340	20255223	2215127	0	11281055	5287771	921687	307923	4663333	8581
2021-04-20	23023707	553357	492225	61132	16945597	1267391	4810719	17358300	5665407	0.209	0.068	7644926	5826686	1124640	1761928	4910112	4346229	944820	1001588	2734814	1480457	179820	760340	20614129	2409578	0	11604892	5340705	953217	314174	4800191	10528
2021-04-21	23734171	710464	639741	70723	17393172	1306328	5034671	17998041	5736130	0.216	0.069	7644926	5826686	1124640	1761928	4910112	4346229	944820	1001588	2734814	1480457	179820	760340	20985445	2748726	0	11991633	5401539	984679	321649	5021729	12942
2021-04-22	24362204	628033	563493	64540	17769142	1346970	5246092	18561534	5800670	0.223	0.070	7644926	5826686	1124640	1761928	4910112	4346229	944820	1001588	2734814	1480457	179820	760340	21346219	3015985	0	12313317	5455825	1018479	328491	5229738	16354
2021-04-23	24908060	545856	479892	65964	18116432	1388504	5403124	19041426	5866634	0.229	0.071	7644926	5826686	1124640	1761928	4910112	4346229	944820	1001588	2734814	1480457	179820	760340	21723880	3184180	0	12607619	5508813	1050477	338027	5383330	19794
2021-04-24	25273213	365153	306699	58454	18352875	1437233	5483105	19348125	5925088	0.233	0.071	7644926	5826686	1124640	1761928	4910112	4346229	944820	1001588	2734814	1480457	179820	760340	22072122	3201091	0	12803214	5549661	1083985	353248	5460926	22179
2021-04-25	25553915	280702	233692	47010	18539386	1470437	5544092	19581817	5972098	0.235	0.072	7644926	5826686	1124640	1761928	4910112	4346229	944820	1001588	2734814	1480457	179820	760340	22347010	3206905	0	12954297	5585089	1107438	362999	5520082	24010
2021-04-26	25977967	424052	352301	71751	18852429	1510668	5614808	19934118	6043849	0.240	0.073	7644926	5826686	1124640	1761928	4910112	4346229	944820	1001588	2734814	1480457	179820	760340	22684470	3293497	62	13207593	5644836	1139538	371130	5586987	27821
2021-04-27	26756575	778608	690632	87976	19525300	1560661	5670098	20624750	6131825	0.248	0.074	7644926	5826686	1124640	1761928	4910112	4346229	944820	1001588	2734814	1480457	179820	760340	23048198	3708377	516	13805627	5719673	1180973	379688	5638150	31948
2021-04-28	27858192	1101617	978719	122898	20521458	1614106	5721399	21603469	6254723	0.260	0.075	7644926	5826686	1124640	1761928	4910112	4346229	944820	1001588	2734814	1480457	179820	760340	23420732	4437460	1229	14694772	5826686	1223978	390128	5684719	36680
2021-04-29	28774580	916388	789714	126674	21329667	1667261	5775546	22393183	6381397	0.269	0.077	7644926	5826686	1124640	1761928	4910112	4346229	944820	1001588	2734814	1480457	179820	760340	23779052	4995528	2106	15394941	5934726	1266702	400559	5731540	44006
