date	dosen_kumulativ	dosen_differenz_zum_vortag	dosen_erst_differenz_zum_vortag	dosen_zweit_differenz_zum_vortag	dosen_biontech_kumulativ	dosen_moderna_kumulativ	dosen_astrazeneca_kumulativ	personen_erst_kumulativ	personen_voll_kumulativ	impf_quote_erst	impf_quote_voll	indikation_alter_dosen	indikation_beruf_dosen	indikation_medizinisch_dosen	indikation_pflegeheim_dosen	indikation_alter_erst	indikation_beruf_erst	indikation_medizinisch_erst	indikation_pflegeheim_erst	indikation_alter_voll	indikation_beruf_voll	indikation_medizinisch_voll	indikation_pflegeheim_voll	dosen_dim_kumulativ	dosen_kbv_kumulativ	dosen_johnson_kumulativ	dosen_biontech_erst_kumulativ	dosen_biontech_zweit_kumulativ	dosen_moderna_erst_kumulativ	dosen_moderna_zweit_kumulativ	dosen_astrazeneca_erst_kumulativ	dosen_astrazeneca_zweit_kumulativ	dosen_erst_kumulativ	dosen_zweit_kumulativ
2020-12-27	24097	24097	24084	13	24095	2	0	24084	13	0.000	0.000	10705	8657	1305	12604	10664	8590	1305	12536	41	67	0	68	24097	0	0	24082	13	2	0	0	0	24084	13
2020-12-28	42096	17999	17837	162	42094	2	0	41921	175	0.001	0.000	18621	15788	1991	21344	18580	15721	1991	21276	41	67	0	68	42096	0	0	41919	175	2	0	0	0	41921	175
2020-12-29	92118	50022	49288	734	92115	2	1	91209	909	0.001	0.000	34989	40734	3107	40508	34724	40420	3107	40099	265	314	0	409	92118	0	0	91206	909	2	0	1	0	91209	909
2020-12-30	155610	63492	63354	138	155607	2	1	154563	1047	0.002	0.000	55510	73365	4901	63206	55243	73050	4901	62794	267	315	0	412	155610	0	0	154560	1047	2	0	1	0	154563	1047
2020-12-31	205303	49693	49604	89	205300	2	1	204167	1136	0.002	0.000	72831	96719	6752	83965	72517	96367	6752	83476	314	352	0	489	205303	0	0	204164	1136	2	0	1	0	204167	1136
2021-01-01	230653	25350	25341	9	230642	7	4	229508	1145	0.003	0.000	81208	105449	7830	92301	80894	105097	7830	91812	314	352	0	489	230653	0	0	229498	1144	7	0	3	1	229508	1145
2021-01-02	278602	47949	47663	286	278591	7	4	277171	1431	0.003	0.000	102774	129731	10350	113258	102365	129304	10350	112629	409	427	0	629	278602	0	0	277161	1430	7	0	3	1	277171	1431
2021-01-03	301012	22410	22405	5	301000	8	4	299576	1436	0.004	0.000	113044	140227	11284	123279	112635	139800	11284	122650	409	427	0	629	301012	0	0	299565	1435	8	0	3	1	299576	1436
2021-01-04	346837	45825	45729	96	346824	9	4	345305	1532	0.004	0.000	129646	164913	13951	139091	129237	164486	13951	138462	409	427	0	629	346837	0	0	345293	1531	9	0	3	1	345305	1532
2021-01-05	398805	51968	51631	337	398791	10	4	396936	1869	0.005	0.000	147987	192565	16489	157656	147576	192117	16489	157025	411	448	0	631	398805	0	0	396923	1868	10	0	3	1	396936	1869
2021-01-06	461263	62458	62366	92	461240	16	7	459302	1961	0.006	0.000	169498	225530	19910	180812	169086	225082	19910	180181	412	448	0	631	461263	0	0	459281	1959	16	0	5	2	459302	1961
2021-01-07	515225	53962	53941	21	515197	19	9	513243	1982	0.006	0.000	189172	254868	22957	197233	188758	254418	22957	196600	414	450	0	633	515225	0	0	513217	1980	19	0	7	2	513243	1982
2021-01-08	576882	61657	61549	108	576802	70	10	574792	2090	0.007	0.000	211521	287315	26324	218219	211009	286711	26320	217449	512	604	4	770	576882	0	0	574714	2088	70	0	8	2	574792	2090
2021-01-09	636852	59970	59822	148	636768	73	11	634614	2238	0.008	0.000	237322	313238	29007	243325	236798	312599	29003	242545	524	639	4	780	636852	0	0	634533	2235	73	0	8	3	634614	2238
2021-01-10	672104	35252	35103	149	672012	81	11	669717	2387	0.008	0.000	252455	327794	30379	256315	251929	327151	30375	255535	526	643	4	780	672104	0	0	669629	2383	80	1	8	3	669717	2387
2021-01-11	739604	67500	67398	102	739497	94	13	737115	2489	0.009	0.000	277513	359176	33587	276774	276967	358513	33583	275968	546	663	4	806	739604	0	0	737018	2479	87	7	10	3	737115	2489
2021-01-12	817873	78269	78205	64	817750	109	14	815320	2553	0.010	0.000	305695	401338	36582	301731	305147	400670	36578	300888	548	668	4	843	817873	0	0	815208	2542	102	7	10	4	815320	2553
2021-01-13	928810	110937	110736	201	927518	1278	14	926056	2754	0.011	0.000	345167	458844	40485	337339	344574	458093	40466	336399	593	751	19	940	928810	0	0	924775	2743	1271	7	10	4	926056	2754
2021-01-14	1012138	83328	83106	222	1005698	6426	14	1009162	2976	0.012	0.000	374803	501101	42769	361463	374094	500254	42750	360452	709	847	19	1011	1012138	0	0	1002777	2921	6375	51	10	4	1009162	2976
2021-01-15	1102760	90622	89777	845	1091049	11692	19	1098939	3821	0.013	0.000	408725	545673	46728	389202	407810	544625	46700	387982	915	1048	28	1220	1102760	0	0	1087283	3766	11641	51	15	4	1098939	3821
2021-01-16	1160096	57336	56315	1021	1146705	13371	20	1155254	4842	0.014	0.000	432983	570627	48859	408798	431664	569232	48767	407047	1319	1395	92	1751	1160096	0	0	1141918	4787	13320	51	16	4	1155254	4842
2021-01-17	1207678	47582	29788	17794	1193024	14632	21	1185043	22636	0.014	0.000	453449	591002	50884	428544	444215	583354	50014	417145	9234	7648	870	11399	1207678	0	1	1170444	22580	14581	51	17	4	1185042	22636
2021-01-18	1289585	81907	66167	15740	1270788	18774	22	1251210	38376	0.015	0.000	482728	633883	53106	448900	467235	619730	51700	430238	15493	14153	1406	18662	1289585	0	1	1232470	38318	18721	53	18	4	1251209	38376
2021-01-19	1408383	118798	82351	36447	1385917	22435	30	1333561	74823	0.016	0.001	519765	695968	56714	479843	492669	666683	54375	447938	27096	29285	2339	31905	1408383	0	1	1311156	74761	22378	57	26	4	1333560	74823
2021-01-20	1540744	132361	77791	54570	1515533	25177	33	1411352	129393	0.017	0.002	568076	760039	60957	522078	522876	706310	57505	469463	45200	53729	3452	52615	1540744	0	1	1386202	129331	25120	57	29	4	1411351	129393
2021-01-21	1645725	104981	63666	41315	1617773	27917	34	1475018	170708	0.018	0.002	610150	808503	65406	556195	549621	735602	60889	487988	60529	72901	4517	68207	1645725	0	1	1447129	170644	27859	58	29	5	1475017	170708
2021-01-22	1747353	101628	68053	33575	1717207	30103	42	1543071	204283	0.019	0.002	654049	853889	69013	590642	579902	764987	63599	506975	74147	88902	5414	83667	1747353	0	1	1512993	204214	30040	63	37	5	1543070	204283
2021-01-23	1833933	86580	40464	46116	1803430	30457	45	1583535	250399	0.019	0.003	691767	890989	72414	617916	599855	780966	64783	516268	91912	110023	7631	101648	1833933	0	1	1553101	250329	30393	64	40	5	1583534	250399
2021-01-24	1881227	47294	25460	21834	1850522	30655	49	1608995	272233	0.019	0.003	715655	910067	73331	632982	614016	789814	65130	521524	101639	120253	8201	111458	1881227	0	1	1578359	272163	30591	64	44	5	1608994	272233
2021-01-25	1972270	91043	52276	38767	1940146	32071	52	1661271	311000	0.020	0.004	756375	951632	76827	658117	642321	811974	66847	534304	114054	139658	9980	123813	1972270	0	1	1629219	310927	32004	67	47	5	1661270	311000
2021-01-26	2069806	97536	50634	46902	2036241	33505	59	1711905	357902	0.021	0.004	796572	997196	80614	684405	667753	831436	68195	545278	128819	165760	12419	139127	2069806	0	1	1678416	357825	33434	71	54	5	1711904	357902
2021-01-27	2179183	109377	50819	58558	2143823	35291	67	1762725	416460	0.021	0.005	839834	1049509	85786	715259	691463	852265	70042	556304	148371	197244	15744	158955	2179183	0	2	1727453	416370	35208	83	62	5	1762723	416460
2021-01-28	2271636	92453	46571	45882	2234645	36919	70	1809296	462342	0.022	0.006	877990	1090332	89974	739697	713483	869115	71590	567469	164507	221217	18384	172228	2271636	0	2	1772481	462164	36748	171	65	5	1809294	462342
2021-01-29	2379410	107774	49989	57785	2340932	38399	77	1859285	520127	0.022	0.006	920894	1138243	95507	769100	735839	888487	73819	578309	185055	249756	21688	190791	2379410	0	2	1820984	519948	38227	172	72	5	1859283	520127
2021-01-30	2467424	88014	34362	53652	2428064	39279	79	1893647	573779	0.023	0.007	957412	1174692	99468	796433	752473	901967	75224	586328	204939	272725	24244	210105	2467424	0	2	1854467	573597	39105	174	73	6	1893645	573779
2021-01-31	2524289	56865	25751	31114	2484548	39655	84	1919398	604893	0.023	0.007	982865	1196922	101575	812430	766590	910861	76411	592657	216275	286061	25164	219773	2524289	0	2	1879846	604702	39473	182	77	7	1919396	604893
2021-02-01	2643816	119527	57966	61561	2601815	41864	135	1977364	666454	0.024	0.008	1026174	1260299	105285	839830	787193	944041	78273	602425	238981	316258	27012	237405	2643816	0	2	1935554	666261	41680	184	128	7	1977362	666454
2021-02-02	2775993	132177	64966	67211	2730917	44926	148	2042330	733665	0.025	0.009	1069633	1330364	110479	870030	806216	982089	80866	611659	263417	348275	29613	258371	2775993	0	2	1997446	733471	44741	185	141	7	2042328	733665
2021-02-03	2937930	161937	64097	97840	2886499	51254	174	2106428	831505	0.025	0.010	1128983	1407775	116405	912544	829819	1014401	83062	623312	299164	393374	33343	289232	2937930	0	3	2055195	831304	51063	191	167	7	2106425	831505
2021-02-04	3071800	133870	61728	72142	3014532	57086	179	2168156	903647	0.026	0.011	1177986	1472437	120972	943857	851937	1046473	85311	632945	326049	425964	35661	310912	3071800	0	3	2111089	903443	56892	194	172	7	2168153	903647
2021-02-05	3218481	146681	68905	77776	3154756	63535	187	2237061	981423	0.027	0.012	1232524	1542580	126293	977786	877231	1080338	86905	644262	355293	462242	39388	333524	3218481	0	3	2173672	981084	63207	328	179	8	2237058	981423
2021-02-06	3312174	93693	45400	48293	3245822	66161	188	2282461	1029716	0.027	0.012	1272514	1588658	130853	1003590	896490	1101898	88782	653957	376024	486760	42071	349633	3312174	0	3	2216445	1029377	65833	328	180	8	2282458	1029716
2021-02-07	3365487	53313	28264	25049	3296806	68487	190	2310726	1054765	0.028	0.013	1298155	1609930	133571	1016823	910800	1112720	90015	659435	387355	497210	43556	357388	3365487	0	4	2242382	1054424	68158	329	182	8	2310722	1054765
2021-02-08	3474410	108923	52867	56056	3401879	72309	218	2363593	1110821	0.028	0.013	1350672	1655734	137545	1035599	942269	1129343	91902	666781	408403	526391	45643	368818	3474410	0	4	2291401	1110478	71978	331	210	8	2363589	1110821
2021-02-09	3608448	134038	60200	73838	3532370	75743	331	2423793	1184659	0.029	0.014	1411842	1714380	141993	1058512	978151	1147503	94639	674792	433691	566877	47354	383720	3608448	0	4	2348244	1184126	75222	521	323	8	2423789	1184659
2021-02-10	3762834	154386	77320	77066	3674185	79978	8667	2501113	1261725	0.030	0.015	1478760	1781046	146001	1087933	1017461	1175177	96286	685176	461299	605869	49715	402757	3762834	0	4	2413986	1260199	78476	1502	8647	20	2501109	1261725
2021-02-11	3906551	143717	75211	68506	3794314	87245	24986	2576326	1330231	0.031	0.016	1539776	1848576	151475	1113070	1052428	1208053	98713	694775	487348	640523	52762	418295	3906551	0	6	2468657	1325657	82711	4534	24952	34	2576320	1330231
2021-02-12	4061638	155087	79515	75572	3925877	96543	39209	2655844	1405803	0.032	0.017	1611268	1919253	157751	1138545	1094198	1240389	101429	704318	517070	678864	56322	434227	4061638	0	9	2529700	1396177	87283	9260	38852	357	2655835	1405803
2021-02-13	4169017	107379	61922	45457	4016649	99800	52558	2717767	1451260	0.033	0.017	1667599	1960972	162355	1156080	1129093	1262877	103231	711418	538506	698095	59124	444662	4169017	0	10	2576568	1440081	88995	10805	52194	364	2717757	1451260
2021-02-14	4234225	65208	39495	25713	4072137	102274	59803	2757263	1476973	0.033	0.018	1706122	1983696	163973	1164146	1153761	1276081	104081	714928	552361	707615	59892	449218	4234225	0	11	2607569	1464568	90265	12009	59418	385	2757252	1476973
2021-02-15	4359491	125266	69524	55742	4176717	107503	75259	2826788	1532715	0.034	0.018	1773591	2031897	168008	1183418	1194859	1300739	106358	721524	578732	731158	61650	461894	4359491	0	12	2659382	1517335	92537	14966	74857	402	2826776	1532715
2021-02-16	4493596	134105	77757	56348	4285111	113622	94850	2904546	1589063	0.035	0.019	1839625	2089928	170683	1200400	1236633	1336138	107879	728440	602992	753790	62804	471960	4493596	0	13	2714835	1570276	95262	18360	94436	414	2904533	1589063
2021-02-17	4644361	150765	94459	56306	4407122	121621	115604	2999006	1645369	0.036	0.020	1920033	2147919	175770	1221928	1292995	1368705	110873	736858	627038	779214	64897	485070	4644361	0	14	2783740	1623382	100075	21546	115177	427	2998992	1645369
2021-02-18	4788612	144251	91262	52989	4519309	129845	139443	3090269	1698358	0.037	0.020	1995907	2206102	179208	1240945	1345328	1403985	112659	744258	650579	802117	66549	496687	4788612	0	15	2846485	1672824	104757	25088	139012	431	3090254	1698358
2021-02-19	4946942	158330	102775	55555	4640261	139806	166859	3193045	1753913	0.038	0.021	2076668	2266444	184080	1258305	1402958	1440066	115287	750941	673710	826378	68793	507364	4946942	0	16	2914999	1725262	111708	28098	166322	537	3193029	1753913
2021-02-20	5059006	112064	75796	36268	4726638	144270	188081	3268842	1790181	0.039	0.022	2138268	2310157	187738	1272296	1445964	1469322	117533	755178	692304	840835	70205	517118	5059006	0	17	2965551	1761087	115740	28530	187534	547	3268825	1790181
2021-02-21	5144806	85800	57419	28381	4793148	147911	203729	3326262	1818562	0.040	0.022	2187054	2340674	190304	1282667	1479917	1489494	118664	757407	707137	851180	71640	525260	5144806	0	18	3003846	1789302	119222	28689	203176	553	3326244	1818562
2021-02-22	5300140	155334	97585	57749	4915872	156904	227345	3423848	1876311	0.041	0.023	2266701	2410287	195201	1300517	1538362	1525084	121627	763642	728339	885203	73574	536875	5300140	0	19	3070602	1845270	126447	30457	226780	565	3423829	1876311
2021-02-23	5469785	169645	109165	60480	5049461	164113	256191	3533014	1936791	0.042	0.023	2346910	2483166	200501	1318387	1598211	1563793	124757	771284	748699	919373	75744	547103	5469785	0	20	3145382	1904079	131998	32115	255614	577	3532994	1936791
2021-02-24	5645430	175645	116508	59137	5180844	171723	292842	3649523	1995928	0.044	0.024	2431789	2557990	207079	1337422	1660503	1608669	128907	778912	771286	949321	78172	558510	5645430	0	21	3219332	1961512	137923	33800	292247	595	3649502	1995928
2021-02-25	5834152	188722	129755	58967	5311961	178482	343688	3779278	2054895	0.045	0.025	2514175	2648479	213515	1355541	1722988	1667176	133470	787131	791187	981303	80045	568410	5834152	0	21	3293024	2018937	143153	35329	343080	608	3779257	2054895
2021-02-26	6046454	212302	145463	66839	5452631	187314	406488	3924741	2121734	0.047	0.026	2602819	2749814	220591	1375230	1787946	1735795	138593	794627	814873	1014019	81998	580603	6046454	0	21	3368544	2084087	150369	36945	405807	681	3924720	2121734
2021-02-27	6194170	147716	107826	39890	5545284	191396	457469	4032567	2161624	0.048	0.026	2666475	2822116	227301	1388101	1833818	1790224	143432	799030	832657	1031892	83869	589071	6194170	0	21	3422047	2123237	153719	37677	456780	689	4032546	2161624
2021-02-28	6297004	102834	78769	24065	5606562	195351	495069	4111337	2185689	0.049	0.026	2714700	2875405	231582	1394762	1868893	1834535	146785	801170	845807	1040870	84797	593592	6297004	0	22	3459633	2146929	157321	38030	494361	708	4111315	2185689
2021-03-01	6495105	198101	148278	49823	5736712	204975	553396	4259615	2235512	0.051	0.027	2817221	2953369	239381	1408021	1943445	1896228	153263	806209	873776	1057141	86118	601812	6495105	0	22	3541998	2194714	164923	40052	552672	724	4259593	2235512
2021-03-02	6713679	218574	166474	52100	5876475	214964	622218	4426089	2287612	0.053	0.028	2927307	3047588	248982	1422628	2022735	1971725	160632	812692	904572	1075863	88350	609936	6713679	0	22	3632557	2243918	172038	42926	621472	746	4426067	2287612
2021-03-03	6959939	246260	175786	70474	6033441	229914	696562	4601875	2358086	0.055	0.028	3047976	3148969	260606	1439862	2105531	2048823	170041	819606	942445	1100146	90565	620256	6959939	0	22	3725001	2308440	181111	48803	695741	821	4601853	2358086
2021-03-04	7204610	244671	181832	62839	6174530	244381	785677	4783707	2420925	0.058	0.029	3159240	3258741	272992	1455625	2181653	2136963	180034	825002	977587	1121778	92958	630623	7204610	0	22	3808688	2365842	190185	54196	784812	865	4783685	2420925
2021-03-05	7480429	275819	207277	68542	6324005	257746	898655	4990985	2489467	0.060	0.030	3277185	3383782	287941	1471072	2258903	2242620	191990	830697	1018282	1141162	95951	640375	7480429	0	23	3895632	2428373	197590	60156	897740	915	4990962	2489467
2021-03-06	7682112	201683	153035	48648	6433228	266186	982675	5144020	2538115	0.062	0.031	3366696	3478463	298371	1480590	2314602	2325555	200824	833966	1052094	1152908	97547	646624	7682112	0	23	3958466	2474762	203792	62394	981739	936	5143997	2538115
2021-03-07	7829647	147535	114050	33485	6512970	272840	1043814	5258070	2571600	0.063	0.031	3437978	3544531	306478	1486155	2360956	2383880	208082	835928	1077022	1160651	98396	650227	7829647	0	23	4007079	2505891	208110	64730	1042858	956	5258047	2571600
2021-03-08	8067099	237452	185861	51591	6646876	283794	1136406	5443931	2623191	0.065	0.032	3556806	3640371	322827	1498475	2442587	2468035	222757	841890	1114219	1172336	100070	656585	8067099	0	23	4092797	2554079	215702	68092	1135409	997	5443908	2623191
2021-03-09	8319312	252213	197364	54849	6786979	296578	1235732	5641295	2678040	0.068	0.032	3677710	3742787	340236	1512022	2524321	2558568	238262	848791	1153389	1184219	101974	663231	8319312	0	23	4181588	2605391	225014	71564	1234670	1062	5641272	2678040
2021-03-10	8607633	288321	221282	67039	6946061	308756	1352792	5862578	2745079	0.070	0.033	3808598	3856306	360962	1530389	2606688	2661880	256906	860000	1201910	1194426	104056	670389	8606662	971	24	4277244	2668817	233633	75123	1351677	1115	5862554	2745079
2021-03-11	8891870	284237	223346	60891	7093690	322474	1475682	6085924	2805970	0.073	0.034	3937470	3976178	382106	1544008	2689957	2769533	276555	867677	1247513	1206645	105551	676331	8890244	1626	24	4368388	2725302	243003	79471	1474509	1173	6085900	2805970
2021-03-12	9218342	326472	255609	70863	7245272	339768	1633278	6341533	2876833	0.076	0.035	4071484	4127850	404783	1559463	2770420	2906954	297406	877132	1301064	1220896	107377	682331	9216506	1836	24	4453902	2791370	255704	84064	1631903	1375	6341509	2876833
2021-03-13	9458932	240590	190311	50279	7361285	349337	1748286	6531844	2927112	0.079	0.035	4181046	4240796	425293	1567511	2840453	3011727	316755	881879	1340593	1229069	108538	685632	9456940	1992	24	4521089	2840196	263932	85405	1746799	1487	6531820	2927112
2021-03-14	9628986	170054	134382	35672	7449341	354849	1824772	6666226	2962784	0.080	0.036	4266043	4307307	441408	1570975	2896461	3072888	331859	883676	1369582	1234419	109549	687299	9626984	2002	24	4574469	2874872	268469	86380	1823264	1508	6666202	2962784
2021-03-15	9876641	247655	188430	59225	7602097	367586	1906934	6854656	3022009	0.082	0.036	4400463	4391447	461474	1582289	2984151	3147219	350790	890548	1416312	1244228	110684	691741	9874356	2285	24	4669788	2932309	279507	88079	1905337	1597	6854632	3022009
2021-03-16	10055544	178903	110738	68165	7768734	378837	1907949	6965394	3090174	0.084	0.037	4527474	4426082	473886	1593025	3059300	3169255	361553	895647	1468174	1256827	112333	697378	10052712	2832	24	4770749	2997985	288273	90564	1906348	1601	6965370	3090174
2021-03-17	10260496	204952	124026	80926	7954954	396826	1908692	7089420	3171100	0.085	0.038	4672447	4463838	487350	1605072	3141952	3193652	373040	902175	1530495	1270186	114310	702897	10257047	3449	24	4880855	3074099	301455	95371	1907086	1606	7089396	3171100
2021-03-18	10454024	193528	117948	75580	8129161	414989	1909850	7207368	3246680	0.087	0.039	4812398	4498757	499905	1615322	3222615	3215628	383588	907340	1589783	1283129	116317	707982	10450152	3872	24	4984684	3144477	314417	100572	1908243	1607	7207344	3246680
2021-03-19	10698738	244714	160560	84154	8314546	435777	1948391	7367928	3330834	0.089	0.040	4961948	4563922	518114	1627194	3306761	3267408	399605	914537	1655187	1296514	118509	712657	10694335	4403	24	5092779	3221767	328398	107379	1946727	1664	7367904	3330834
2021-03-20	10918995	220257	166993	53264	8449924	451072	2017975	7534921	3384098	0.091	0.041	5078536	4641917	537715	1633319	3379545	3337212	417708	917920	1698991	1304705	120007	715399	10914268	4727	24	5178756	3271168	339860	111212	2016281	1694	7534897	3384098
2021-03-21	11083491	164496	126305	38191	8552098	460266	2071103	7661226	3422289	0.092	0.041	5171749	4694283	554274	1635819	3440184	3384099	433219	919244	1731565	1310184	121055	716575	11078764	4727	24	5246009	3306089	345810	114456	2069383	1720	7661202	3422289
2021-03-22	11352646	269155	192763	76392	8718511	484054	2150057	7853989	3498681	0.094	0.042	5329624	4766248	576579	1645397	3534739	3445389	453483	925279	1794885	1320859	123096	720118	11346391	6255	24	5343484	3375027	362198	121856	2148283	1774	7853965	3498681
2021-03-23	11653363	300717	216875	83842	8899966	503766	2249607	8070864	3582523	0.097	0.043	5490190	4854892	604288	1656865	3629814	3521119	478432	932910	1860376	1333773	125856	723955	11642120	11243	24	5446126	3453840	376937	126829	2247777	1830	8070840	3582523
2021-03-24	11992396	339033	249425	89608	9100118	536793	2355461	8320289	3672131	0.100	0.044	5664852	4952071	635971	1672375	3732242	3605792	507202	944863	1932610	1346279	128769	727512	11975361	17035	24	5562051	3538067	404658	132135	2353556	1905	8320265	3672131
2021-03-25	12325083	332687	251528	81159	9285654	564480	2474925	8571817	3753290	0.103	0.045	5830941	5060081	670798	1683452	3832663	3703768	539527	951994	1998278	1356313	131271	731458	12302103	22980	24	5672111	3613543	426774	137706	2472908	2017	8571793	3753290
2021-03-26	12698875	373792	285387	88405	9485233	601645	2611972	8857205	3841695	0.106	0.046	6003833	5184282	710463	1698535	3933360	3816071	576057	962322	2070473	1368211	134406	736213	12669581	29294	25	5790082	3695151	457235	144410	2609863	2109	8857180	3841695
2021-03-27	12980097	281222	218887	62335	9634793	629263	2716015	9076093	3904030	0.109	0.047	6147056	5279869	744190	1703356	4023632	3903670	607441	965464	2123424	1376199	136749	737892	12948453	31644	26	5880474	3754319	481743	147520	2713850	2165	9076067	3904030
2021-03-28	13176518	196421	143157	53264	9750161	647767	2778564	9219250	3957294	0.111	0.048	6253046	5333384	768116	1706823	4085867	3950861	629648	967502	2167179	1382523	138468	739321	13144683	31835	26	5945903	3804258	496973	150794	2776348	2216	9219224	3957294
2021-03-29	13482102	305584	216980	88604	9938905	672744	2870427	9436230	4045898	0.113	0.049	6418833	5404751	806706	1716518	4180272	4010842	665103	973637	2238561	1393909	141603	742881	13444319	37783	26	6052906	3885999	515148	157596	2868150	2277	9436204	4045898
2021-03-30	13811136	329034	236432	92602	10157605	697160	2956345	9672662	4138500	0.116	0.050	6591913	5474211	853024	1727240	4280843	4069380	706095	981320	2311070	1404831	146929	745920	13761217	49919	26	6185521	3972084	533107	164053	2954008	2337	9672636	4138500
2021-03-31	14147349	336213	234706	101507	10405098	733204	3009021	9907368	4240007	0.119	0.051	6774517	5538855	899988	1738789	4384637	4121392	747318	988525	2389880	1417463	152670	750264	14081115	66234	26	6339509	4065589	561184	172020	3006649	2372	9907342	4240007
2021-04-01	14473978	326629	235925	90704	10643980	765656	3064316	10143293	4330711	0.122	0.052	6936269	5606629	944397	1747554	4476928	4175958	787230	994147	2459341	1430671	157167	753407	14387665	86313	26	6495626	4148354	585739	179917	3061902	2414	10143267	4330711
2021-04-02	14699672	225694	157713	67981	10823512	780045	3096089	10301006	4398692	0.124	0.053	7067172	5654574	981393	1749910	4552089	4213818	820223	995356	2515083	1440756	161170	754554	14611835	87837	26	6611545	4211967	595787	184258	3093648	2441	10300980	4398692
2021-04-03	14931507	231835	167464	64371	10997658	795845	3137978	10468470	4463063	0.126	0.054	7198861	5698683	1018737	1753036	4633025	4248782	853330	997097	2565836	1449901	165407	755939	14842271	89236	26	6726205	4271453	606740	189105	3135499	2479	10468444	4463063
2021-04-04	15124445	192938	142570	50368	11129856	805907	3188656	10611040	4513431	0.128	0.054	7309766	5731715	1048001	1754173	4704262	4274251	879171	997551	2605504	1457464	168830	756622	15035073	89372	26	6811968	4317888	612912	192995	3186134	2522	10611014	4513431
2021-04-05	15372279	247834	177622	70212	11294848	823773	3253632	10788662	4583643	0.130	0.055	7456036	5770066	1081529	1756372	4794323	4302940	907924	998846	2661713	1467126	173605	757526	15281597	90682	26	6911559	4383289	625998	197775	3251079	2553	10788636	4583643
2021-04-06	15746013	373734	279028	94706	11549805	855989	3340191	11067692	4678349	0.133	0.056	7644926	5826686	1124640	1761928	4910112	4346229	944820	1001588	2734814	1480457	179820	760340	15618704	127309	28	7080573	4469232	649521	206468	3337570	2621	11067664	4678349
2021-04-07	16414068	668055	571686	96369	12091997	893024	3429019	11639378	4774718	0.140	0.057	7644926	5826686	1124640	1761928	4910112	4346229	944820	1001588	2734814	1480457	179820	760340	15981095	432973	28	7535083	4556914	677952	215072	3426315	2704	11639350	4774718
2021-04-08	17112849	698781	611110	87671	12663481	928655	3520685	12250488	4862389	0.147	0.058	7644926	5826686	1124640	1761928	4910112	4346229	944820	1001588	2734814	1480457	179820	760340	16354998	757851	28	8027949	4635532	704611	224044	3517900	2785	12250460	4862389
2021-04-09	17744633	631784	542889	88895	13153679	965219	3625707	12793377	4951284	0.154	0.060	7644926	5826686	1124640	1761928	4910112	4346229	944820	1001588	2734814	1480457	179820	760340	16747279	997354	28	8440768	4712911	729741	235478	3622840	2867	12793349	4951284
2021-04-10	18117212	372579	307524	65055	13402170	988440	3726574	13100901	5016339	0.158	0.060	7644926	5826686	1124640	1761928	4910112	4346229	944820	1001588	2734814	1480457	179820	760340	17086812	1030400	28	8631949	4770221	745280	243160	3723644	2930	13100873	5016339
2021-04-11	18381128	263916	213595	50321	13572540	1007106	3801454	13314496	5066660	0.160	0.061	7644926	5826686	1124640	1761928	4910112	4346229	944820	1001588	2734814	1480457	179820	760340	17345649	1035479	28	8756021	4816519	759999	247107	3798448	3006	13314468	5066660
2021-04-12	18799657	418529	342152	76377	13851403	1036292	3911933	13656649	5143037	0.164	0.062	7644926	5826686	1124640	1761928	4910112	4346229	944820	1001588	2734814	1480457	179820	760340	17715671	1083986	29	8967034	4884369	780712	255580	3908874	3059	13656620	5143037
2021-04-13	19376461	576804	503132	73672	14283677	1063510	4029245	14159781	5216709	0.170	0.063	7644926	5826686	1124640	1761928	4910112	4346229	944820	1001588	2734814	1480457	179820	760340	18096345	1280116	29	9331271	4952406	802489	261021	4025992	3253	14159752	5216709
2021-04-14	20151368	774907	691739	83168	14900120	1097046	4154173	14851520	5299877	0.179	0.064	7644926	5826686	1124640	1761928	4910112	4346229	944820	1001588	2734814	1480457	179820	760340	18497455	1653913	29	9873608	5026512	827521	269525	4150362	3811	14851491	5299877
2021-04-15	20831501	680133	609932	70201	15434072	1133251	4264148	15461453	5370078	0.186	0.065	7644926	5826686	1124640	1761928	4910112	4346229	944820	1001588	2734814	1480457	179820	760340	18881959	1949542	30	10346917	5087155	855113	278138	4259393	4755	15461423	5370078
2021-04-16	21428033	596532	522345	74187	15872188	1165849	4389966	15983798	5444265	0.192	0.065	7644926	5826686	1124640	1761928	4910112	4346229	944820	1001588	2734814	1480457	179820	760340	19283652	2144381	30	10720081	5152107	879281	286568	4384406	5560	15983768	5444265
2021-04-17	21794027	365994	309383	56611	16097068	1188535	4508394	16293181	5500876	0.196	0.066	7644926	5826686	1124640	1761928	4910112	4346229	944820	1001588	2734814	1480457	179820	760340	19627842	2166185	30	10896969	5200099	894830	293705	4501352	7042	16293151	5500876
2021-04-18	22063473	269446	230443	39003	16269110	1203923	4590410	16523624	5539879	0.199	0.067	7644926	5826686	1124640	1761928	4910112	4346229	944820	1001588	2734814	1480457	179820	760340	19892677	2170796	30	11035072	5234038	906320	297603	4582202	8208	16523594	5539879
2021-04-19	22465740	402267	340873	61394	16562934	1236843	4665932	16864498	5601273	0.203	0.067	7644926	5826686	1124640	1761928	4910112	4346229	944820	1001588	2734814	1480457	179820	760340	20250613	2215127	31	11276736	5286198	931323	305520	4656408	9524	16864467	5601273
2021-04-20	23026468	560728	498058	62670	16944877	1276061	4805499	17362556	5663943	0.209	0.068	7644926	5826686	1124640	1761928	4910112	4346229	944820	1001588	2734814	1480457	179820	760340	20616890	2409578	31	11604686	5340191	963944	312117	4793895	11604	17362525	5663943
2021-04-21	23747371	720903	647861	73042	17399128	1317757	5030455	18010417	5736985	0.217	0.069	7644926	5826686	1124640	1761928	4910112	4346229	944820	1001588	2734814	1480457	179820	760340	20998645	2748726	31	11996402	5402726	997581	320176	5016403	14052	18010386	5736985
2021-04-22	24385882	638511	571366	67145	17780889	1361409	5243553	18581783	5804130	0.223	0.070	7644926	5826686	1124640	1761928	4910112	4346229	944820	1001588	2734814	1480457	179820	760340	21369897	3015985	31	12322277	5458612	1033599	327810	5225876	17677	18581752	5804130
2021-04-23	24942062	556180	487301	68879	18134176	1404946	5402909	19069084	5873009	0.229	0.071	7644926	5826686	1124640	1761928	4910112	4346229	944820	1001588	2734814	1480457	179820	760340	21757882	3184180	31	12620717	5513459	1066653	338293	5381683	21226	19069053	5873009
2021-04-24	25307618	365556	306608	58948	18369154	1454285	5484148	19375692	5931957	0.233	0.071	7644926	5826686	1124640	1761928	4910112	4346229	944820	1001588	2734814	1480457	179820	760340	22106527	3201091	31	12814476	5554678	1100618	353667	5460567	23581	19375661	5931957
2021-04-25	25590509	282891	233845	49046	18556922	1487961	5545595	19609537	5981003	0.236	0.072	7644926	5826686	1124640	1761928	4910112	4346229	944820	1001588	2734814	1480457	179820	760340	22383604	3206905	31	12964847	5592075	1124429	363532	5520230	25365	19609506	5981003
2021-04-26	26023412	432903	358938	73965	18874829	1530428	5618055	19968544	6054968	0.240	0.073	7644926	5826686	1124640	1761928	4910112	4346229	944820	1001588	2734814	1480457	179820	760340	22729915	3293497	100	13221238	5653591	1158506	371922	5588700	29355	19968444	6054968
2021-04-27	26808745	785333	693426	91907	19551541	1581922	5674721	20662431	6146875	0.248	0.074	7644926	5826686	1124640	1761928	4910112	4346229	944820	1001588	2734814	1480457	179820	760340	23100368	3708377	561	13820100	5731441	1200876	381046	5640894	33827	20661870	6146875
2021-04-28	27931743	1122998	996025	126973	20559781	1642637	5728047	21659173	6273848	0.260	0.075	7644926	5826686	1124640	1761928	4910112	4346229	944820	1001588	2734814	1480457	179820	760340	23494283	4437460	1278	14719739	5840042	1249054	393583	5689102	38945	21657895	6273848
2021-04-29	28877752	946009	812560	133449	21384100	1706295	5785199	22472613	6407297	0.270	0.077	7644926	5826686	1124640	1761928	4910112	4346229	944820	1001588	2734814	1480457	179820	760340	23882224	4995528	2158	15431768	5952332	1300330	405965	5738357	46842	22470455	6407297
2021-04-30	29681396	803644	666624	137020	22062493	1763551	5852361	23140070	6544317	0.278	0.079	7644926	5826686	1124640	1761928	4910112	4346229	944820	1001588	2734814	1480457	179820	760340	24286022	5395374	2991	15998606	6063887	1342342	421209	5796131	56230	23137079	6544317
2021-05-01	30017671	336275	260029	76246	22315322	1805041	5891743	23402673	6620563	0.281	0.080	7644926	5826686	1124640	1761928	4910112	4346229	944820	1001588	2734814	1480457	179820	760340	24597647	5420024	5565	16190186	6125136	1377426	427615	5829496	62247	23397108	6620563
2021-05-02	30282662	264991	197609	67382	22510902	1842551	5921837	23602089	6687945	0.284	0.080	7644926	5826686	1124640	1761928	4910112	4346229	944820	1001588	2734814	1480457	179820	760340	24854983	5427679	7372	16330022	6180880	1409684	432867	5855011	66826	23594717	6687945
2021-05-03	30734355	451693	335336	116357	22828797	1913133	5983467	23939011	6804302	0.288	0.082	7644926	5826686	1124640	1761928	4910112	4346229	944820	1001588	2734814	1480457	179820	760340	25212816	5521539	8958	16556939	6271858	1467073	446060	5906041	77426	23930053	6804302
2021-05-04	31577290	842935	681208	161727	23455110	1976564	6133697	24623180	6966029	0.296	0.084	7644926	5826686	1124640	1761928	4910112	4346229	944820	1001588	2734814	1480457	179820	760340	25588499	5988791	11919	17051429	6403681	1517266	459298	6042566	91131	24611261	6966029
2021-05-05	32724190	1146900	914900	232000	24306098	2055529	6346174	25542550	7198029	0.307	0.087	7644926	5826686	1124640	1761928	4910112	4346229	944820	1001588	2734814	1480457	179820	760340	26009435	6714755	16389	17717292	6588806	1570726	484803	6238143	108031	25526161	7198029
2021-05-06	33714667	990477	767290	223187	24998765	2147634	6547685	26314034	7421216	0.316	0.089	7644926	5826686	1124640	1761928	4910112	4346229	944820	1001588	2734814	1480457	179820	760340	26424801	7289866	20583	18232821	6765944	1640428	507206	6420202	127483	26293451	7421216
2021-05-07	34604936	890269	652104	238165	25585948	2234324	6760113	26970106	7659381	0.324	0.092	7644926	5826686	1124640	1761928	4910112	4346229	944820	1001588	2734814	1480457	179820	760340	26871054	7733882	24551	18646027	6939921	1696155	538169	6603373	156740	26945555	7659381
2021-05-08	35030695	425759	271688	154071	25853599	2306106	6844722	27243511	7813452	0.328	0.094	7644926	5826686	1124640	1761928	4910112	4346229	944820	1001588	2734814	1480457	179820	760340	27236322	7794373	26268	18800785	7052814	1748102	558004	6668356	176366	27217243	7813452
2021-05-09	35316869	286174	183622	102552	26047492	2362659	6879384	27428199	7916004	0.330	0.095	7644926	5826686	1124640	1761928	4910112	4346229	944820	1001588	2734814	1480457	179820	760340	27511461	7805408	27334	18915412	7132080	1793857	568802	6691596	187788	27400865	7916004
2021-05-10	35906193	589324	395801	193523	26420649	2444448	7010033	27827729	8109527	0.335	0.098	7644926	5826686	1124640	1761928	4910112	4346229	944820	1001588	2734814	1480457	179820	760340	27911887	7994306	31063	19146796	7273853	1853473	590975	6796397	213636	27796666	8109527
2021-05-11	36991999	1085806	797947	287859	27246571	2524339	7186384	28629318	8397386	0.344	0.101	7644926	5826686	1124640	1761928	4910112	4346229	944820	1001588	2734814	1480457	179820	760340	28343998	8648001	34705	19739818	7506753	1911198	613141	6943597	242787	28594613	8397386
2021-05-12	38407826	1415827	1049228	366599	28339841	2615988	7411609	29684229	8763985	0.357	0.105	7644926	5826686	1124640	1761928	4910112	4346229	944820	1001588	2734814	1480457	179820	760340	28803842	9603984	40388	20536665	7803176	1972318	643670	7134858	276751	29643841	8763985
2021-05-13	38837080	429254	268403	160851	28655178	2682759	7456108	29955279	8924836	0.360	0.107	7644926	5826686	1124640	1761928	4910112	4346229	944820	1001588	2734814	1480457	179820	760340	29159617	9677463	43035	20724227	7930951	2023878	658881	7164139	291969	29912244	8924836
2021-05-14	39593577	756497	525977	230520	29200417	2747667	7594663	30489051	9155356	0.367	0.110	7644926	5826686	1124640	1761928	4910112	4346229	944820	1001588	2734814	1480457	179820	760340	29564777	10028800	50830	21088879	8111538	2073610	674057	7275732	318931	30438221	9155356
2021-05-15	39993628	400051	234536	165515	29479450	2807967	7651101	30727867	9320871	0.369	0.112	7644926	5826686	1124640	1761928	4910112	4346229	944820	1001588	2734814	1480457	179820	760340	29917162	10076466	55110	21245560	8233890	2117560	690407	7309637	341464	30672757	9320871
2021-05-16	40276198	282570	160599	121971	29679633	2860707	7676023	30893191	9442842	0.371	0.114	7644926	5826686	1124640	1761928	4910112	4346229	944820	1001588	2734814	1480457	179820	760340	30183727	10092471	59835	21351996	8327637	2160415	700292	7320945	355078	30833356	9442842
2021-05-17	40831491	555293	349276	206017	30018001	2946382	7797516	31252224	9648859	0.376	0.116	7644926	5826686	1124640	1761928	4910112	4346229	944820	1001588	2734814	1480457	179820	760340	30569702	10261789	69592	21544875	8473126	2221677	724705	7416080	381436	31182632	9648859
2021-05-18	41703496	872005	517340	354665	30607634	3047476	7971022	31777336	10003524	0.382	0.120	7644926	5826686	1124640	1761928	4910112	4346229	944820	1001588	2734814	1480457	179820	760340	30986703	10716793	77364	21844254	8763380	2294184	753292	7561534	409488	31699972	10003524
2021-05-19	42801178	1097682	563609	534073	31411742	3147564	8152350	32353103	10537597	0.389	0.127	7644926	5826686	1124640	1761928	4910112	4346229	944820	1001588	2734814	1480457	179820	760340	31404607	11396571	89522	22188254	9223488	2360424	787140	7714903	437447	32263581	10537597
2021-05-20	43748424	947246	455561	491685	32095067	3244038	8308955	32819506	11029282	0.395	0.133	7644926	5826686	1124640	1761928	4910112	4346229	944820	1001588	2734814	1480457	179820	760340	31820910	11927514	100364	22449177	9645890	2425935	818103	7844030	464925	32719142	11029282
2021-05-21	44599409	850985	405937	445048	32691145	3329703	8466317	33237323	11474330	0.400	0.138	7644926	5826686	1124640	1761928	4910112	4346229	944820	1001588	2734814	1480457	179820	760340	32249175	12350234	112244	22671668	10019477	2482307	847396	7971104	495213	33125079	11474330
2021-05-22	45073198	473789	214817	258972	32997269	3399204	8550204	33466417	11733302	0.402	0.141	7644926	5826686	1124640	1761928	4910112	4346229	944820	1001588	2734814	1480457	179820	760340	32594034	12479164	126521	22770074	10227195	2530613	868591	8039209	510995	33339896	11733302
2021-05-23	45358276	285078	124719	160359	33190190	3458592	8574109	33600000	11893661	0.404	0.143	7644926	5826686	1124640	1761928	4910112	4346229	944820	1001588	2734814	1480457	179820	760340	32860991	12497285	135385	22835698	10354492	2574910	883682	8054007	520102	33464615	11893661
2021-05-24	45684248	325972	141120	184852	33425908	3520140	8594773	33749162	12078513	0.406	0.145	7644926	5826686	1124640	1761928	4910112	4346229	944820	1001588	2734814	1480457	179820	760340	33171438	12512810	143427	22918295	10507613	2621462	898678	8065978	528795	33605735	12078513
2021-05-25	46339703	655455	272084	383371	33872542	3599807	8698816	34046357	12461884	0.409	0.150	7644926	5826686	1124640	1761928	4910112	4346229	944820	1001588	2734814	1480457	179820	760340	33567950	12771753	168538	23059997	10812545	2672905	926902	8144917	553899	33877819	12461884
2021-05-26	47519301	1179598	469507	710091	34757436	3682199	8832912	34594080	13171975	0.416	0.158	7644926	5826686	1124640	1761928	4910112	4346229	944820	1001588	2734814	1480457	179820	760340	33984133	13535168	246754	23374810	11382626	2725492	956707	8247024	585888	34347326	13171975
2021-05-27	48559941	1040640	404093	636547	35496455	3771086	8964523	35079296	13808522	0.422	0.166	7644926	5826686	1124640	1761928	4910112	4346229	944820	1001588	2734814	1480457	179820	760340	34402936	14157005	327877	23632617	11863838	2777109	993977	8341693	622830	34751419	13808522
2021-05-28	49463169	903228	356208	547020	36099385	3857163	9094998	35519250	14355542	0.427	0.173	7644926	5826686	1124640	1761928	4910112	4346229	944820	1001588	2734814	1480457	179820	760340	34838203	14624966	411623	23849345	12250040	2827621	1029542	8430661	664337	35107627	14355542
2021-05-29	49873242	410073	151649	258424	36361178	3919702	9152952	35698686	14613966	0.429	0.176	7644926	5826686	1124640	1761928	4910112	4346229	944820	1001588	2734814	1480457	179820	760340	35173867	14699375	439410	23929143	12432035	2864465	1055237	8465668	687284	35259276	14613966
2021-05-30	50156744	283502	97696	185806	36558297	3966706	9181304	35807409	14799772	0.431	0.178	7644926	5826686	1124640	1761928	4910112	4346229	944820	1001588	2734814	1480457	179820	760340	35435551	14721193	450437	23988339	12569958	2891805	1074901	8476828	704476	35356972	14799772
2021-05-31	50703243	546499	178219	368280	36925384	4034061	9250891	36028098	15168052	0.433	0.182	7644926	5826686	1124640	1761928	4910112	4346229	944820	1001588	2734814	1480457	179820	760340	35824281	14878962	492907	24099989	12825395	2919467	1114594	8515735	735156	35535191	15168052
2021-06-01	51691306	988063	399835	588228	37658719	4113795	9341386	36512432	15756280	0.439	0.189	7644926	5826686	1124640	1761928	4910112	4346229	944820	1001588	2734814	1480457	179820	760340	36221871	15469435	577406	24416033	13242686	2949158	1164637	8569835	771551	35935026	15756280
2021-06-02	52938523	1247217	516701	730516	38647558	4186283	9423597	37132812	16486796	0.446	0.198	7644926	5826686	1124640	1761928	4910112	4346229	944820	1001588	2734814	1480457	179820	760340	36628810	16309713	681085	24865343	13782215	2973596	1212687	8612788	810809	36451727	16486796
2021-06-03	53581152	642629	230341	412288	39122453	4250596	9473816	37416355	16899084	0.450	0.203	7644926	5826686	1124640	1761928	4910112	4346229	944820	1001588	2734814	1480457	179820	760340	36992026	16589126	734287	25045120	14077333	3003302	1247294	8633646	840170	36682068	16899084
2021-06-04	54391417	810265	291036	519229	39707417	4321823	9550673	37784608	17418313	0.454	0.209	7644926	5826686	1124640	1761928	4910112	4346229	944820	1001588	2734814	1480457	179820	760340	37399803	16991614	811504	25273003	14434414	3031992	1289831	8668109	882564	36973104	17418313
2021-06-05	54804204	412787	96259	316528	39978505	4388740	9594841	37911481	17734841	0.456	0.213	7644926	5826686	1124640	1761928	4910112	4346229	944820	1001588	2734814	1480457	179820	760340	37749046	17055158	842118	25332079	14646426	3058280	1330460	8679004	915837	37069363	17734841
2021-06-06	55096369	292165	59371	232794	40184202	4429730	9622078	37989093	17967635	0.457	0.216	7644926	5826686	1124640	1761928	4910112	4346229	944820	1001588	2734814	1480457	179820	760340	38011502	17084867	860359	25375960	14808242	3070250	1359480	8682524	939554	37128734	17967635
2021-06-07	55709544	613175	192621	420554	40585392	4514769	9694565	38236173	18388189	0.460	0.221	7644926	5826686	1124640	1761928	4910112	4346229	944820	1001588	2734814	1480457	179820	760340	38385393	17323248	914818	25509912	15075480	3097800	1416969	8713643	980922	37321355	18388189
2021-06-08	56760205	1050661	339291	711370	41429538	4590120	9757490	38643703	19099559	0.465	0.230	7644926	5826686	1124640	1761928	4910112	4346229	944820	1001588	2734814	1480457	179820	760340	38788233	17968865	983057	25790693	15638845	3124027	1466093	8745926	1011564	37660646	19099559
2021-06-09	58178973	1418768	444687	974081	42601368	4677364	9821474	39184100	20073640	0.471	0.241	7644926	5826686	1124640	1761928	4910112	4346229	944820	1001588	2734814	1480457	179820	760340	39216272	18956810	1078767	26174600	16426768	3152408	1524956	8778325	1043149	38105333	20073640
2021-06-10	59366827	1187854	401675	786179	43555222	4767164	9877235	39674214	20859819	0.477	0.251	7644926	5826686	1124640	1761928	4910112	4346229	944820	1001588	2734814	1480457	179820	760340	39652585	19705530	1167206	26517375	17037847	3184421	1582743	8805212	1072023	38507008	20859819
2021-06-11	60425765	1058938	361325	697613	44359366	4856188	9946229	40132315	21557432	0.483	0.259	7644926	5826686	1124640	1761928	4910112	4346229	944820	1001588	2734814	1480457	179820	760340	40095747	20318630	1263982	26821011	17538355	3212623	1643565	8834699	1111530	38868333	21557432
2021-06-12	60860581	434816	123507	311309	44643831	4927949	9989579	40291062	21868741	0.484	0.263	7644926	5826686	1124640	1761928	4910112	4346229	944820	1001588	2734814	1480457	179820	760340	40427466	20420893	1299222	26912756	17731075	3231335	1696614	8847749	1141830	38991840	21868741
2021-06-13	61143554	282973	64686	218287	44823704	4991461	10015378	40369537	22087028	0.485	0.266	7644926	5826686	1124640	1761928	4910112	4346229	944820	1001588	2734814	1480457	179820	760340	40674779	20456247	1313011	26956897	17866807	3247259	1744202	8852370	1163008	39056526	22087028
2021-06-14	61796287	652733	212350	440383	45252633	5092663	10082749	40637118	22527411	0.489	0.271	7644926	5826686	1124640	1761928	4910112	4346229	944820	1001588	2734814	1480457	179820	760340	41085001	20696780	1368242	27128056	18124577	3270866	1821797	8869954	1212795	39268876	22527411
2021-06-15	62839607	1043320	344141	699179	46047882	5197184	10167216	41040342	23226590	0.493	0.279	7644926	5826686	1124640	1761928	4910112	4346229	944820	1001588	2734814	1480457	179820	760340	41538142	21283470	1427325	27424058	18623824	3299389	1897795	8889570	1277646	39613017	23226590
2021-06-16	64216437	1376830	461750	915080	47145873	5303306	10263648	41578377	24141670	0.500	0.290	7644926	5826686	1124640	1761928	4910112	4346229	944820	1001588	2734814	1480457	179820	760340	42012399	22182018	1503610	27828138	19317735	3331538	1971768	8915091	1348557	40074767	24141670
2021-06-17	65359428	1142991	395450	747541	48025415	5406412	10355734	42042084	24889211	0.506	0.299	7644926	5826686	1124640	1761928	4910112	4346229	944820	1001588	2734814	1480457	179820	760340	42481820	22852215	1571867	28171947	19853468	3360902	2045510	8937368	1418366	40470217	24889211
2021-06-18	66347352	987924	341669	646255	48754313	5500463	10451881	42452581	25535466	0.510	0.307	7644926	5826686	1124640	1761928	4910112	4346229	944820	1001588	2734814	1480457	179820	760340	42936757	23382503	1640695	28460576	20293737	3391940	2108523	8959370	1492511	40811886	25535466
2021-06-19	66774057	426705	119375	307330	49026956	5582538	10502726	42593098	25842796	0.512	0.311	7644926	5826686	1124640	1761928	4910112	4346229	944820	1001588	2734814	1480457	179820	760340	43277721	23466988	1661837	28552453	20474503	3412908	2169630	8965900	1536826	40931261	25842796
2021-06-20	67068873	294816	67795	227021	49205642	5654037	10534545	42673705	26069817	0.513	0.313	7644926	5826686	1124640	1761928	4910112	4346229	944820	1001588	2734814	1480457	179820	760340	43542632	23496614	1674649	28601609	20604033	3428936	2225101	8968511	1566034	40999056	26069817
2021-06-21	67696577	627704	207025	420679	49614227	5751449	10619938	42917044	26490496	0.516	0.319	7644926	5826686	1124640	1761928	4910112	4346229	944820	1001588	2734814	1480457	179820	760340	43938786	23726147	1710963	28769825	20844402	3453774	2297675	8982482	1637456	41206081	26490496
2021-06-22	68767198	1070621	370102	700519	50452724	5847130	10722331	43321196	27191015	0.521	0.327	7644926	5826686	1124640	1761928	4910112	4346229	944820	1001588	2734814	1480457	179820	760340	44376703	24354112	1745013	29093395	21359329	3484110	2363020	8998678	1723653	41576183	27191015
2021-06-23	70095471	1328273	482713	845560	51535642	5942696	10837768	43838261	28036575	0.527	0.337	7644926	5826686	1124640	1761928	4910112	4346229	944820	1001588	2734814	1480457	179820	760340	44816039	25237778	1779365	29525884	22009758	3513722	2428974	9019290	1818478	42058896	28036575
2021-06-24	71124987	1029516	483993	545523	52327461	6029738	10948264	44362413	28582098	0.533	0.344	7644926	5826686	1124640	1761928	4910112	4346229	944820	1001588	2734814	1480457	179820	760340	45248106	25830883	1819524	29953580	22373881	3548801	2480937	9040508	1907756	42542889	28582098
2021-06-25	72039612	914625	375067	539558	53015936	6106034	11058104	44777494	29121656	0.538	0.350	7644926	5826686	1124640	1761928	4910112	4346229	944820	1001588	2734814	1480457	179820	760340	45675986	26314646	1859538	30282295	22733641	3575322	2530712	9060339	1997765	42917956	29121656
2021-06-26	72448096	408484	135439	273045	53269731	6175062	11130569	44926129	29394701	0.540	0.353	7644926	5826686	1124640	1761928	4910112	4346229	944820	1001588	2734814	1480457	179820	760340	46020119	26378225	1872734	30385961	22883770	3600869	2574193	9066565	2064004	43053395	29394701
2021-06-27	72739713	291617	89636	201981	53442392	6233137	11187329	45019886	29596682	0.541	0.356	7644926	5826686	1124640	1761928	4910112	4346229	944820	1001588	2734814	1480457	179820	760340	46285663	26403445	1876855	30452940	22989452	3620129	2613008	9069962	2117367	43143031	29596682
2021-06-28	73365377	625664	241239	384425	53840275	6322840	11301057	45285475	29981107	0.545	0.360	7644926	5826686	1124640	1761928	4910112	4346229	944820	1001588	2734814	1480457	179820	760340	46694833	26617843	1901205	30648213	23192062	3652363	2670477	9083694	2217363	43384270	29981107
2021-06-29	74293348	927971	385386	542585	54520690	6415383	11433703	45693228	30523692	0.549	0.367	7644926	5826686	1124640	1761928	4910112	4346229	944820	1001588	2734814	1480457	179820	760340	47122162	27113831	1923572	30988995	23531695	3685259	2730124	9095402	2338301	43769656	30523692
2021-06-30	75309669	1016321	446647	569674	55284298	6509088	11570105	46162481	31093366	0.555	0.374	7644926	5826686	1124640	1761928	4910112	4346229	944820	1001588	2734814	1480457	179820	760340	47549123	27697962	1946178	31386443	23897855	3719985	2789103	9109875	2460230	44216303	31093366
2021-07-01	76287295	977626	449507	528119	56023757	6592126	11702824	46634398	31621485	0.561	0.380	7644926	5826686	1124640	1761928	4910112	4346229	944820	1001588	2734814	1480457	179820	760340	47952180	28268207	1968588	31791953	24231804	3750464	2841662	9123393	2579431	44665810	31621485
2021-07-02	77128674	841379	376924	464455	56670315	6686478	11781863	47032752	32085940	0.566	0.386	7644926	5826686	1124640	1761928	4910112	4346229	944820	1001588	2734814	1480457	179820	760340	48348422	28709971	1990018	32127967	24542348	3782173	2904305	9132594	2649269	45042734	32085940
2021-07-03	77504929	376255	148254	228001	56925076	6765754	11808969	47196118	32313941	0.567	0.389	7644926	5826686	1124640	1761928	4910112	4346229	944820	1001588	2734814	1480457	179820	760340	48657680	28776252	2005130	32248843	24676233	3806760	2958994	9135385	2673584	45190988	32313941
2021-07-04	77777580	272651	92675	179976	57106407	6833893	11823488	47297455	32493917	0.569	0.391	7644926	5826686	1124640	1761928	4910112	4346229	944820	1001588	2734814	1480457	179820	760340	48902812	28803194	2013792	32321640	24784767	3825194	3008699	9136829	2686659	45283663	32493917
2021-07-05	78311374	533794	194925	338869	57491527	6928187	11863018	47507230	32832786	0.571	0.395	7644926	5826686	1124640	1761928	4910112	4346229	944820	1001588	2734814	1480457	179820	760340	49244551	28993153	2028642	32486238	25005289	3851172	3077015	9141178	2721840	45478588	32832786
2021-07-06	79085272	773898	268656	505242	58105738	7027005	11908229	47791544	33338028	0.575	0.401	7644926	5826686	1124640	1761928	4910112	4346229	944820	1001588	2734814	1480457	179820	760340	49584777	29423099	2044300	32725105	25380633	3876416	3150589	9145723	2762506	45747244	33338028
2021-07-07	80076052	990780	322248	668532	58931037	7122339	11959513	48132655	34006560	0.579	0.409	7644926	5826686	1124640	1761928	4910112	4346229	944820	1001588	2734814	1480457	179820	760340	49937328	30056482	2063163	33017380	25913657	3900991	3221348	9151121	2808392	46069492	34006560
2021-07-08	80918130	842078	261661	580417	59610661	7223045	12002070	48413507	34586977	0.582	0.416	7644926	5826686	1124640	1761928	4910112	4346229	944820	1001588	2734814	1480457	179820	760340	50280204	30551427	2082354	33252344	26358317	3923411	3299634	9155398	2846672	46331153	34586977
2021-07-09	81671039	752909	218357	534552	60201618	7321423	12045193	48652315	35121529	0.585	0.422	7644926	5826686	1124640	1761928	4910112	4346229	944820	1001588	2734814	1480457	179820	760340	50624073	30956968	2102805	33448413	26753205	3941261	3380162	9159836	2885357	46549510	35121529
2021-07-10	82013815	342776	95384	247392	60429410	7405585	12066270	48757444	35368921	0.586	0.425	7644926	5826686	1124640	1761928	4910112	4346229	944820	1001588	2734814	1480457	179820	760340	50897940	31025280	2112550	33524247	26905163	3959372	3446213	9161275	2904995	46644894	35368921
2021-07-11	82241548	227733	60938	166795	60575060	7469089	12076556	48826675	35535716	0.587	0.427	7644926	5826686	1124640	1761928	4910112	4346229	944820	1001588	2734814	1480457	179820	760340	51106379	31044204	2120843	33569946	27005114	3974144	3494945	9161742	2914814	46705832	35535716
2021-07-12	82705903	464355	150122	314233	60922474	7547946	12100567	48990870	35849949	0.589	0.431	7644926	5826686	1124640	1761928	4910112	4346229	944820	1001588	2734814	1480457	179820	760340	51372281	31240232	2134916	33689315	27233159	4003026	3544920	9163613	2936954	46855954	35849949
2021-07-13	83462523	756620	179083	577537	61547101	7625548	12135111	49189800	36427486	0.591	0.438	7644926	5826686	1124640	1761928	4910112	4346229	944820	1001588	2734814	1480457	179820	760340	51625642	31739362	2154763	33840171	27706930	4028992	3596556	9165874	2969237	47035037	36427486
2021-07-14	84432318	969795	202181	767614	62375360	7697303	12182200	49414673	37195100	0.594	0.447	7644926	5826686	1124640	1761928	4910112	4346229	944820	1001588	2734814	1480457	179820	760340	51900896	32429200	2177455	34017502	28357858	4050177	3647126	9169539	3012661	47237218	37195100
2021-07-15	85194836	762518	170191	592327	63006184	7768130	12220731	49607200	37787427	0.596	0.454	7644926	5826686	1124640	1761928	4910112	4346229	944820	1001588	2734814	1480457	179820	760340	52157303	32931568	2199791	34165644	28840540	4069353	3698777	9172412	3048319	47407409	37787427
2021-07-16	85848683	653847	150195	503652	63542209	7832276	12252663	49779139	38291079	0.599	0.460	7644926	5826686	1124640	1761928	4910112	4346229	944820	1001588	2734814	1480457	179820	760340	52410592	33328254	2221535	34296721	29245488	4086555	3745721	9174328	3078335	47557604	38291079
2021-07-17	86118468	269785	70502	199283	63715291	7895399	12268294	49867590	38490362	0.600	0.463	7644926	5826686	1124640	1761928	4910112	4346229	944820	1001588	2734814	1480457	179820	760340	52622000	33384580	2239484	34350689	29364602	4102208	3793191	9175209	3093085	47628106	38490362
2021-07-18	86317439	198971	59312	139659	63850307	7936928	12279726	49937896	38630021	0.600	0.464	7644926	5826686	1124640	1761928	4910112	4346229	944820	1001588	2734814	1480457	179820	760340	52792347	33412623	2250478	34400464	29449843	4111473	3825455	9175481	3104245	47687418	38630021
2021-07-19	86694980	377541	90957	286584	64143436	7987387	12299495	50043037	38916605	0.602	0.468	7644926	5826686	1124640	1761928	4910112	4346229	944820	1001588	2734814	1480457	179820	760340	52987847	33592649	2264662	34477159	29666277	4124404	3862983	9176812	3122683	47778375	38916605
2021-07-20	87294398	599418	125781	473637	64658419	8035707	12321366	50183062	39390242	0.603	0.474	7644926	5826686	1124640	1761928	4910112	4346229	944820	1001588	2734814	1480457	179820	760340	53205153	33970767	2278906	34584804	30073615	4140013	3895694	9179339	3142027	47904156	39390242
2021-07-21	88038213	743815	154300	589515	65319837	8081649	12344096	50351087	39979757	0.605	0.481	7644926	5826686	1124640	1761928	4910112	4346229	944820	1001588	2734814	1480457	179820	760340	53437574	34477235	2292631	34724554	30595283	4152968	3928681	9180934	3163162	48058456	39979757
2021-07-22	88647350	609137	120784	488353	65853443	8124961	12362924	50485262	40468110	0.607	0.487	7644926	5826686	1124640	1761928	4910112	4346229	944820	1001588	2734814	1480457	179820	760340	53661595	34857754	2306022	34833874	31019569	4163051	3961910	9182315	3180609	48179240	40468110
2021-07-23	89206665	559315	112901	446414	66334541	8167211	12381426	50615628	40914524	0.609	0.492	7644926	5826686	1124640	1761928	4910112	4346229	944820	1001588	2734814	1480457	179820	760340	53890058	35185498	2323487	34935483	31399058	4173006	3994205	9183652	3197774	48292141	40914524
2021-07-24	89414831	208166	52049	156117	66486205	8204638	12389168	50679010	41070641	0.609	0.494	7644926	5826686	1124640	1761928	4910112	4346229	944820	1001588	2734814	1480457	179820	760340	54042265	35239989	2334820	34979518	31506687	4180256	4024382	9184416	3204752	48344190	41070641
2021-07-25	89538710	123879	31921	91958	66569717	8236073	12392445	50716586	41162599	0.610	0.495	7644926	5826686	1124640	1761928	4910112	4346229	944820	1001588	2734814	1480457	179820	760340	54146300	35258381	2340475	35005066	31564651	4186512	4049561	9184533	3207912	48376111	41162599
2021-07-26	89868918	330208	70928	259280	66837248	8275719	12404728	50798262	41421879	0.611	0.498	7644926	5826686	1124640	1761928	4910112	4346229	944820	1001588	2734814	1480457	179820	760340	54326264	35406924	2351223	35065379	31771869	4196020	4079699	9185640	3219088	48447039	41421879
2021-07-27	90407858	538940	97125	441815	67301818	8317782	12424513	50907909	41863694	0.612	0.503	7644926	5826686	1124640	1761928	4910112	4346229	944820	1001588	2734814	1480457	179820	760340	54528561	35739285	2363745	35152552	32149266	4204684	4113098	9186928	3237585	48544164	41863694
2021-07-28	91081181	673323	120551	552772	67892193	8364262	12447790	51041651	42416466	0.614	0.510	7644926	5826686	1124640	1761928	4910112	4346229	944820	1001588	2734814	1480457	179820	760340	54751728	36185608	2376936	35262493	32629700	4214063	4150199	9188159	3259631	48664715	42416466
2021-07-29	91642138	560957	103999	456958	68376757	8407245	12467497	51159353	42873424	0.615	0.516	7644926	5826686	1124640	1761928	4910112	4346229	944820	1001588	2734814	1480457	179820	760340	54952754	36541536	2390639	35356243	33020514	4223101	4184144	9189370	3278127	48768714	42873424
2021-07-30	92123041	480903	92687	388216	68780786	8451910	12484563	51267183	43261640	0.616	0.520	7644926	5826686	1124640	1761928	4910112	4346229	944820	1001588	2734814	1480457	179820	760340	55154091	36818387	2405782	35439158	33341628	4231816	4220094	9190427	3294136	48861401	43261640
2021-07-31	92311871	188830	45856	142974	68917342	8487423	12490497	51323866	43404614	0.617	0.522	7644926	5826686	1124640	1761928	4910112	4346229	944820	1001588	2734814	1480457	179820	760340	55304427	36856357	2416609	35478844	33438498	4237834	4249589	9190579	3299918	48907257	43404614
2021-08-01	92425727	113856	29486	84370	68998927	8512263	12492727	51358553	43488984	0.618	0.523	7644926	5826686	1124640	1761928	4910112	4346229	944820	1001588	2734814	1480457	179820	760340	55401541	36872662	2421810	35504210	33494717	4241874	4270389	9190659	3302068	48936743	43488984
2021-08-02	92700668	274941	55484	219457	69222608	8544833	12501747	51423707	43708441	0.618	0.526	7644926	5826686	1124640	1761928	4910112	4346229	944820	1001588	2734814	1480457	179820	760340	55554434	36992897	2431480	35554486	33668122	4246525	4298308	9191216	3310531	48992227	43708441
