date	dosen_kumulativ	dosen_differenz_zum_vortag	dosen_erst_differenz_zum_vortag	dosen_zweit_differenz_zum_vortag	dosen_biontech_kumulativ	dosen_moderna_kumulativ	dosen_astrazeneca_kumulativ	personen_erst_kumulativ	personen_voll_kumulativ	impf_quote_erst	impf_quote_voll	indikation_alter_dosen	indikation_beruf_dosen	indikation_medizinisch_dosen	indikation_pflegeheim_dosen	indikation_alter_erst	indikation_beruf_erst	indikation_medizinisch_erst	indikation_pflegeheim_erst	indikation_alter_voll	indikation_beruf_voll	indikation_medizinisch_voll	indikation_pflegeheim_voll	dosen_dim_kumulativ	dosen_kbv_kumulativ	dosen_johnson_kumulativ	dosen_biontech_erst_kumulativ	dosen_biontech_zweit_kumulativ	dosen_moderna_erst_kumulativ	dosen_moderna_zweit_kumulativ	dosen_astrazeneca_erst_kumulativ	dosen_astrazeneca_zweit_kumulativ
2020-12-27	23999	23999	23986	13	23998	1	0	23986	13	0.000	0.000	10705	8657	1305	12604	10664	8590	1305	12536	41	67	0	68	23999	0	0	23985	13	1	0	0	0
2020-12-28	42484	18485	18448	37	42483	1	0	42434	50	0.001	0.000	18621	15788	1991	21344	18580	15721	1991	21276	41	67	0	68	42484	0	0	42433	50	1	0	0	0
2020-12-29	93219	50735	50010	725	93218	1	0	92444	775	0.001	0.000	34989	40734	3107	40508	34724	40420	3107	40099	265	314	0	409	93219	0	0	92443	775	1	0	0	0
2020-12-30	155891	62672	62552	120	155890	1	0	154996	895	0.002	0.000	55510	73365	4901	63206	55243	73050	4901	62794	267	315	0	412	155891	0	0	154995	895	1	0	0	0
2020-12-31	205910	50019	49870	149	205909	1	0	204866	1044	0.002	0.000	72831	96719	6752	83965	72517	96367	6752	83476	314	352	0	489	205910	0	0	204865	1044	1	0	0	0
2021-01-01	224688	18778	18771	7	224686	1	1	223637	1051	0.003	0.000	81208	105449	7830	92301	80894	105097	7830	91812	314	352	0	489	224688	0	0	223635	1051	1	0	1	0
2021-01-02	277109	52421	52138	283	277107	1	1	275775	1334	0.003	0.000	102774	129731	10350	113258	102365	129304	10350	112629	409	427	0	629	277109	0	0	275773	1334	1	0	1	0
2021-01-03	300886	23777	23772	5	300884	1	1	299547	1339	0.004	0.000	113044	140227	11284	123279	112635	139800	11284	122650	409	427	0	629	300886	0	0	299545	1339	1	0	1	0
2021-01-04	348963	48077	48026	51	348961	1	1	347573	1390	0.004	0.000	129646	164913	13951	139091	129237	164486	13951	138462	409	427	0	629	348963	0	0	347571	1390	1	0	1	0
2021-01-05	402678	53715	53685	30	402675	2	1	401258	1420	0.005	0.000	147987	192565	16489	157656	147576	192117	16489	157025	411	448	0	631	402678	0	0	401255	1420	2	0	1	0
2021-01-06	465351	62673	62668	5	465340	8	3	463926	1425	0.006	0.000	169498	225530	19910	180812	169086	225082	19910	180181	412	448	0	631	465351	0	0	463915	1425	8	0	3	0
2021-01-07	521301	55950	55941	9	521286	12	3	519867	1434	0.006	0.000	189172	254868	22957	197233	188758	254418	22957	196600	414	450	0	633	521301	0	0	519852	1434	12	0	3	0
2021-01-08	584361	63060	62737	323	584298	60	3	582604	1757	0.007	0.000	211521	287315	26324	218219	211009	286711	26320	217449	512	604	4	770	584361	0	0	582541	1757	60	0	3	0
2021-01-09	645446	61085	61038	47	645383	60	3	643642	1804	0.008	0.000	237322	313238	29007	243325	236798	312599	29003	242545	524	639	4	780	645446	0	0	643579	1804	60	0	3	0
2021-01-10	680961	35515	35506	9	680898	60	3	679148	1813	0.008	0.000	252455	327794	30379	256315	251929	327151	30375	255535	526	643	4	780	680961	0	0	679085	1813	60	0	3	0
2021-01-11	748542	67581	67529	52	748478	61	3	746677	1865	0.009	0.000	277513	359176	33587	276774	276967	358513	33583	275968	546	663	4	806	748542	0	0	746613	1865	61	0	3	0
2021-01-12	831189	82647	82589	58	831119	66	4	829266	1923	0.010	0.000	305695	401338	36582	301731	305147	400670	36578	300888	548	668	4	843	831189	0	0	829196	1923	66	0	4	0
2021-01-13	942900	111711	111513	198	942033	863	4	940779	2121	0.011	0.000	345167	458844	40485	337339	344574	458093	40466	336399	593	751	19	940	942900	0	0	939912	2121	863	0	4	0
2021-01-14	1025974	83074	82888	186	1020480	5490	4	1023667	2307	0.012	0.000	374803	501101	42769	361463	374094	500254	42750	360452	709	847	19	1011	1025974	0	0	1018217	2263	5446	44	4	0
2021-01-15	1117508	91534	90925	609	1106558	10927	23	1114592	2916	0.013	0.000	408725	545673	46728	389202	407810	544625	46700	387982	915	1048	28	1220	1117508	0	0	1103686	2872	10883	44	23	0
2021-01-16	1175079	57571	56665	906	1162357	12699	23	1171257	3822	0.014	0.000	432983	570627	48859	408798	431664	569232	48767	407047	1319	1395	92	1751	1175079	0	0	1158579	3778	12655	44	23	0
2021-01-17	1224079	49000	31657	17343	1210051	14004	24	1202914	21165	0.014	0.000	453449	591002	50884	428544	444215	583354	50014	417145	9234	7648	870	11399	1224079	0	0	1188930	21121	13960	44	24	0
2021-01-18	1306707	82628	66856	15772	1288644	18038	25	1269770	36937	0.015	0.000	482728	633883	53106	448900	467235	619730	51700	430238	15493	14153	1406	18662	1306707	0	0	1251752	36892	17993	45	25	0
2021-01-19	1424419	117712	82830	34882	1402841	21505	73	1352600	71819	0.016	0.001	519765	695968	56714	479843	492669	666683	54375	447938	27096	29285	2339	31905	1424419	0	0	1331067	71774	21460	45	73	0
2021-01-20	1556444	132025	80512	51513	1532111	24256	77	1433112	123332	0.017	0.001	568076	760039	60957	522078	522876	706310	57505	469463	45200	53729	3452	52615	1556444	0	0	1408824	123287	24211	45	77	0
2021-01-21	1664172	107728	65873	41855	1637127	26968	77	1498985	165187	0.018	0.002	610150	808503	65406	556195	549621	735602	60889	487988	60529	72901	4517	68207	1664172	0	0	1471985	165142	26923	45	77	0
2021-01-22	1768064	103892	68330	35562	1738965	29010	89	1567315	200749	0.019	0.002	654049	853889	69013	590642	579902	764987	63599	506975	74147	88902	5414	83667	1768064	0	0	1538263	200702	28963	47	89	0
2021-01-23	1853077	85013	40054	44959	1823594	29393	90	1607369	245708	0.019	0.003	691767	890989	72414	617916	599855	780966	64783	516268	91912	110023	7631	101648	1853077	0	0	1577933	245661	29346	47	90	0
2021-01-24	1902301	49224	26077	23147	1872570	29637	94	1633446	268855	0.020	0.003	715655	910067	73331	632982	614016	789814	65130	521524	101639	120253	8201	111458	1902301	0	0	1603762	268808	29590	47	94	0
2021-01-25	1994004	91703	53104	38599	1962548	31360	96	1686550	307454	0.020	0.004	756375	951632	76827	658117	642321	811974	66847	534304	114054	139658	9980	123813	1994004	0	0	1655141	307407	31313	47	96	0
2021-01-26	2092675	98671	50241	48430	2059561	33012	102	1736791	355884	0.021	0.004	796572	997196	80614	684405	667753	831436	68195	545278	128819	165760	12419	139127	2092675	0	0	1703728	355833	32961	51	102	0
2021-01-27	2203829	111154	51517	59637	2168750	34969	110	1788308	415521	0.022	0.005	839834	1049509	85786	715259	691463	852265	70042	556304	148371	197244	15744	158955	2203829	0	0	1753290	415460	34908	61	110	0
2021-01-28	2295000	91171	45127	46044	2258282	36605	113	1833435	461565	0.022	0.006	877990	1090332	89974	739697	713483	869115	71590	567469	164507	221217	18384	172228	2295000	0	0	1796796	461486	36526	79	113	0
2021-01-29	2404121	109121	51468	57653	2365980	38010	131	1884903	519218	0.023	0.006	920894	1138243	95507	769100	735839	888487	73819	578309	185055	249756	21688	190791	2404121	0	0	1846841	519139	37931	79	131	0
2021-01-30	2492593	88472	36311	52161	2453577	38884	132	1921214	571379	0.023	0.007	957412	1174692	99468	796433	752473	901967	75224	586328	204939	272725	24244	210105	2492593	0	0	1882278	571299	38804	80	132	0
2021-01-31	2549110	56517	25986	30531	2509716	39261	133	1947200	601910	0.023	0.007	982865	1196922	101575	812430	766590	910861	76411	592657	216275	286061	25164	219773	2549110	0	0	1907895	601821	39173	88	132	1
2021-02-01	2669761	120651	59161	61490	2628100	41471	190	2006361	663400	0.024	0.008	1026174	1260299	105285	839830	787193	944041	78273	602425	238981	316258	27012	237405	2669761	0	0	1964789	663311	41383	88	189	1
2021-02-02	2801440	131679	64222	67457	2756896	44339	205	2070583	730857	0.025	0.009	1069633	1330364	110479	870030	806216	982089	80866	611659	263417	348275	29613	258371	2801440	0	0	2026129	730767	44250	89	204	1
2021-02-03	2960906	159466	64162	95304	2909956	50724	226	2134745	826161	0.026	0.010	1128983	1407775	116405	912544	829819	1014401	83062	623312	299164	393374	33343	289232	2960906	0	0	2083887	826069	50633	91	225	1
2021-02-04	3092680	131774	61086	70688	3035850	56597	233	2195831	896849	0.026	0.011	1177986	1472437	120972	943857	851937	1046473	85311	632945	326049	425964	35661	310912	3092680	0	0	2139095	896755	56504	93	232	1
2021-02-05	3237390	144710	67663	77047	3174155	62994	241	2263494	973896	0.027	0.012	1232524	1542580	126293	977786	877231	1080338	86905	644262	355293	462242	39388	333524	3237390	0	0	2200354	973801	62901	93	239	2
2021-02-06	3337528	100138	47174	52964	3271765	65521	242	2310668	1026860	0.028	0.012	1272514	1588658	130853	1003590	896490	1101898	88782	653957	376024	486760	42071	349633	3337528	0	0	2245000	1026765	65428	93	240	2
2021-02-07	3391788	54260	28178	26082	3323626	67918	244	2338846	1052942	0.028	0.013	1298155	1609930	133571	1016823	910800	1112720	90015	659435	387355	497210	43556	357388	3391788	0	0	2270780	1052846	67824	94	242	2
2021-02-08	3501745	109957	53179	56778	3429588	71889	268	2392025	1109720	0.029	0.013	1350672	1655734	137545	1035599	942269	1129343	91902	666781	408403	526391	45643	368818	3501745	0	0	2319965	1109623	71794	95	266	2
2021-02-09	3635689	133944	59710	74234	3559488	75823	378	2451735	1183954	0.029	0.014	1411842	1714380	141993	1058512	978151	1147503	94639	674792	433691	566877	47354	383720	3635689	0	0	2376122	1183366	75237	586	376	2
2021-02-10	3787466	151777	75163	76614	3700216	79836	7414	2526898	1260568	0.030	0.015	1478760	1781046	146001	1087933	1017461	1175177	96286	685176	461299	605869	49715	402757	3787466	0	0	2441185	1259031	78301	1535	7412	2
2021-02-11	3928634	141168	73843	67325	3818785	86982	22867	2600741	1327893	0.031	0.016	1539776	1848576	151475	1113070	1052428	1208053	98713	694775	487348	640523	52762	418295	3928634	0	0	2495290	1323495	82593	4389	22858	9
2021-02-12	4085974	157340	81414	75926	3951925	96770	37279	2682155	1403819	0.032	0.017	1611268	1919253	157751	1138545	1094198	1240389	101429	704318	517070	678864	56322	434227	4085974	0	0	2557485	1394440	87402	9368	37268	11
2021-02-13	4193745	107771	62181	45590	4043629	99956	50160	2744336	1449409	0.033	0.017	1667599	1960972	162355	1156080	1129093	1262877	103231	711418	538506	698095	59124	444662	4193745	0	0	2605158	1438471	89049	10907	50129	31
2021-02-14	4259057	65312	40049	25263	4099216	102401	57440	2784385	1474672	0.033	0.018	1706122	1983696	163973	1164146	1153761	1276081	104081	714928	552361	707615	59892	449218	4259057	0	0	2636705	1462511	90292	12109	57388	52
2021-02-15	4385826	126769	71142	55627	4206306	107357	72163	2855527	1530299	0.034	0.018	1773591	2031897	168008	1183418	1194859	1300739	106358	721524	578732	731158	61650	461894	4385826	0	0	2690958	1515348	92484	14873	72085	78
2021-02-16	4522434	136608	81954	54654	4313590	113099	95745	2937481	1584953	0.035	0.019	1839625	2089928	170683	1200400	1236633	1336138	107879	728440	602992	753790	62804	471960	4522434	0	0	2746701	1566889	95121	17978	95659	86
2021-02-17	4671472	149038	93381	55657	4435380	120808	115284	3030862	1640610	0.036	0.020	1920033	2147919	175770	1221928	1292995	1368705	110873	736858	627038	779214	64897	485070	4671472	0	0	2815872	1619508	99797	21011	115193	91
2021-02-18	4814158	142686	91442	51244	4546452	128754	138952	3122304	1691854	0.038	0.020	1995907	2206102	179208	1240945	1345328	1403985	112659	744258	650579	802117	66549	496687	4814158	0	0	2879167	1667285	104282	24472	138855	97
2021-02-19	4968673	154515	99745	54770	4665679	138663	164331	3222049	1746624	0.039	0.021	2076668	2266444	184080	1258305	1402958	1440066	115287	750941	673710	826378	68793	507364	4968673	0	0	2946670	1719009	111187	27476	164192	139
2021-02-20	5082094	113421	76311	37110	4752923	143189	185982	3298360	1783734	0.040	0.021	2138268	2310157	187738	1272296	1445964	1469322	117533	755178	692304	840835	70205	517118	5082094	0	0	2997349	1755574	115185	28004	185826	156
2021-02-21	5168257	86163	57053	29110	4820557	146417	201283	3355413	1812844	0.040	0.022	2187054	2340674	190304	1282667	1479917	1489494	118664	757407	707137	851180	71640	525260	5168257	0	0	3036036	1784521	118254	28163	201123	160
2021-02-22	5328555	160298	100181	60117	4946691	155514	226350	3455594	1872961	0.042	0.023	2266701	2410287	195201	1300517	1538362	1525084	121627	763642	728339	885203	73574	536875	5328555	0	0	3103879	1842812	125541	29973	226174	176
2021-02-23	5495721	167166	107386	59780	5079232	162674	253815	3562980	1932741	0.043	0.023	2346910	2483166	200501	1318387	1598211	1563793	124757	771284	748699	919373	75744	547103	5495721	0	0	3178312	1900920	131040	31634	253628	187
2021-02-24	5671734	176013	116413	59600	5212081	170454	289199	3679393	1992341	0.044	0.024	2431789	2557990	207079	1337422	1660503	1608669	128907	778912	771286	949321	78172	558510	5671734	0	0	3253271	1958810	137132	33322	288990	209
2021-02-25	5861042	189308	130632	58676	5343314	177158	340570	3810025	2051017	0.046	0.025	2514175	2648479	213515	1355541	1722988	1667176	133470	787131	791187	981303	80045	568410	5861042	0	0	3327430	2015884	142384	34774	340211	359
2021-02-26	6070846	209804	144377	65427	5483596	185999	401251	3954402	2116444	0.048	0.025	2602819	2749814	220591	1375230	1787946	1735795	138593	794627	814873	1014019	81998	580603	6070846	0	0	3403970	2079626	149586	36413	400846	405
2021-02-27	6219404	148558	108539	40019	5576435	190201	452768	4062941	2156463	0.049	0.026	2666475	2822116	227301	1388101	1833818	1790224	143432	799030	832657	1031892	83869	589071	6219404	0	0	3457566	2118869	153024	37177	452351	417
2021-02-28	6327519	108115	83824	24291	5638843	194152	494524	4146765	2180754	0.050	0.026	2714700	2875405	231582	1394762	1868893	1834535	146785	801170	845807	1040870	84797	593592	6327519	0	0	3496045	2142798	156623	37529	494097	427
2021-03-01	6523326	195807	146439	49368	5767494	203562	552270	4293204	2230122	0.052	0.027	2817221	2953369	239381	1408021	1943445	1896228	153263	806209	873776	1057141	86118	601812	6523326	0	0	3577366	2190128	164010	39552	551828	442
2021-03-02	6743200	219874	166187	53687	5908107	213700	621393	4459391	2283809	0.054	0.027	2927307	3047588	248982	1422628	2022735	1971725	160632	812692	904572	1075863	88350	609936	6743200	0	0	3667120	2240987	171334	42366	620937	456
2021-03-03	6986972	243772	174783	68989	6065021	227543	694408	4634174	2352798	0.056	0.028	3047976	3148969	260606	1439862	2105531	2048823	170041	819606	942445	1100146	90565	620256	6986972	0	0	3760546	2304475	179750	47793	693878	530
2021-03-04	7230109	243137	180457	62680	6207426	241596	781087	4814631	2415478	0.058	0.029	3159240	3258741	272992	1455625	2181653	2136963	180034	825002	977587	1121778	92958	630623	7230109	0	0	3845530	2361896	188601	52995	780500	587
2021-03-05	7499224	269115	201690	67425	6354659	254926	889639	5016321	2482903	0.060	0.030	3277185	3383782	287941	1471072	2258903	2242620	191990	830697	1018282	1141162	95951	640375	7499224	0	0	3931218	2423441	196094	58832	889009	630
2021-03-06	7701687	202463	153162	49301	6465420	263517	972750	5169483	2532204	0.062	0.030	3366696	3478463	298371	1480590	2314602	2325555	200824	833966	1052094	1152908	97547	646624	7701687	0	0	3994897	2470523	202490	61027	972096	654
2021-03-07	7852074	150387	115924	34463	6547900	270248	1033926	5285407	2566667	0.064	0.031	3437978	3544531	306478	1486155	2360956	2383880	208082	835928	1077022	1160651	98396	650227	7852074	0	0	4045274	2502626	206879	63369	1033254	672
2021-03-08	8091261	239187	186682	52505	6683615	281257	1126389	5472089	2619172	0.066	0.031	3556806	3640371	322827	1498475	2442587	2468035	222757	841890	1114219	1172336	100070	656585	8091261	0	0	4131860	2551755	214543	66714	1125686	703
2021-03-09	8341702	250441	195668	54773	6823756	294119	1223827	5667757	2673945	0.068	0.032	3677710	3742787	340236	1512022	2524321	2558568	238262	848791	1153389	1184219	101974	663231	8341702	0	0	4220660	2603096	224043	70076	1223054	773
2021-03-10	8624942	283240	217545	65695	6981409	305573	1337960	5885302	2739640	0.071	0.033	3808598	3856306	360962	1530389	2606688	2661880	256906	860000	1201910	1194426	104056	670389	8623971	971	0	4315776	2665633	232396	73177	1337130	830
2021-03-11	8906440	281498	220589	60909	7130507	318799	1457134	6105891	2800549	0.073	0.034	3937470	3976178	382106	1544008	2689957	2769533	276555	867677	1247513	1206645	105551	676331	8904814	1626	0	4408266	2722241	241379	77420	1456246	888
2021-03-12	9230401	323961	252303	71658	7283388	336373	1610640	6358194	2872207	0.076	0.035	4071484	4127850	404783	1559463	2770420	2906954	297406	877132	1301064	1220896	107377	682331	9228565	1836	0	4494510	2788878	254222	82151	1609462	1178
2021-03-13	9476926	246525	197074	49451	7398088	346123	1732715	6555268	2921658	0.079	0.035	4181046	4240796	425293	1567511	2840453	3011727	316755	881879	1340593	1229069	108538	685632	9474934	1992	0	4561187	2836901	262593	83530	1731488	1227
2021-03-14	9648106	171180	135185	35995	7487591	351269	1809246	6690453	2957653	0.080	0.036	4266043	4307307	441408	1570975	2896461	3072888	331859	883676	1369582	1234419	109549	687299	9646104	2002	0	4615683	2871908	266769	84500	1808001	1245
2021-03-15	9896367	248261	189396	58865	7639975	363684	1892708	6879849	3016518	0.083	0.036	4400463	4391447	461474	1582289	2984151	3147219	350790	890548	1416312	1244228	110684	691741	9894082	2285	0	4710910	2929065	277557	86127	1891382	1326
2021-03-16	10075525	179158	112136	67022	7806101	374793	1894631	6991985	3083540	0.084	0.037	4527474	4426082	473886	1593025	3059300	3169255	361553	895647	1468174	1256827	112333	697378	10072693	2832	0	4812353	2993748	286330	88463	1893302	1329
2021-03-17	10280738	205213	125749	79464	7991867	392823	1896048	7117734	3163004	0.086	0.038	4672447	4463838	487350	1605072	3141952	3193652	373040	902175	1530495	1270186	114310	702897	10277289	3449	0	4923418	3068449	299601	93222	1894715	1333
2021-03-18	10475437	194699	119355	75344	8166761	411052	1897624	7237089	3238348	0.087	0.039	4812398	4498757	499905	1615322	3222615	3215628	383588	907340	1589783	1283129	116317	707982	10471565	3872	0	5028040	3138721	312760	98292	1896289	1335
2021-03-19	10719339	243902	161060	82842	8351334	431647	1936358	7398149	3321190	0.089	0.040	4961948	4563922	518114	1627194	3306761	3267408	399605	914537	1655187	1296514	118509	712657	10714936	4403	0	5136510	3214824	326695	104952	1934944	1414
2021-03-20	10939561	220222	166331	53891	8487807	446962	2004792	7564480	3375081	0.091	0.041	5078536	4641917	537715	1633319	3379545	3337212	417708	917920	1698991	1304705	120007	715399	10934834	4727	0	5222837	3264970	338313	108649	2003330	1462
2021-03-21	11105662	166101	127329	38772	8592452	456179	2057031	7691809	3413853	0.092	0.041	5171749	4694283	554274	1635819	3440184	3384099	433219	919244	1731565	1310184	121055	716575	11100935	4727	0	5291732	3300720	344533	111646	2055544	1487
2021-03-22	11371825	266163	189997	76166	8758088	479849	2133888	7881806	3490019	0.095	0.042	5329624	4766248	576579	1645397	3534739	3445389	453483	925279	1794885	1320859	123096	720118	11365570	6255	0	5388816	3369272	360659	119190	2132331	1557
2021-03-23	11669684	297859	214092	83767	8938326	500109	2231249	8095898	3573786	0.097	0.043	5490190	4854892	604288	1656865	3629814	3521119	478432	932910	1860376	1333773	125856	723955	11658441	11243	0	5490677	3447649	375615	124494	2229606	1643
2021-03-24	12003696	334012	245700	88312	9135519	533235	2334942	8341598	3662098	0.100	0.044	5664852	4952071	635971	1672375	3732242	3605792	507202	944863	1932610	1346279	128769	727512	11986661	17035	0	5605154	3530365	403222	130013	2333222	1720
2021-03-25	12341177	337481	257324	80157	9323969	560569	2456639	8598922	3742255	0.103	0.045	5830941	5060081	670798	1683452	3832663	3703768	539527	951994	1998278	1356313	131271	731458	12318197	22980	0	5719320	3604649	424775	135794	2454827	1812
2021-03-26	12715898	374721	285968	88753	9525815	596974	2593109	8884890	3831008	0.107	0.046	6003833	5184282	710463	1698535	3933360	3816071	576057	962322	2070473	1368211	134406	736213	12686604	29294	0	5839134	3686681	454559	142415	2591197	1912
2021-03-27	13002668	286770	223591	63179	9677776	624341	2700551	9108481	3894187	0.110	0.047	6147056	5279869	744190	1703356	4023632	3903670	607441	965464	2123424	1376199	136749	737892	12971024	31644	0	5931330	3746446	478584	145757	2698567	1984
2021-03-28	13199587	196919	144171	52748	9795507	642867	2761213	9252652	3946935	0.111	0.047	6253046	5333384	768116	1706823	4085867	3950861	629648	967502	2167179	1382523	138468	739321	13167752	31835	0	5999641	3795866	493834	149033	2759177	2036
2021-03-29	13508294	308707	219674	89033	9983256	668894	2856144	9472326	4035968	0.114	0.049	6418833	5404751	806706	1716518	4180272	4010842	665103	973637	2238561	1393909	141603	742881	13470511	37783	0	6105719	3877537	512554	156340	2854053	2091
2021-03-30	13836696	328402	235049	93353	10199124	695146	2942426	9707375	4129321	0.117	0.050	6591913	5474211	853024	1727240	4280843	4069380	706095	981320	2311070	1404831	146929	745920	13786777	49919	0	6235824	3963300	531286	163860	2940265	2161
2021-03-31	14178015	341319	238214	103105	10448501	733393	2996121	9945589	4232426	0.120	0.051	6774517	5538855	899988	1738789	4384637	4121392	747318	988525	2389880	1417463	152670	750264	14111781	66234	0	6390975	4057526	560690	172703	2993924	2197
2021-04-01	14501562	323547	231116	92431	10684483	765655	3051424	10176705	4324857	0.122	0.052	6936269	5606629	944397	1747554	4476928	4175958	787230	994147	2459341	1430671	157167	753407	14415249	86313	0	6543161	4141322	584358	181297	3049186	2238
2021-04-02	14731424	229862	158253	71609	10865834	782295	3083295	10334958	4396466	0.124	0.053	7067172	5654574	981393	1749910	4552089	4213818	820223	995356	2515083	1440756	161170	754554	14643587	87837	0	6658388	4207446	595534	186761	3081036	2259
2021-04-03	14963353	231929	165894	66035	11039357	799481	3124515	10500852	4462501	0.126	0.054	7198861	5698683	1018737	1753036	4633025	4248782	853330	997097	2565836	1449901	165407	755939	14874117	89236	0	6771261	4268096	607369	192112	3122222	2293
2021-04-04	15159396	196043	142475	53568	11174649	810597	3174150	10643327	4516069	0.128	0.054	7309766	5731715	1048001	1754173	4704262	4274251	879171	997551	2605504	1457464	168830	756622	15070024	89372	0	6857226	4317423	614286	196311	3171815	2335
2021-04-05	15409001	249605	176196	73409	11342928	828516	3237557	10819523	4589478	0.130	0.055	7456036	5770066	1081529	1756372	4794323	4302940	907924	998846	2661713	1467126	173605	757526	15318319	90682	0	6957411	4385517	626928	201588	3235184	2373
2021-04-06	15787346	378345	279204	99141	11600930	861708	3324708	11098727	4688619	0.133	0.056	7644926	5826686	1124640	1761928	4910112	4346229	944820	1001588	2734814	1480457	179820	760340	15660037	127309	0	7125093	4475837	651381	210327	3322253	2455
2021-04-07	16464731	677385	580270	97115	12142822	897507	3424402	11678997	4785734	0.140	0.058	7644926	5826686	1124640	1761928	4910112	4346229	944820	1001588	2734814	1480457	179820	760340	16031758	432973	0	7578174	4564648	678969	218538	3421854	2548
2021-04-08	17197388	732657	642893	89764	12716089	932769	3548530	12321890	4875498	0.148	0.059	7644926	5826686	1124640	1761928	4910112	4346229	944820	1001588	2734814	1480457	179820	760340	16439537	757851	0	8070810	4645279	705169	227600	3545911	2619
2021-04-09	17820375	622987	534632	88355	13202802	968724	3648849	12856522	4963853	0.155	0.060	7644926	5826686	1124640	1761928	4910112	4346229	944820	1001588	2734814	1480457	179820	760340	16823021	997354	0	8480350	4722452	730040	238684	3646132	2717
2021-04-10	18188783	368408	302930	65478	13448503	991921	3748359	13159452	5029331	0.158	0.060	7644926	5826686	1124640	1761928	4910112	4346229	944820	1001588	2734814	1480457	179820	760340	17158383	1030400	0	8668175	4780328	745709	246212	3745568	2791
2021-04-11	18449360	260577	210481	50096	13616325	1009952	3823083	13369933	5079427	0.161	0.061	7644926	5826686	1124640	1761928	4910112	4346229	944820	1001588	2734814	1480457	179820	760340	17413881	1035479	0	8789668	4826657	760022	249930	3820243	2840
2021-04-12	18864775	415415	338579	76836	13894930	1038595	3931250	13708512	5156263	0.165	0.062	7644926	5826686	1124640	1761928	4910112	4346229	944820	1001588	2734814	1480457	179820	760340	17780789	1083986	0	9000099	4894831	780075	258520	3928338	2912
2021-04-13	19435811	571036	497631	73405	14323792	1065253	4046766	14206143	5229668	0.171	0.063	7644926	5826686	1124640	1761928	4910112	4346229	944820	1001588	2734814	1480457	179820	760340	18155695	1280116	0	9361105	4962687	801376	263877	4043662	3104
2021-04-14	20209522	773711	690325	83386	14940646	1098750	4170126	14896468	5313054	0.179	0.064	7644926	5826686	1124640	1761928	4910112	4346229	944820	1001588	2734814	1480457	179820	760340	18555609	1653913	0	9903676	5036970	826337	272413	4166455	3671
2021-04-15	20888784	679262	608470	70792	15473083	1135098	4280603	15504938	5383846	0.186	0.065	7644926	5826686	1124640	1761928	4910112	4346229	944820	1001588	2734814	1480457	179820	760340	18939242	1949542	0	10375028	5098055	853934	281164	4275976	4627
2021-04-16	21481972	593188	517818	75370	15909905	1166393	4405674	16022756	5459216	0.193	0.066	7644926	5826686	1124640	1761928	4910112	4346229	944820	1001588	2734814	1480457	179820	760340	19337591	2144381	0	10746197	5163708	876353	290040	4400206	5468
2021-04-17	21844071	362099	305729	56370	16133382	1188413	4522276	16328485	5515586	0.196	0.066	7644926	5826686	1124640	1761928	4910112	4346229	944820	1001588	2734814	1480457	179820	760340	19677886	2166185	0	10921756	5211626	891399	297014	4515330	6946
2021-04-18	22110245	266174	226949	39225	16304758	1202826	4602661	16555434	5554811	0.199	0.067	7644926	5826686	1124640	1761928	4910112	4346229	944820	1001588	2734814	1480457	179820	760340	19939449	2170796	0	11058866	5245892	901951	300875	4594617	8044
2021-04-19	22509188	398943	338181	60762	16594275	1234651	4680262	16893615	5615573	0.203	0.068	7644926	5826686	1124640	1761928	4910112	4346229	944820	1001588	2734814	1480457	179820	760340	20294061	2215127	0	11296714	5297561	925951	308700	4670950	9312
2021-04-20	23064280	555092	493516	61576	16972299	1272517	4819464	17387131	5677149	0.209	0.068	7644926	5826686	1124640	1761928	4910112	4346229	944820	1001588	2734814	1480457	179820	760340	20654702	2409578	0	11621437	5350862	957555	314962	4808139	11325
2021-04-21	23777271	712991	641511	71480	17421471	1311856	5043944	18028642	5748629	0.217	0.069	7644926	5826686	1124640	1761928	4910112	4346229	944820	1001588	2734814	1480457	179820	760340	21028545	2748726	0	12009130	5412341	989335	322521	5030177	13767
2021-04-22	24410717	633446	567793	65653	17801208	1353355	5256154	18596435	5814282	0.224	0.070	7644926	5826686	1124640	1761928	4910112	4346229	944820	1001588	2734814	1480457	179820	760340	21394732	3015985	0	12333928	5467280	1023537	329818	5238970	17184
2021-04-23	24961232	550515	483320	67195	18151048	1396002	5414182	19079755	5881477	0.229	0.071	7644926	5826686	1124640	1761928	4910112	4346229	944820	1001588	2734814	1480457	179820	760340	21777052	3184180	0	12629985	5521063	1056275	339727	5393495	20687
2021-04-24	25330020	368788	309260	59528	18389517	1445586	5494917	19389015	5941005	0.233	0.071	7644926	5826686	1124640	1761928	4910112	4346229	944820	1001588	2734814	1480457	179820	760340	22128929	3201091	0	12826742	5562775	1090438	355148	5471835	23082
2021-04-25	25613030	283010	235431	47579	18576959	1479488	5556583	19624446	5988584	0.236	0.072	7644926	5826686	1124640	1761928	4910112	4346229	944820	1001588	2734814	1480457	179820	760340	22406125	3206905	0	12978202	5598757	1114588	364900	5531656	24927
2021-04-26	26040569	427539	354367	73172	18892166	1520452	5627889	19978875	6061756	0.240	0.073	7644926	5826686	1124640	1761928	4910112	4346229	944820	1001588	2734814	1480457	179820	760340	22747072	3293497	62	13232699	5659467	1147015	373437	5599099	28790
2021-04-27	26824135	783566	693401	90165	19567687	1571758	5684174	20672730	6151921	0.249	0.074	7644926	5826686	1124640	1761928	4910112	4346229	944820	1001588	2734814	1480457	179820	760340	23115758	3708377	516	13832120	5735567	1189187	382571	5650907	33267
2021-04-28	27943987	1119852	993196	126656	20574933	1630367	5737458	21666639	6278577	0.261	0.075	7644926	5826686	1124640	1761928	4910112	4346229	944820	1001588	2734814	1480457	179820	760340	23506527	4437460	1229	14730611	5844322	1235739	394628	5699060	38398
2021-04-29	28883567	939580	807994	131586	21395630	1692177	5793654	22475510	6410163	0.270	0.077	7644926	5826686	1124640	1761928	4910112	4346229	944820	1001588	2734814	1480457	179820	760340	23888039	4995528	2106	15440163	5955467	1285583	406594	5747658	45996
2021-04-30	29682217	798650	661620	137030	22071135	1748390	5859759	23137957	6547193	0.278	0.079	7644926	5826686	1124640	1761928	4910112	4346229	944820	1001588	2734814	1480457	179820	760340	24286843	5395374	2933	16003549	6067586	1327010	421380	5804465	55294
2021-05-01	30016072	333855	258086	75769	22322060	1788920	5899591	23398611	6622962	0.281	0.080	7644926	5826686	1124640	1761928	4910112	4346229	944820	1001588	2734814	1480457	179820	760340	24596048	5420024	5501	16193589	6128471	1361253	427667	5838268	61323
2021-05-02	30278499	262427	195051	67376	22516317	1826115	5928765	23595463	6690338	0.284	0.080	7644926	5826686	1124640	1761928	4910112	4346229	944820	1001588	2734814	1480457	179820	760340	24850820	5427679	7302	16332285	6184032	1393108	433007	5862768	65997
2021-05-03	30725863	447364	332387	114977	22831243	1894697	5991162	23929309	6805315	0.288	0.082	7644926	5826686	1124640	1761928	4910112	4346229	944820	1001588	2734814	1480457	179820	760340	25204324	5521539	8761	16556817	6274426	1449091	445606	5914640	76522
2021-05-04	31562814	836951	677011	159940	23454348	1955697	6141373	24608955	6965255	0.296	0.084	7644926	5826686	1124640	1761928	4910112	4346229	944820	1001588	2734814	1480457	179820	760340	25574023	5988791	11396	17048925	6405423	1497474	458223	6051160	90213
2021-05-05	32692799	1129985	906680	223305	24295135	2030149	6352624	25519130	7188560	0.307	0.086	7644926	5826686	1124640	1761928	4910112	4346229	944820	1001588	2734814	1480457	179820	760340	25978044	6714755	14891	17709593	6585542	1548813	481336	6245833	106791
2021-05-06	33666138	973339	758999	214340	24978761	2117508	6552188	26280919	7402900	0.316	0.089	7644926	5826686	1124640	1761928	4910112	4346229	944820	1001588	2734814	1480457	179820	760340	26376272	7289866	17681	18219731	6759030	1616895	500613	6426612	125576
2021-05-07	34530528	864390	642326	222064	25553504	2196351	6760476	26925761	7624964	0.324	0.092	7644926	5826686	1124640	1761928	4910112	4346229	944820	1001588	2734814	1480457	179820	760340	26796646	7733882	20197	18627278	6926226	1669777	526574	6608509	151967
2021-05-08	34945900	415372	266787	148585	25816251	2265475	6843110	27193415	7773549	0.327	0.093	7644926	5826686	1124640	1761928	4910112	4346229	944820	1001588	2734814	1480457	179820	760340	27151527	7794373	21064	18780008	7036243	1720062	545413	6672281	170829
2021-05-09	35222512	276612	177042	99570	26007599	2317416	6875393	27371497	7873119	0.329	0.095	7644926	5826686	1124640	1761928	4910112	4346229	944820	1001588	2734814	1480457	179820	760340	27417104	7805408	22104	18893512	7114087	1761583	555833	6694298	181095
2021-05-10	35789319	566807	384810	181997	26366932	2393300	7003765	27759525	8055116	0.334	0.097	7644926	5826686	1124640	1761928	4910112	4346229	944820	1001588	2734814	1480457	179820	760340	27795013	7994306	25322	19117478	7249454	1818393	574907	6798332	205433
2021-05-11	36837184	1047865	782301	265564	27168667	2463861	7176720	28544440	8320680	0.343	0.100	7644926	5826686	1124640	1761928	4910112	4346229	944820	1001588	2734814	1480457	179820	760340	28189183	8648001	27936	19701594	7467073	1870450	593411	6944460	232260