date	dosen_kumulativ	dosen_differenz_zum_vortag	dosen_erst_differenz_zum_vortag	dosen_zweit_differenz_zum_vortag	dosen_biontech_kumulativ	dosen_moderna_kumulativ	dosen_astrazeneca_kumulativ	personen_erst_kumulativ	personen_voll_kumulativ	impf_quote_erst	impf_quote_voll	indikation_alter_dosen	indikation_beruf_dosen	indikation_medizinisch_dosen	indikation_pflegeheim_dosen	indikation_alter_erst	indikation_beruf_erst	indikation_medizinisch_erst	indikation_pflegeheim_erst	indikation_alter_voll	indikation_beruf_voll	indikation_medizinisch_voll	indikation_pflegeheim_voll	dosen_dim_kumulativ	dosen_kbv_kumulativ	dosen_johnson_kumulativ	dosen_biontech_erst_kumulativ	dosen_biontech_zweit_kumulativ	dosen_moderna_erst_kumulativ	dosen_moderna_zweit_kumulativ	dosen_astrazeneca_erst_kumulativ	dosen_astrazeneca_zweit_kumulativ
2020-12-27	24000	24000	23987	13	23999	1	0	23987	13	0.000	0.000	10705	8657	1305	12604	10664	8590	1305	12536	41	67	0	68	24000	0	0	23986	13	1	0	0	0
2020-12-28	42485	18485	18448	37	42484	1	0	42435	50	0.001	0.000	18621	15788	1991	21344	18580	15721	1991	21276	41	67	0	68	42485	0	0	42434	50	1	0	0	0
2020-12-29	93219	50734	50009	725	93218	1	0	92444	775	0.001	0.000	34989	40734	3107	40508	34724	40420	3107	40099	265	314	0	409	93219	0	0	92443	775	1	0	0	0
2020-12-30	155890	62671	62551	120	155889	1	0	154995	895	0.002	0.000	55510	73365	4901	63206	55243	73050	4901	62794	267	315	0	412	155890	0	0	154994	895	1	0	0	0
2020-12-31	205909	50019	49870	149	205908	1	0	204865	1044	0.002	0.000	72831	96719	6752	83965	72517	96367	6752	83476	314	352	0	489	205909	0	0	204864	1044	1	0	0	0
2021-01-01	224687	18778	18771	7	224685	1	1	223636	1051	0.003	0.000	81208	105449	7830	92301	80894	105097	7830	91812	314	352	0	489	224687	0	0	223634	1051	1	0	1	0
2021-01-02	277104	52417	52134	283	277102	1	1	275770	1334	0.003	0.000	102774	129731	10350	113258	102365	129304	10350	112629	409	427	0	629	277104	0	0	275768	1334	1	0	1	0
2021-01-03	300881	23777	23772	5	300879	1	1	299542	1339	0.004	0.000	113044	140227	11284	123279	112635	139800	11284	122650	409	427	0	629	300881	0	0	299540	1339	1	0	1	0
2021-01-04	348958	48077	48026	51	348956	1	1	347568	1390	0.004	0.000	129646	164913	13951	139091	129237	164486	13951	138462	409	427	0	629	348958	0	0	347566	1390	1	0	1	0
2021-01-05	402673	53715	53686	29	402670	2	1	401254	1419	0.005	0.000	147987	192565	16489	157656	147576	192117	16489	157025	411	448	0	631	402673	0	0	401251	1419	2	0	1	0
2021-01-06	465344	62671	62666	5	465333	8	3	463920	1424	0.006	0.000	169498	225530	19910	180812	169086	225082	19910	180181	412	448	0	631	465344	0	0	463909	1424	8	0	3	0
2021-01-07	521291	55947	55938	9	521277	11	3	519858	1433	0.006	0.000	189172	254868	22957	197233	188758	254418	22957	196600	414	450	0	633	521291	0	0	519844	1433	11	0	3	0
2021-01-08	584350	63059	62735	324	584288	59	3	582593	1757	0.007	0.000	211521	287315	26324	218219	211009	286711	26320	217449	512	604	4	770	584350	0	0	582531	1757	59	0	3	0
2021-01-09	645435	61085	61038	47	645373	59	3	643631	1804	0.008	0.000	237322	313238	29007	243325	236798	312599	29003	242545	524	639	4	780	645435	0	0	643569	1804	59	0	3	0
2021-01-10	680949	35514	35505	9	680887	59	3	679136	1813	0.008	0.000	252455	327794	30379	256315	251929	327151	30375	255535	526	643	4	780	680949	0	0	679074	1813	59	0	3	0
2021-01-11	748529	67580	67528	52	748466	60	3	746664	1865	0.009	0.000	277513	359176	33587	276774	276967	358513	33583	275968	546	663	4	806	748529	0	0	746601	1865	60	0	3	0
2021-01-12	831179	82650	82591	59	831110	65	4	829255	1924	0.010	0.000	305695	401338	36582	301731	305147	400670	36578	300888	548	668	4	843	831179	0	0	829186	1924	65	0	4	0
2021-01-13	942892	111713	111515	198	942026	862	4	940770	2122	0.011	0.000	345167	458844	40485	337339	344574	458093	40466	336399	593	751	19	940	942892	0	0	939904	2122	862	0	4	0
2021-01-14	1025991	83099	82914	185	1020498	5489	4	1023684	2307	0.012	0.000	374803	501101	42769	361463	374094	500254	42750	360452	709	847	19	1011	1025991	0	0	1018235	2263	5445	44	4	0
2021-01-15	1117527	91536	90926	610	1106578	10926	23	1114610	2917	0.013	0.000	408725	545673	46728	389202	407810	544625	46700	387982	915	1048	28	1220	1117527	0	0	1103705	2873	10882	44	23	0
2021-01-16	1175098	57571	56665	906	1162377	12698	23	1171275	3823	0.014	0.000	432983	570627	48859	408798	431664	569232	48767	407047	1319	1395	92	1751	1175098	0	0	1158598	3779	12654	44	23	0
2021-01-17	1224097	48999	31657	17342	1210070	14003	24	1202932	21165	0.014	0.000	453449	591002	50884	428544	444215	583354	50014	417145	9234	7648	870	11399	1224097	0	0	1188949	21121	13959	44	24	0
2021-01-18	1306726	82629	66857	15772	1288664	18037	25	1269789	36937	0.015	0.000	482728	633883	53106	448900	467235	619730	51700	430238	15493	14153	1406	18662	1306726	0	0	1251772	36892	17992	45	25	0
2021-01-19	1424435	117709	82828	34881	1402858	21504	73	1352617	71818	0.016	0.001	519765	695968	56714	479843	492669	666683	54375	447938	27096	29285	2339	31905	1424435	0	0	1331085	71773	21459	45	73	0
2021-01-20	1556453	132018	80507	51511	1532121	24255	77	1433124	123329	0.017	0.001	568076	760039	60957	522078	522876	706310	57505	469463	45200	53729	3452	52615	1556453	0	0	1408837	123284	24210	45	77	0
2021-01-21	1664179	107726	65871	41855	1637135	26967	77	1498995	165184	0.018	0.002	610150	808503	65406	556195	549621	735602	60889	487988	60529	72901	4517	68207	1664179	0	0	1471996	165139	26922	45	77	0
2021-01-22	1768222	104043	68481	35562	1739124	29009	89	1567476	200746	0.019	0.002	654049	853889	69013	590642	579902	764987	63599	506975	74147	88902	5414	83667	1768222	0	0	1538425	200699	28962	47	89	0
2021-01-23	1853234	85012	40052	44960	1823752	29392	90	1607528	245706	0.019	0.003	691767	890989	72414	617916	599855	780966	64783	516268	91912	110023	7631	101648	1853234	0	0	1578093	245659	29345	47	90	0
2021-01-24	1902458	49224	26077	23147	1872728	29636	94	1633605	268853	0.020	0.003	715655	910067	73331	632982	614016	789814	65130	521524	101639	120253	8201	111458	1902458	0	0	1603922	268806	29589	47	94	0
2021-01-25	1994162	91704	53104	38600	1962707	31359	96	1686709	307453	0.020	0.004	756375	951632	76827	658117	642321	811974	66847	534304	114054	139658	9980	123813	1994162	0	0	1655301	307406	31312	47	96	0
2021-01-26	2092831	98669	50240	48429	2059718	33011	102	1736949	355882	0.021	0.004	796572	997196	80614	684405	667753	831436	68195	545278	128819	165760	12419	139127	2092831	0	0	1703887	355831	32960	51	102	0
2021-01-27	2203981	111150	51515	59635	2168903	34968	110	1788464	415517	0.022	0.005	839834	1049509	85786	715259	691463	852265	70042	556304	148371	197244	15744	158955	2203981	0	0	1753447	415456	34907	61	110	0
2021-01-28	2295148	91167	45127	46040	2258431	36604	113	1833591	461557	0.022	0.006	877990	1090332	89974	739697	713483	869115	71590	567469	164507	221217	18384	172228	2295148	0	0	1796953	461478	36525	79	113	0
2021-01-29	2404268	109120	51466	57654	2366128	38009	131	1885057	519211	0.023	0.006	920894	1138243	95507	769100	735839	888487	73819	578309	185055	249756	21688	190791	2404268	0	0	1846996	519132	37930	79	131	0
2021-01-30	2492739	88471	36311	52160	2453724	38883	132	1921368	571371	0.023	0.007	957412	1174692	99468	796433	752473	901967	75224	586328	204939	272725	24244	210105	2492739	0	0	1882433	571291	38803	80	132	0
2021-01-31	2549255	56516	25986	30530	2509862	39260	133	1947354	601901	0.023	0.007	982865	1196922	101575	812430	766590	910861	76411	592657	216275	286061	25164	219773	2549255	0	0	1908050	601812	39172	88	132	1
2021-02-01	2669906	120651	59161	61490	2628246	41470	190	2006515	663391	0.024	0.008	1026174	1260299	105285	839830	787193	944041	78273	602425	238981	316258	27012	237405	2669906	0	0	1964944	663302	41382	88	189	1
2021-02-02	2801594	131688	64219	67469	2757051	44337	206	2070734	730860	0.025	0.009	1069633	1330364	110479	870030	806216	982089	80866	611659	263417	348275	29613	258371	2801594	0	0	2026281	730770	44248	89	205	1
2021-02-03	2961060	159466	64162	95304	2910110	50723	227	2134896	826164	0.026	0.010	1128983	1407775	116405	912544	829819	1014401	83062	623312	299164	393374	33343	289232	2961060	0	0	2084038	826072	50632	91	226	1
2021-02-04	3092837	131777	61087	70690	3036007	56596	234	2195983	896854	0.026	0.011	1177986	1472437	120972	943857	851937	1046473	85311	632945	326049	425964	35661	310912	3092837	0	0	2139247	896760	56503	93	233	1
2021-02-05	3237542	144705	67661	77044	3174308	62992	242	2263644	973898	0.027	0.012	1232524	1542580	126293	977786	877231	1080338	86905	644262	355293	462242	39388	333524	3237542	0	0	2200505	973803	62899	93	240	2
2021-02-06	3337678	100136	47173	52963	3271916	65519	243	2310817	1026861	0.028	0.012	1272514	1588658	130853	1003590	896490	1101898	88782	653957	376024	486760	42071	349633	3337678	0	0	2245150	1026766	65426	93	241	2
2021-02-07	3391936	54258	28178	26080	3323775	67916	245	2338995	1052941	0.028	0.013	1298155	1609930	133571	1016823	910800	1112720	90015	659435	387355	497210	43556	357388	3391936	0	0	2270930	1052845	67822	94	243	2
2021-02-08	3501884	109948	53170	56778	3429729	71886	269	2392165	1109719	0.029	0.013	1350672	1655734	137545	1035599	942269	1129343	91902	666781	408403	526391	45643	368818	3501884	0	0	2320107	1109622	71791	95	267	2
2021-02-09	3635818	133934	59700	74234	3559619	75820	379	2451865	1183953	0.029	0.014	1411842	1714380	141993	1058512	978151	1147503	94639	674792	433691	566877	47354	383720	3635818	0	0	2376254	1183365	75234	586	377	2
2021-02-10	3787585	151767	75154	76613	3700332	79833	7420	2527019	1260566	0.030	0.015	1478760	1781046	146001	1087933	1017461	1175177	96286	685176	461299	605869	49715	402757	3787585	0	0	2441303	1259029	78298	1535	7418	2
2021-02-11	3928744	141159	73838	67321	3818896	86979	22869	2600857	1327887	0.031	0.016	1539776	1848576	151475	1113070	1052428	1208053	98713	694775	487348	640523	52762	418295	3928744	0	0	2495406	1323490	82590	4389	22861	8
2021-02-12	4086222	157478	81403	76075	3952176	96767	37279	2682260	1403962	0.032	0.017	1611268	1919253	157751	1138545	1094198	1240389	101429	704318	517070	678864	56322	434227	4086222	0	0	2557592	1394584	87399	9368	37269	10
2021-02-13	4193977	107755	62164	45591	4043865	99953	50159	2744424	1449553	0.033	0.017	1667599	1960972	162355	1156080	1129093	1262877	103231	711418	538506	698095	59124	444662	4193977	0	0	2605249	1438616	89046	10907	50129	30
2021-02-14	4259267	65290	40028	25262	4099446	102398	57423	2784452	1474815	0.033	0.018	1706122	1983696	163973	1164146	1153761	1276081	104081	714928	552361	707615	59892	449218	4259267	0	0	2636791	1462655	90289	12109	57372	51
2021-02-15	4386028	126761	71137	55624	4206527	107354	72147	2855589	1530439	0.034	0.018	1773591	2031897	168008	1183418	1194859	1300739	106358	721524	578732	731158	61650	461894	4386028	0	0	2691037	1515490	92481	14873	72071	76
2021-02-16	4522631	136603	81981	54622	4313773	113095	95763	2937570	1585061	0.035	0.019	1839625	2089928	170683	1200400	1236633	1336138	107879	728440	602992	753790	62804	471960	4522631	0	0	2746774	1566999	95117	17978	95679	84
2021-02-17	4671805	149174	93519	55655	4435550	120805	115450	3031089	1640716	0.036	0.020	1920033	2147919	175770	1221928	1292995	1368705	110873	736858	627038	779214	64897	485070	4671805	0	0	2815934	1619616	99794	21011	115361	89
2021-02-18	4814493	142688	91446	51242	4546617	128751	139125	3122535	1691958	0.038	0.020	1995907	2206102	179208	1240945	1345328	1403985	112659	744258	650579	802117	66549	496687	4814493	0	0	2879224	1667393	104279	24472	139032	93
2021-02-19	4969005	154512	99746	54766	4665842	138660	164503	3222281	1746724	0.039	0.021	2076668	2266444	184080	1258305	1402958	1440066	115287	750941	673710	826378	68793	507364	4969005	0	0	2946728	1719114	111184	27476	164369	134
2021-02-20	5082416	113411	76302	37109	4753080	143186	186150	3298583	1783833	0.040	0.021	2138268	2310157	187738	1272296	1445964	1469322	117533	755178	692304	840835	70205	517118	5082416	0	0	2997402	1755678	115182	28004	185999	151
2021-02-21	5168569	86153	57043	29110	4820705	146414	201450	3355626	1812943	0.040	0.022	2187054	2340674	190304	1282667	1479917	1489494	118664	757407	707137	851180	71640	525260	5168569	0	0	3036080	1784625	118251	28163	201295	155
2021-02-22	5328882	160313	100195	60118	4946836	155510	226536	3455821	1873061	0.042	0.023	2266701	2410287	195201	1300517	1538362	1525084	121627	763642	728339	885203	73574	536875	5328882	0	0	3103919	1842917	125537	29973	226365	171
2021-02-23	5496052	167170	107395	59775	5079367	162670	254015	3563216	1932836	0.043	0.023	2346910	2483166	200501	1318387	1598211	1563793	124757	771284	748699	919373	75744	547103	5496052	0	0	3178347	1901020	131036	31634	253833	182
2021-02-24	5672059	176007	116408	59599	5212209	170449	289401	3679624	1992435	0.044	0.024	2431789	2557990	207079	1337422	1660503	1608669	128907	778912	771286	949321	78172	558510	5672059	0	0	3253297	1958912	137128	33321	289199	202
2021-02-25	5861380	189321	130646	58675	5343435	177153	340792	3810270	2051110	0.046	0.025	2514175	2648479	213515	1355541	1722988	1667176	133470	787131	791187	981303	80045	568410	5861380	0	0	3327450	2015985	142380	34773	340440	352
2021-02-26	6071182	209802	144377	65425	5483709	185994	401479	3954647	2116535	0.048	0.025	2602819	2749814	220591	1375230	1787946	1735795	138593	794627	814873	1014019	81998	580603	6071182	0	0	3403982	2079727	149582	36412	401083	396
2021-02-27	6219732	148550	108533	40017	5576541	190196	452995	4063180	2156552	0.049	0.026	2666475	2822116	227301	1388101	1833818	1790224	143432	799030	832657	1031892	83869	589071	6219732	0	0	3457573	2118968	153020	37176	452587	408
2021-02-28	6327834	108102	83811	24291	5638939	194147	494748	4146991	2180843	0.050	0.026	2714700	2875405	231582	1394762	1868893	1834535	146785	801170	845807	1040870	84797	593592	6327834	0	0	3496042	2142897	156619	37528	494330	418
2021-03-01	6523631	195797	146429	49368	5767583	203557	552491	4293420	2230211	0.052	0.027	2817221	2953369	239381	1408021	1943445	1896228	153263	806209	873776	1057141	86118	601812	6523631	0	0	3577356	2190227	164006	39551	552058	433
2021-03-02	6743548	219917	166230	53687	5908207	213727	621614	4459650	2283898	0.054	0.027	2927307	3047588	248982	1422628	2022735	1971725	160632	812692	904572	1075863	88350	609936	6743548	0	0	3667121	2241086	171362	42365	621167	447
2021-03-03	6987313	243765	174771	68994	6065115	227571	694627	4634421	2352892	0.056	0.028	3047976	3148969	260606	1439862	2105531	2048823	170041	819606	942445	1100146	90565	620256	6987313	0	0	3760541	2304574	179778	47793	694102	525
2021-03-04	7230446	243133	180453	62680	6207511	241624	781311	4814874	2415572	0.058	0.029	3159240	3258741	272992	1455625	2181653	2136963	180034	825002	977587	1121778	92958	630623	7230446	0	0	3845517	2361994	188630	52994	780727	584
2021-03-05	7499599	269153	201726	67427	6354778	254955	889866	5016600	2482999	0.060	0.030	3277185	3383782	287941	1471072	2258903	2242620	191990	830697	1018282	1141162	95951	640375	7499599	0	0	3931239	2423539	196124	58831	889237	629
2021-03-06	7702084	202485	153188	49297	6465555	263546	972983	5169788	2532296	0.062	0.030	3366696	3478463	298371	1480590	2314602	2325555	200824	833966	1052094	1152908	97547	646624	7702084	0	0	3994938	2470617	202520	61026	972330	653
2021-03-07	7852474	150390	115929	34461	6548040	270277	1034157	5285717	2566757	0.064	0.031	3437978	3544531	306478	1486155	2360956	2383880	208082	835928	1077022	1160651	98396	650227	7852474	0	0	4045320	2502720	206909	63368	1033488	669
2021-03-08	8091678	239204	186700	52504	6683768	281285	1126625	5472417	2619261	0.066	0.031	3556806	3640371	322827	1498475	2442587	2468035	222757	841890	1114219	1172336	100070	656585	8091678	0	0	4131919	2551849	214572	66713	1125926	699
2021-03-09	8342126	250448	195677	54771	6823910	294145	1224071	5668094	2674032	0.068	0.032	3677710	3742787	340236	1512022	2524321	2558568	238262	848791	1153389	1184219	101974	663231	8342126	0	0	4220720	2603190	224071	70074	1223303	768
2021-03-10	8625815	283689	217996	65693	6981566	305599	1338650	5886090	2739725	0.071	0.033	3808598	3856306	360962	1530389	2606688	2661880	256906	860000	1201910	1194426	104056	670389	8624844	971	0	4315841	2665725	232424	73175	1337825	825
2021-03-11	8907341	281526	220618	60908	7130661	318825	1457855	6106708	2800633	0.073	0.034	3937470	3976178	382106	1544008	2689957	2769533	276555	867677	1247513	1206645	105551	676331	8905715	1626	0	4408328	2722333	241407	77418	1456973	882
2021-03-12	9231334	323993	252338	71655	7283543	336399	1611392	6359046	2872288	0.076	0.035	4071484	4127850	404783	1559463	2770420	2906954	297406	877132	1301064	1220896	107377	682331	9229498	1836	0	4494574	2788969	254250	82149	1610222	1170
2021-03-13	9477854	246520	197083	49437	7398243	346149	1733462	6556129	2921725	0.079	0.035	4181046	4240796	425293	1567511	2840453	3011727	316755	881879	1340593	1229069	108538	685632	9475862	1992	0	4561250	2836993	262634	83515	1732245	1217
2021-03-14	9649054	171200	135207	35993	7487766	351295	1809993	6691336	2957718	0.080	0.036	4266043	4307307	441408	1570975	2896461	3072888	331859	883676	1369582	1234419	109549	687299	9647052	2002	0	4615767	2871999	266810	84485	1808759	1234
2021-03-15	9897334	248280	189417	58863	7640166	363710	1893458	6880753	3016581	0.083	0.036	4400463	4391447	461474	1582289	2984151	3147219	350790	890548	1416312	1244228	110684	691741	9895049	2285	0	4711010	2929156	277598	86112	1892145	1313
2021-03-16	10076493	179159	112137	67022	7806293	374819	1895381	6992890	3083603	0.084	0.037	4527474	4426082	473886	1593025	3059300	3169255	361553	895647	1468174	1256827	112333	697378	10073661	2832	0	4812454	2993839	286371	88448	1894065	1316
2021-03-17	10281712	205219	125754	79465	7992065	392848	1896799	7118644	3163068	0.086	0.038	4672447	4463838	487350	1605072	3141952	3193652	373040	902175	1530495	1270186	114310	702897	10278263	3449	0	4923524	3068541	299641	93207	1895479	1320
2021-03-18	10476417	194705	119360	75345	8166965	411077	1898375	7238004	3238413	0.087	0.039	4812398	4498757	499905	1615322	3222615	3215628	383588	907340	1589783	1283129	116317	707982	10472545	3872	0	5028151	3138814	312800	98277	1897053	1322
2021-03-19	10720328	243911	161069	82842	8351548	431672	1937108	7399073	3321255	0.089	0.040	4961948	4563922	518114	1627194	3306761	3267408	399605	914537	1655187	1296514	118509	712657	10715925	4403	0	5136632	3214916	326735	104937	1935706	1402
2021-03-20	10940560	220232	166342	53890	8488032	446987	2005541	7565415	3375145	0.091	0.041	5078536	4641917	537715	1633319	3379545	3337212	417708	917920	1698991	1304705	120007	715399	10935833	4727	0	5222970	3265062	338353	108634	2004092	1449
2021-03-21	11106660	166100	127335	38765	8592678	456203	2057779	7692750	3413910	0.092	0.041	5171749	4694283	554274	1635819	3440184	3384099	433219	919244	1731565	1310184	121055	716575	11101933	4727	0	5291872	3300806	344572	111631	2056306	1473
2021-03-22	11372850	266190	190026	76164	8758347	479873	2134630	7882776	3490074	0.095	0.042	5329624	4766248	576579	1645397	3534739	3445389	453483	925279	1794885	1320859	123096	720118	11366595	6255	0	5388988	3369359	360698	119175	2133090	1540
2021-03-23	11670737	297887	214124	83763	8938596	500141	2232000	8096900	3573837	0.097	0.043	5490190	4854892	604288	1656865	3629814	3521119	478432	932910	1860376	1333773	125856	723955	11659494	11243	0	5490863	3447733	375663	124478	2230374	1626
2021-03-24	12004791	334054	245742	88312	9135825	533273	2335693	8342642	3662149	0.100	0.044	5664852	4952071	635971	1672375	3732242	3605792	507202	944863	1932610	1346279	128769	727512	11987756	17035	0	5605374	3530451	403277	129996	2333991	1702
2021-03-25	12342281	337490	257335	80155	9324285	560607	2457389	8599977	3742304	0.103	0.045	5830941	5060081	670798	1683452	3832663	3703768	539527	951994	1998278	1356313	131271	731458	12319301	22980	0	5719551	3604734	424829	135778	2455597	1792
2021-03-26	12717006	374725	285973	88752	9526131	597012	2593863	8885950	3831056	0.107	0.046	6003833	5184282	710463	1698535	3933360	3816071	576057	962322	2070473	1368211	134406	736213	12687712	29294	0	5839366	3686765	454612	142400	2591972	1891
2021-03-27	13003776	286770	223594	63176	9678095	624376	2701305	9109544	3894232	0.110	0.047	6147056	5279869	744190	1703356	4023632	3903670	607441	965464	2123424	1376199	136749	737892	12972132	31644	0	5931568	3746527	478634	145742	2699342	1963
2021-03-28	13200701	196925	144178	52747	9795833	642901	2761967	9253722	3946979	0.111	0.047	6253046	5333384	768116	1706823	4085867	3950861	629648	967502	2167179	1382523	138468	739321	13168866	31835	0	5999886	3795947	493883	149018	2759953	2014
2021-03-29	13509481	308780	219748	89032	9983653	668928	2856900	9473470	4036011	0.114	0.049	6418833	5404751	806706	1716518	4180272	4010842	665103	973637	2238561	1393909	141603	742881	13471698	37783	0	6106036	3877617	512602	156326	2854832	2068
2021-03-30	13837944	328463	235079	93384	10199536	695224	2943184	9708549	4129395	0.117	0.050	6591913	5474211	853024	1727240	4280843	4069380	706095	981320	2311070	1404831	146929	745920	13788025	49919	0	6236153	3963383	531349	163875	2941047	2137
2021-03-31	14179413	341469	238380	103089	10449033	733496	2996884	9946929	4232484	0.120	0.051	6774517	5538855	899988	1738789	4384637	4121392	747318	988525	2389880	1417463	152670	750264	14113179	66234	0	6391441	4057592	560778	172718	2994710	2174
2021-04-01	14503091	323678	231261	92417	10685144	765758	3052189	10178190	4324901	0.122	0.052	6936269	5606629	944397	1747554	4476928	4175958	787230	994147	2459341	1430671	157167	753407	14416778	86313	0	6543767	4141377	584449	181309	3049974	2215
2021-04-02	14732970	229879	158276	71603	10866509	782399	3084062	10336466	4396504	0.124	0.053	7067172	5654574	981393	1749910	4552089	4213818	820223	995356	2515083	1440756	161170	754554	14645133	87837	0	6659014	4207495	595626	186773	3081826	2236
2021-04-03	14964909	231939	165905	66034	11040040	799586	3125283	10502371	4462538	0.126	0.054	7198861	5698683	1018737	1753036	4633025	4248782	853330	997097	2565836	1449901	165407	755939	14875673	89236	0	6771896	4268144	607461	192125	3123014	2269
2021-04-04	15160962	196053	142482	53571	11175335	810702	3174925	10644853	4516109	0.128	0.054	7309766	5731715	1048001	1754173	4704262	4274251	879171	997551	2605504	1457464	168830	756622	15071590	89372	0	6857861	4317474	614378	196324	3172614	2311
2021-04-05	15410595	249633	176231	73402	11343643	828620	3238332	10821084	4589511	0.130	0.055	7456036	5770066	1081529	1756372	4794323	4302940	907924	998846	2661713	1467126	173605	757526	15319913	90682	0	6958081	4385562	627020	201600	3235983	2349
2021-04-06	15789041	378446	279294	99152	11601676	861853	3325512	11100378	4688663	0.133	0.056	7644926	5826686	1124640	1761928	4910112	4346229	944820	1001588	2734814	1480457	179820	760340	15661732	127309	0	7125780	4475896	651517	210336	3323081	2431
2021-04-07	16466600	677559	580456	97103	12143738	897654	3425208	11680834	4785766	0.140	0.058	7644926	5826686	1124640	1761928	4910112	4346229	944820	1001588	2734814	1480457	179820	760340	16033627	432973	0	7579039	4564699	679111	218543	3422684	2524
2021-04-08	17199299	732699	642941	89758	12717042	932922	3549335	12323775	4875524	0.148	0.059	7644926	5826686	1124640	1761928	4910112	4346229	944820	1001588	2734814	1480457	179820	760340	16441448	757851	0	8071719	4645323	705316	227606	3546740	2595
2021-04-09	17822301	623002	534650	88352	13203767	968876	3649658	12858425	4963876	0.155	0.060	7644926	5826686	1124640	1761928	4910112	4346229	944820	1001588	2734814	1480457	179820	760340	16824947	997354	0	8481272	4722495	730188	238688	3646965	2693
2021-04-10	18190708	368407	302932	65475	13449468	992073	3749167	13161357	5029351	0.158	0.060	7644926	5826686	1124640	1761928	4910112	4346229	944820	1001588	2734814	1480457	179820	760340	17160308	1030400	0	8669100	4780368	745857	246216	3746400	2767
2021-04-11	18451287	260579	210488	50091	13617293	1010104	3823890	13371845	5079442	0.161	0.061	7644926	5826686	1124640	1761928	4910112	4346229	944820	1001588	2734814	1480457	179820	760340	17415808	1035479	0	8790602	4826691	760170	249934	3821073	2817
2021-04-12	18866754	415467	338629	76838	13895917	1038780	3932057	13710474	5156280	0.165	0.062	7644926	5826686	1124640	1761928	4910112	4346229	944820	1001588	2734814	1480457	179820	760340	17782768	1083986	0	9001052	4894865	780255	258525	3929167	2890
2021-04-13	19437803	571049	497646	73403	14324792	1065435	4047576	14208120	5229683	0.171	0.063	7644926	5826686	1124640	1761928	4910112	4346229	944820	1001588	2734814	1480457	179820	760340	18157687	1280116	0	9362073	4962719	801553	263882	4044494	3082
2021-04-14	20211573	773770	690378	83392	14941689	1098935	4170949	14898498	5313075	0.179	0.064	7644926	5826686	1124640	1761928	4910112	4346229	944820	1001588	2734814	1480457	179820	760340	18557660	1653913	0	9904682	5037007	826517	272418	4167299	3650
2021-04-15	20890844	679271	608483	70788	15474133	1135282	4281429	15506981	5383863	0.186	0.065	7644926	5826686	1124640	1761928	4910112	4346229	944820	1001588	2734814	1480457	179820	760340	18941302	1949542	0	10376048	5098085	854113	281169	4276820	4609
2021-04-16	21484117	593273	517902	75371	15911019	1166577	4406521	16024883	5459234	0.193	0.066	7644926	5826686	1124640	1761928	4910112	4346229	944820	1001588	2734814	1480457	179820	760340	19339736	2144381	0	10747282	5163737	876532	290045	4401069	5452
2021-04-17	21846215	362098	305736	56362	16134496	1188597	4523122	16330619	5515596	0.196	0.066	7644926	5826686	1124640	1761928	4910112	4346229	944820	1001588	2734814	1480457	179820	760340	19680030	2166185	0	10922845	5211651	891578	297019	4516196	6926
2021-04-18	22112392	266177	226953	39224	16305875	1203010	4603507	16557572	5554820	0.199	0.067	7644926	5826686	1124640	1761928	4910112	4346229	944820	1001588	2734814	1480457	179820	760340	19941596	2170796	0	11059958	5245917	902130	300880	4595484	8023
2021-04-19	22511367	398975	338203	60772	16595420	1234836	4681111	16895775	5615592	0.203	0.068	7644926	5826686	1124640	1761928	4910112	4346229	944820	1001588	2734814	1480457	179820	760340	20296240	2215127	0	11297821	5297599	926131	308705	4671823	9288
2021-04-20	23066575	555208	493632	61576	16973520	1272701	4820354	17389407	5677168	0.209	0.068	7644926	5826686	1124640	1761928	4910112	4346229	944820	1001588	2734814	1480457	179820	760340	20656997	2409578	0	11622619	5350901	957735	314966	4809053	11301
2021-04-21	23779833	713258	641598	71660	17422882	1312062	5044889	18031005	5748828	0.217	0.069	7644926	5826686	1124640	1761928	4910112	4346229	944820	1001588	2734814	1480457	179820	760340	21031107	2748726	0	12010359	5412523	989520	322542	5031126	13763
2021-04-22	24413801	633968	567846	66122	17802926	1353567	5257308	18598851	5814950	0.224	0.070	7644926	5826686	1124640	1761928	4910112	4346229	944820	1001588	2734814	1480457	179820	760340	21397816	3015985	0	12335190	5467736	1023728	329839	5239933	17375
2021-04-23	24964385	550584	483341	67243	18152795	1396249	5415341	19082192	5882193	0.229	0.071	7644926	5826686	1124640	1761928	4910112	4346229	944820	1001588	2734814	1480457	179820	760340	21780205	3184180	0	12631257	5521538	1056477	339772	5394458	20883
2021-04-24	25333175	368790	309266	59524	18391265	1445833	5496077	19391458	5941717	0.233	0.071	7644926	5826686	1124640	1761928	4910112	4346229	944820	1001588	2734814	1480457	179820	760340	22132084	3201091	0	12828017	5563248	1090641	355192	5472800	23277
2021-04-25	25616191	283016	235444	47572	18578713	1479733	5557745	19626902	5989289	0.236	0.072	7644926	5826686	1124640	1761928	4910112	4346229	944820	1001588	2734814	1480457	179820	760340	22409286	3206905	0	12979486	5599227	1114791	364942	5532625	25120
2021-04-26	26043754	427563	354388	73175	18893928	1520697	5629067	19981352	6062464	0.240	0.073	7644926	5826686	1124640	1761928	4910112	4346229	944820	1001588	2734814	1480457	179820	760340	22750257	3293497	62	13233989	5659939	1147218	373479	5600083	28984
2021-04-27	26827346	783592	693406	90186	19569450	1572027	5685353	20675212	6152650	0.249	0.074	7644926	5826686	1124640	1761928	4910112	4346229	944820	1001588	2734814	1480457	179820	760340	23118969	3708377	516	13833410	5736040	1189393	382634	5651893	33460
2021-04-28	27947361	1120015	993247	126768	20576731	1630752	5738649	21669172	6279418	0.261	0.076	7644926	5826686	1124640	1761928	4910112	4346229	944820	1001588	2734814	1480457	179820	760340	23509901	4437460	1229	14731938	5844793	1235947	394805	5700058	38591
2021-04-29	28887091	939730	808113	131617	21397522	1692587	5794876	22478162	6411035	0.270	0.077	7644926	5826686	1124640	1761928	4910112	4346229	944820	1001588	2734814	1480457	179820	760340	23891563	4995528	2106	15441576	5955946	1285795	406792	5748685	46191
2021-04-30	29686210	799119	661866	137253	22073204	1748945	5861128	23140855	6548288	0.278	0.079	7644926	5826686	1124640	1761928	4910112	4346229	944820	1001588	2734814	1480457	179820	760340	24290836	5395374	2933	16005068	6068136	1327223	421722	5805631	55497
2021-05-01	30020904	334694	258760	75934	22324939	1789503	5900961	23402183	6624222	0.281	0.080	7644926	5826686	1124640	1761928	4910112	4346229	944820	1001588	2734814	1480457	179820	760340	24600880	5420024	5501	16195781	6129158	1361466	428037	5839435	61526
2021-05-02	30283767	262863	195221	67642	22519628	1826702	5930135	23599205	6691864	0.284	0.080	7644926	5826686	1124640	1761928	4910112	4346229	944820	1001588	2734814	1480457	179820	760340	24856088	5427679	7302	16334647	6184981	1393322	433380	5863934	66201
2021-05-03	30731811	448044	332742	115302	22834904	1895552	5992594	23933406	6807166	0.288	0.082	7644926	5826686	1124640	1761928	4910112	4346229	944820	1001588	2734814	1480457	179820	760340	25210272	5521539	8761	16559504	6275400	1449324	446228	5915817	76777
2021-05-04	31569620	837809	677319	160490	23458125	1957000	6143004	24613455	6967656	0.296	0.084	7644926	5826686	1124640	1761928	4910112	4346229	944820	1001588	2734814	1480457	179820	760340	25580829	5988791	11491	17051713	6406412	1497764	459236	6052487	90517
2021-05-05	32700713	1131093	907164	223929	24299161	2031985	6354477	25524218	7191585	0.307	0.086	7644926	5826686	1124640	1761928	4910112	4346229	944820	1001588	2734814	1480457	179820	760340	25985958	6714755	15090	17712615	6586546	1549156	482829	6247357	107120
2021-05-06	33675639	974926	759647	215279	24983104	2120293	6554236	26286781	7406864	0.316	0.089	7644926	5826686	1124640	1761928	4910112	4346229	944820	1001588	2734814	1480457	179820	760340	26385773	7289866	18006	18222981	6760123	1617487	502806	6428307	125929
2021-05-07	34544662	869023	644118	224905	25559716	2201287	6763039	26933513	7631769	0.324	0.092	7644926	5826686	1124640	1761928	4910112	4346229	944820	1001588	2734814	1480457	179820	760340	26810780	7733882	20620	18631468	6928248	1670954	530333	6610471	152568
2021-05-08	34962919	418257	268036	150221	25824271	2271339	6845822	27202416	7781990	0.327	0.094	7644926	5826686	1124640	1761928	4910112	4346229	944820	1001588	2734814	1480457	179820	760340	27168546	7794373	21487	18784675	7039596	1721956	549383	6674298	171524
2021-05-09	35245315	282396	181092	101304	26017938	2326540	6878292	27384566	7883294	0.329	0.095	7644926	5826686	1124640	1761928	4910112	4346229	944820	1001588	2734814	1480457	179820	760340	27439907	7805408	22545	18898952	7118986	1766688	559852	6696381	181911
2021-05-10	35821961	576646	388689	187957	26385204	2403379	7007429	27776659	8071251	0.334	0.097	7644926	5826686	1124640	1761928	4910112	4346229	944820	1001588	2734814	1480457	179820	760340	27827655	7994306	25949	19125897	7259307	1823997	579382	6800816	206613
2021-05-11	36884458	1062497	788857	273640	27195730	2478738	7181229	28568328	8344891	0.344	0.100	7644926	5826686	1124640	1761928	4910112	4346229	944820	1001588	2734814	1480457	179820	760340	28236457	8648001	28761	19713905	7481825	1878640	600098	6947022	234207
2021-05-12	38237911	1353453	1023772	329681	28250167	2553767	7401674	29595642	8674572	0.356	0.104	7644926	5826686	1124640	1761928	4910112	4346229	944820	1001588	2734814	1480457	179820	760340	28633927	9603984	32303	20494742	7755425	1931625	622142	7136972	264702
2021-05-13	38646171	408260	260462	147798	28550253	2616960	7445033	29857726	8822370	0.359	0.106	7644926	5826686	1124640	1761928	4910112	4346229	944820	1001588	2734814	1480457	179820	760340	28968708	9677463	33925	20677716	7872537	1980398	636562	7165687	279346
