date	dosen_kumulativ	dosen_differenz_zum_vortag	dosen_erst_differenz_zum_vortag	dosen_zweit_differenz_zum_vortag	dosen_biontech_kumulativ	dosen_moderna_kumulativ	dosen_astrazeneca_kumulativ	personen_erst_kumulativ	personen_voll_kumulativ	impf_quote_erst	impf_quote_voll	indikation_alter_dosen	indikation_beruf_dosen	indikation_medizinisch_dosen	indikation_pflegeheim_dosen	indikation_alter_erst	indikation_beruf_erst	indikation_medizinisch_erst	indikation_pflegeheim_erst	indikation_alter_voll	indikation_beruf_voll	indikation_medizinisch_voll	indikation_pflegeheim_voll	dosen_dim_kumulativ	dosen_kbv_kumulativ	dosen_johnson_kumulativ	dosen_biontech_erst_kumulativ	dosen_biontech_zweit_kumulativ	dosen_moderna_erst_kumulativ	dosen_moderna_zweit_kumulativ	dosen_astrazeneca_erst_kumulativ	dosen_astrazeneca_zweit_kumulativ
2020-12-27	24087	24087	24073	14	24086	1	0	24073	14	0.000	0.000	10705	8657	1305	12604	10664	8590	1305	12536	41	67	0	68	24087	0	0	24072	14	1	0	0	0
2020-12-28	42647	18560	18523	37	42646	1	0	42596	51	0.001	0.000	18621	15788	1991	21344	18580	15721	1991	21276	41	67	0	68	42647	0	0	42595	51	1	0	0	0
2020-12-29	93470	50823	50094	729	93469	1	0	92690	780	0.001	0.000	34989	40734	3107	40508	34724	40420	3107	40099	265	314	0	409	93470	0	0	92689	780	1	0	0	0
2020-12-30	156252	62782	62661	121	156251	1	0	155351	901	0.002	0.000	55510	73365	4901	63206	55243	73050	4901	62794	267	315	0	412	156252	0	0	155350	901	1	0	0	0
2020-12-31	206443	50191	50042	149	206442	1	0	205393	1050	0.002	0.000	72831	96719	6752	83965	72517	96367	6752	83476	314	352	0	489	206443	0	0	205392	1050	1	0	0	0
2021-01-01	225377	18934	18927	7	225375	1	1	224320	1057	0.003	0.000	81208	105449	7830	92301	80894	105097	7830	91812	314	352	0	489	225377	0	0	224318	1057	1	0	1	0
2021-01-02	277914	52537	52254	283	277912	1	1	276574	1340	0.003	0.000	102774	129731	10350	113258	102365	129304	10350	112629	409	427	0	629	277914	0	0	276572	1340	1	0	1	0
2021-01-03	301813	23899	23894	5	301811	1	1	300468	1345	0.004	0.000	113044	140227	11284	123279	112635	139800	11284	122650	409	427	0	629	301813	0	0	300466	1345	1	0	1	0
2021-01-04	349987	48174	48123	51	349985	1	1	348591	1396	0.004	0.000	129646	164913	13951	139091	129237	164486	13951	138462	409	427	0	629	349987	0	0	348589	1396	1	0	1	0
2021-01-05	403755	53768	53739	29	403752	2	1	402330	1425	0.005	0.000	147987	192565	16489	157656	147576	192117	16489	157025	411	448	0	631	403755	0	0	402327	1425	2	0	1	0
2021-01-06	466423	62668	62661	7	466412	8	3	464991	1432	0.006	0.000	169498	225530	19910	180812	169086	225082	19910	180181	412	448	0	631	466423	0	0	464980	1432	8	0	3	0
2021-01-07	522509	56086	56077	9	522495	11	3	521068	1441	0.006	0.000	189172	254868	22957	197233	188758	254418	22957	196600	414	450	0	633	522509	0	0	521054	1441	11	0	3	0
2021-01-08	585565	63056	62733	323	585503	59	3	583801	1764	0.007	0.000	211521	287315	26324	218219	211009	286711	26320	217449	512	604	4	770	585565	0	0	583739	1764	59	0	3	0
2021-01-09	647004	61439	61392	47	646942	59	3	645193	1811	0.008	0.000	237322	313238	29007	243325	236798	312599	29003	242545	524	639	4	780	647004	0	0	645131	1811	59	0	3	0
2021-01-10	682517	35513	35504	9	682455	59	3	680697	1820	0.008	0.000	252455	327794	30379	256315	251929	327151	30375	255535	526	643	4	780	682517	0	0	680635	1820	59	0	3	0
2021-01-11	750120	67603	67551	52	750056	61	3	748248	1872	0.009	0.000	277513	359176	33587	276774	276967	358513	33583	275968	546	663	4	806	750120	0	0	748184	1872	61	0	3	0
2021-01-12	832793	82673	82614	59	832723	66	4	830862	1931	0.010	0.000	305695	401338	36582	301731	305147	400670	36578	300888	548	668	4	843	832793	0	0	830792	1931	66	0	4	0
2021-01-13	944574	111781	111583	198	943707	863	4	942445	2129	0.011	0.000	345167	458844	40485	337339	344574	458093	40466	336399	593	751	19	940	944574	0	0	941578	2129	863	0	4	0
2021-01-14	1027724	83150	82965	185	1022230	5490	4	1025410	2314	0.012	0.000	374803	501101	42769	361463	374094	500254	42750	360452	709	847	19	1011	1027724	0	0	1019960	2270	5446	44	4	0
2021-01-15	1119269	91545	90935	610	1108311	10949	9	1116345	2924	0.013	0.000	408725	545673	46728	389202	407810	544625	46700	387982	915	1048	28	1220	1119269	0	0	1105431	2880	10905	44	9	0
2021-01-16	1176845	57576	56670	906	1164106	12730	9	1173015	3830	0.014	0.000	432983	570627	48859	408798	431664	569232	48767	407047	1319	1395	92	1751	1176845	0	0	1160320	3786	12686	44	9	0
2021-01-17	1225844	48999	31657	17342	1211799	14035	10	1204672	21172	0.014	0.000	453449	591002	50884	428544	444215	583354	50014	417145	9234	7648	870	11399	1225844	0	0	1190671	21128	13991	44	10	0
2021-01-18	1308471	82627	66855	15772	1290395	18065	11	1271527	36944	0.015	0.000	482728	633883	53106	448900	467235	619730	51700	430238	15493	14153	1406	18662	1308471	0	0	1253496	36899	18020	45	11	0
2021-01-19	1426146	117675	82796	34879	1404590	21531	25	1354323	71823	0.016	0.001	519765	695968	56714	479843	492669	666683	54375	447938	27096	29285	2339	31905	1426146	0	0	1332812	71778	21486	45	25	0
2021-01-20	1558160	132014	80495	51519	1533849	24282	29	1434818	123342	0.017	0.001	568076	760039	60957	522078	522876	706310	57505	469463	45200	53729	3452	52615	1558160	0	0	1410552	123297	24237	45	29	0
2021-01-21	1665880	107720	65867	41853	1638857	26994	29	1500685	165195	0.018	0.002	610150	808503	65406	556195	549621	735602	60889	487988	60529	72901	4517	68207	1665880	0	0	1473707	165150	26949	45	29	0
2021-01-22	1769965	104085	68523	35562	1740846	29079	40	1569208	200757	0.019	0.002	654049	853889	69013	590642	579902	764987	63599	506975	74147	88902	5414	83667	1769965	0	0	1540136	200710	29032	47	40	0
2021-01-23	1854973	85008	40048	44960	1825470	29462	41	1609256	245717	0.019	0.003	691767	890989	72414	617916	599855	780966	64783	516268	91912	110023	7631	101648	1854973	0	0	1579800	245670	29415	47	41	0
2021-01-24	1904204	49231	26084	23147	1874453	29706	45	1635340	268864	0.020	0.003	715655	910067	73331	632982	614016	789814	65130	521524	101639	120253	8201	111458	1904204	0	0	1605636	268817	29659	47	45	0
2021-01-25	1995907	91703	53104	38599	1964431	31429	47	1688444	307463	0.020	0.004	756375	951632	76827	658117	642321	811974	66847	534304	114054	139658	9980	123813	1995907	0	0	1657015	307416	31382	47	47	0
2021-01-26	2094580	98673	50244	48429	2061446	33081	53	1738688	355892	0.021	0.004	796572	997196	80614	684405	667753	831436	68195	545278	128819	165760	12419	139127	2094580	0	0	1705605	355841	33030	51	53	0
2021-01-27	2205725	111145	51514	59631	2170627	35037	61	1790202	415523	0.022	0.005	839834	1049509	85786	715259	691463	852265	70042	556304	148371	197244	15744	158955	2205725	0	0	1755165	415462	34976	61	61	0
2021-01-28	2296959	91234	45125	46109	2260222	36673	64	1835327	461632	0.022	0.006	877990	1090332	89974	739697	713483	869115	71590	567469	164507	221217	18384	172228	2296959	0	0	1798669	461553	36594	79	64	0
2021-01-29	2406072	109113	51463	57650	2367924	38078	70	1886790	519282	0.023	0.006	920894	1138243	95507	769100	735839	888487	73819	578309	185055	249756	21688	190791	2406072	0	0	1848721	519203	37999	79	70	0
2021-01-30	2494577	88505	36345	52160	2455554	38952	71	1923135	571442	0.023	0.007	957412	1174692	99468	796433	752473	901967	75224	586328	204939	272725	24244	210105	2494577	0	0	1884192	571362	38872	80	71	0
2021-01-31	2551091	56514	25983	30531	2511690	39329	72	1949118	601973	0.023	0.007	982865	1196922	101575	812430	766590	910861	76411	592657	216275	286061	25164	219773	2551091	0	0	1909806	601884	39241	88	71	1
2021-02-01	2671740	120649	59159	61490	2630073	41539	128	2008277	663463	0.024	0.008	1026174	1260299	105285	839830	787193	944041	78273	602425	238981	316258	27012	237405	2671740	0	0	1966699	663374	41451	88	127	1
2021-02-02	2803448	131708	64214	67494	2758901	44406	141	2072491	730957	0.025	0.009	1069633	1330364	110479	870030	806216	982089	80866	611659	263417	348275	29613	258371	2803448	0	0	2028034	730867	44317	89	140	1
2021-02-03	2962980	159532	64160	95372	2912026	50792	162	2136651	826329	0.026	0.010	1128983	1407775	116405	912544	829819	1014401	83062	623312	299164	393374	33343	289232	2962980	0	0	2085789	826237	50701	91	161	1
2021-02-04	3094755	131775	61084	70691	3037922	56665	168	2197735	897020	0.026	0.011	1177986	1472437	120972	943857	851937	1046473	85311	632945	326049	425964	35661	310912	3094755	0	0	2140996	896926	56572	93	167	1
2021-02-05	3239548	144793	67665	77128	3176311	63061	176	2265400	974148	0.027	0.012	1232524	1542580	126293	977786	877231	1080338	86905	644262	355293	462242	39388	333524	3239548	0	0	2202258	974053	62968	93	174	2
2021-02-06	3339699	100151	47172	52979	3273934	65588	177	2312572	1027127	0.028	0.012	1272514	1588658	130853	1003590	896490	1101898	88782	653957	376024	486760	42071	349633	3339699	0	0	2246902	1027032	65495	93	175	2
2021-02-07	3393958	54259	28179	26080	3325794	67985	179	2340751	1053207	0.028	0.013	1298155	1609930	133571	1016823	910800	1112720	90015	659435	387355	497210	43556	357388	3393958	0	0	2272683	1053111	67891	94	177	2
2021-02-08	3503903	109945	53165	56780	3431744	71955	204	2393916	1109987	0.029	0.013	1350672	1655734	137545	1035599	942269	1129343	91902	666781	408403	526391	45643	368818	3503903	0	0	2321854	1109890	71860	95	202	2
2021-02-09	3637838	133935	59696	74239	3561635	75889	314	2453612	1184226	0.030	0.014	1411842	1714380	141993	1058512	978151	1147503	94639	674792	433691	566877	47354	383720	3637838	0	0	2377997	1183638	75303	586	312	2
2021-02-10	3789619	151781	75167	76614	3702363	79901	7355	2528779	1260840	0.030	0.015	1478760	1781046	146001	1087933	1017461	1175177	96286	685176	461299	605869	49715	402757	3789619	0	0	2443059	1259304	78367	1534	7353	2
2021-02-11	3930772	141153	73835	67318	3820920	87047	22803	2602616	1328158	0.031	0.016	1539776	1848576	151475	1113070	1052428	1208053	98713	694775	487348	640523	52762	418295	3930772	0	2	2497160	1323760	82659	4388	22795	8
2021-02-12	4088267	157495	81420	76075	3954199	96835	37229	2684038	1404233	0.032	0.017	1611268	1919253	157751	1138545	1094198	1240389	101429	704318	517070	678864	56322	434227	4088267	0	4	2559347	1394852	87468	9367	37219	10
2021-02-13	4196024	107757	62178	45579	4045888	100021	50110	2746217	1449812	0.033	0.017	1667599	1960972	162355	1156080	1129093	1262877	103231	711418	538506	698095	59124	444662	4196024	0	5	2607005	1438883	89115	10906	50092	18
2021-02-14	4261318	65294	40025	25269	4101475	102466	57371	2786243	1475081	0.034	0.018	1706122	1983696	163973	1164146	1153761	1276081	104081	714928	552361	707615	59892	449218	4261318	0	6	2638547	1462928	90358	12108	57332	39
2021-02-15	4388158	126840	71223	55617	4208556	107429	72166	2857467	1530698	0.034	0.018	1773591	2031897	168008	1183418	1194859	1300739	106358	721524	578732	731158	61650	461894	4388158	0	7	2692794	1515762	92550	14879	72116	50
2021-02-16	4524788	136630	82004	54626	4315807	113169	95804	2939472	1585324	0.035	0.019	1839625	2089928	170683	1200400	1236633	1336138	107879	728440	602992	753790	62804	471960	4524788	0	8	2748532	1567275	95186	17983	95746	58
2021-02-17	4674026	149238	93566	55672	4437603	120880	115534	3033039	1640996	0.036	0.020	1920033	2147919	175770	1221928	1292995	1368705	110873	736858	627038	779214	64897	485070	4674026	0	9	2817695	1619908	99864	21016	115471	63
2021-02-18	4816732	142706	91469	51237	4548660	128829	139233	3124509	1692233	0.038	0.020	1995907	2206102	179208	1240945	1345328	1403985	112659	744258	650579	802117	66549	496687	4816732	0	10	2880982	1667678	104351	24478	139166	67
2021-02-19	4971327	154595	99836	54759	4667919	138742	164655	3224346	1746992	0.039	0.021	2076668	2266444	184080	1258305	1402958	1440066	115287	750941	673710	826378	68793	507364	4971327	0	11	2948498	1719421	111256	27486	164581	74
2021-02-20	5084737	113410	76313	37097	4755153	143267	186305	3300660	1784089	0.040	0.021	2138268	2310157	187738	1272296	1445964	1469322	117533	755178	692304	840835	70205	517118	5084737	0	12	2999173	1755980	115254	28013	186221	84
2021-02-21	5170892	86155	57045	29110	4822781	146495	201603	3357706	1813199	0.040	0.022	2187054	2340674	190304	1282667	1479917	1489494	118664	757407	707137	851180	71640	525260	5170892	0	13	3037854	1784927	118323	28172	201516	87
2021-02-22	5331249	160357	100242	60115	4948925	155594	226716	3457949	1873314	0.042	0.023	2266701	2410287	195201	1300517	1538362	1525084	121627	763642	728339	885203	73574	536875	5331249	0	14	3105709	1843216	125609	29985	226617	99
2021-02-23	5498450	167201	107431	59770	5081453	162753	254229	3565381	1933084	0.043	0.023	2346910	2483166	200501	1318387	1598211	1563793	124757	771284	748699	919373	75744	547103	5498450	0	15	3180138	1901315	131107	31646	254121	108
2021-02-24	5674434	175984	116393	59591	5214295	170532	289591	3681775	1992675	0.044	0.024	2431789	2557990	207079	1337422	1660503	1608669	128907	778912	771286	949321	78172	558510	5674434	0	16	3255090	1959205	137199	33333	289470	121
2021-02-25	5863835	189401	130872	58529	5345525	177236	341058	3812647	2051204	0.046	0.025	2514175	2648479	213515	1355541	1722988	1667176	133470	787131	791187	981303	80045	568410	5863835	0	16	3329254	2016271	142451	34785	340926	132
2021-02-26	6073648	209813	144402	65411	5485805	186071	401756	3957049	2116615	0.048	0.025	2602819	2749814	220591	1375230	1787946	1735795	138593	794627	814873	1014019	81998	580603	6073648	0	16	3405793	2080012	149647	36424	401593	163
2021-02-27	6222266	148618	108604	40014	5578634	190273	453343	4065653	2156629	0.049	0.026	2666475	2822116	227301	1388101	1833818	1790224	143432	799030	832657	1031892	83869	589071	6222266	0	16	3459382	2119252	153085	37188	453170	173
2021-02-28	6330365	108099	83809	24290	5641031	194224	495094	4149462	2180919	0.050	0.026	2714700	2875405	231582	1394762	1868893	1834535	146785	801170	845807	1040870	84797	593592	6330365	0	16	3497851	2143180	156684	37540	494911	183
2021-03-01	6526203	195838	146470	49368	5769677	203633	552877	4295932	2230287	0.052	0.027	2817221	2953369	239381	1408021	1943445	1896228	153263	806209	873776	1057141	86118	601812	6526203	0	16	3579166	2190511	164070	39563	552680	197
2021-03-02	6746227	220024	166338	53686	5910291	213799	622121	4462270	2283973	0.054	0.027	2927307	3047588	248982	1422628	2022735	1971725	160632	812692	904572	1075863	88350	609936	6746227	0	16	3668922	2241369	171422	42377	621910	211
2021-03-03	6989976	243749	174757	68992	6067140	227643	695177	4637027	2352965	0.056	0.028	3047976	3148969	260606	1439862	2105531	2048823	170041	819606	942445	1100146	90565	620256	6989976	0	16	3762282	2304858	179838	47805	694891	286
2021-03-04	7233128	243152	180470	62682	6209542	241697	781873	4817497	2415647	0.058	0.029	3159240	3258741	272992	1455625	2181653	2136963	180034	825002	977587	1121778	92958	630623	7233128	0	16	3847261	2362281	188692	53005	781528	345
2021-03-05	7502296	269168	201744	67424	6356819	255028	890433	5019241	2483071	0.060	0.030	3277185	3383782	287941	1471072	2258903	2242620	191990	830697	1018282	1141162	95951	640375	7502296	0	16	3932995	2423824	196186	58842	890044	389
2021-03-06	7704784	202488	153197	49291	6467592	263619	973557	5172438	2532362	0.062	0.030	3366696	3478463	298371	1480590	2314602	2325555	200824	833966	1052094	1152908	97547	646624	7704784	0	16	3996695	2470897	202582	61037	973145	412
2021-03-07	7855172	150388	115930	34458	6550076	270350	1034730	5288368	2566820	0.064	0.031	3437978	3544531	306478	1486155	2360956	2383880	208082	835928	1077022	1160651	98396	650227	7855172	0	16	4047078	2502998	206971	63379	1034303	427
2021-03-08	8094403	239231	186721	52510	6685809	281357	1127221	5475089	2619330	0.066	0.031	3556806	3640371	322827	1498475	2442587	2468035	222757	841890	1114219	1172336	100070	656585	8094403	0	16	4133677	2552132	214634	66723	1126762	459
2021-03-09	8344888	250485	195723	54762	6825959	294218	1224695	5670812	2674092	0.068	0.032	3677710	3742787	340236	1512022	2524321	2558568	238262	848791	1153389	1184219	101974	663231	8344888	0	16	4222485	2603474	224134	70084	1224177	518
2021-03-10	8628661	283773	218091	65682	6983614	305671	1339360	5888903	2739774	0.071	0.033	3808598	3856306	360962	1530389	2606688	2661880	256906	860000	1201910	1194426	104056	670389	8627690	971	16	4317609	2666005	232486	73185	1338792	568
2021-03-11	8910282	281621	220718	60903	7132703	318898	1458665	6109621	2800677	0.073	0.034	3937470	3976178	382106	1544008	2689957	2769533	276555	867677	1247513	1206645	105551	676331	8908656	1626	16	4410094	2722609	241469	77429	1458042	623
2021-03-12	9234466	324184	252518	71666	7285622	336470	1612358	6362139	2872343	0.076	0.035	4071484	4127850	404783	1559463	2770420	2906954	297406	877132	1301064	1220896	107377	682331	9232630	1836	16	4496361	2789261	254311	82159	1611451	907
2021-03-13	9481046	246580	197132	49448	7400330	346219	1734481	6559271	2921791	0.079	0.035	4181046	4240796	425293	1567511	2840453	3011727	316755	881879	1340593	1229069	108538	685632	9479054	1992	16	4563037	2837293	262694	83525	1733524	957
2021-03-14	9652274	171228	135235	35993	7489850	351365	1811043	6694506	2957784	0.080	0.036	4266043	4307307	441408	1570975	2896461	3072888	331859	883676	1369582	1234419	109549	687299	9650272	2002	16	4617551	2872299	266870	84495	1810069	974
2021-03-15	9900564	248290	189428	58862	7642252	363781	1894515	6883934	3016646	0.083	0.036	4400463	4391447	461474	1582289	2984151	3147219	350790	890548	1416312	1244228	110684	691741	9898279	2285	16	4712797	2929455	277659	86122	1893462	1053
2021-03-16	10079722	179158	112135	67023	7808377	374890	1896439	6996069	3083669	0.084	0.037	4527474	4426082	473886	1593025	3059300	3169255	361553	895647	1468174	1256827	112333	697378	10076890	2832	16	4814236	2994141	286433	88457	1895384	1055
2021-03-17	10284938	205216	125750	79466	7994145	392920	1897857	7121819	3163135	0.086	0.038	4672447	4463838	487350	1605072	3141952	3193652	373040	902175	1530495	1270186	114310	702897	10281489	3449	16	4925302	3068843	299703	93217	1896798	1059
2021-03-18	10479650	194712	119367	75345	8169051	411149	1899434	7241186	3238480	0.087	0.039	4812398	4498757	499905	1615322	3222615	3215628	383588	907340	1589783	1283129	116317	707982	10475778	3872	16	5029935	3139116	312862	98287	1898373	1061
2021-03-19	10723575	243925	161083	82842	8353650	431745	1938164	7402269	3321322	0.089	0.040	4961948	4563922	518114	1627194	3306761	3267408	399605	914537	1655187	1296514	118509	712657	10719172	4403	16	5138432	3215218	326798	104947	1937023	1141
2021-03-20	10943842	220267	166380	53887	8490170	447060	2006596	7568649	3375209	0.091	0.041	5078536	4641917	537715	1633319	3379545	3337212	417708	917920	1698991	1304705	120007	715399	10939115	4727	16	5224805	3265365	338416	108644	2005412	1184
2021-03-21	11109940	166098	127337	38761	8594809	456276	2058839	7695986	3413970	0.093	0.041	5171749	4694283	554274	1635819	3440184	3384099	433219	919244	1731565	1310184	121055	716575	11105213	4727	16	5293703	3301106	344635	111641	2057632	1207
2021-03-22	11376152	266212	190049	76163	8760510	479945	2135681	7886035	3490133	0.095	0.042	5329624	4766248	576579	1645397	3534739	3445389	453483	925279	1794885	1320859	123096	720118	11369897	6255	16	5390849	3369661	360762	119183	2134408	1273
2021-03-23	11674081	297929	214167	83762	8940799	500214	2233052	8100202	3573895	0.097	0.043	5490190	4854892	604288	1656865	3629814	3521119	478432	932910	1860376	1333773	125856	723955	11662838	11243	16	5492764	3448035	375729	124485	2231693	1359
2021-03-24	12008193	334112	245802	88310	9138042	533376	2336759	8346004	3662205	0.100	0.044	5664852	4952071	635971	1672375	3732242	3605792	507202	944863	1932610	1346279	128769	727512	11991158	17035	16	5607284	3530758	403379	129997	2335325	1434
2021-03-25	12345808	337615	257460	80155	9326527	560714	2458551	8603464	3742360	0.103	0.045	5830941	5060081	670798	1683452	3832663	3703768	539527	951994	1998278	1356313	131271	731458	12322828	22980	16	5721486	3605041	424937	135777	2457025	1526
2021-03-26	12720585	374777	286011	88766	9528396	597135	2595038	8889475	3831126	0.107	0.046	6003833	5184282	710463	1698535	3933360	3816071	576057	962322	2070473	1368211	134406	736213	12691291	29294	16	5841322	3687074	454724	142411	2593413	1625
2021-03-27	13007369	286784	223625	63159	9680373	624499	2702481	9113100	3894285	0.110	0.047	6147056	5279869	744190	1703356	4023632	3903670	607441	965464	2123424	1376199	136749	737892	12975725	31644	16	5933551	3746822	478745	145754	2700788	1693
2021-03-28	13204293	196924	144184	52740	9798109	643026	2763142	9257284	3947025	0.111	0.047	6253046	5333384	768116	1706823	4085867	3950861	629648	967502	2167179	1382523	138468	739321	13172458	31835	16	6001871	3796238	493997	149029	2761400	1742
2021-03-29	13513137	308844	219804	89040	9985969	669073	2858079	9477088	4036065	0.114	0.049	6418833	5404751	806706	1716518	4180272	4010842	665103	973637	2238561	1393909	141603	742881	13475354	37783	16	6108053	3877916	512735	156338	2856284	1795
2021-03-30	13841677	328540	235187	93353	10201926	695370	2944365	9712275	4129418	0.117	0.050	6591913	5474211	853024	1727240	4280843	4069380	706095	981320	2311070	1404831	146929	745920	13791758	49919	16	6238245	3963681	531511	163859	2942503	1862
2021-03-31	14183317	341640	238542	103098	10451497	733729	2998075	9950817	4232516	0.120	0.051	6774517	5538855	899988	1738789	4384637	4121392	747318	988525	2389880	1417463	152670	750264	14117083	66234	16	6393627	4057870	560998	172731	2996176	1899
2021-04-01	14507340	324023	231621	92402	10687673	766264	3053387	10182438	4324918	0.122	0.052	6936269	5606629	944397	1747554	4476928	4175958	787230	994147	2459341	1430671	157167	753407	14421027	86313	16	6546031	4141642	584945	181319	3051446	1941
2021-04-02	14737332	229992	158411	71581	10869143	782909	3085264	10340849	4396499	0.124	0.053	7067172	5654574	981393	1749910	4552089	4213818	820223	995356	2515083	1440756	161170	754554	14649495	87837	16	6661406	4207737	596125	186784	3083302	1962
2021-04-03	14969366	232034	166018	66016	11042754	800110	3126486	10506867	4462515	0.126	0.054	7198861	5698683	1018737	1753036	4633025	4248782	853330	997097	2565836	1449901	165407	755939	14880130	89236	16	6774386	4268368	607974	192136	3124491	1995
2021-04-04	15165500	196134	142597	53537	11178117	811242	3176125	10649464	4516052	0.128	0.054	7309766	5731715	1048001	1754173	4704262	4274251	879171	997551	2605504	1457464	168830	756622	15076128	89372	16	6860450	4317667	614909	196333	3174089	2036
2021-04-05	15415180	249680	176300	73380	11346465	829168	3239531	10825764	4589432	0.130	0.055	7456036	5770066	1081529	1756372	4794323	4302940	907924	998846	2661713	1467126	173605	757526	15324498	90682	16	6960731	4385734	627560	201608	3237457	2074
2021-04-06	15793818	378638	279591	99047	11604643	862446	3326713	11105355	4688479	0.134	0.056	7644926	5826686	1124640	1761928	4910112	4346229	944820	1001588	2734814	1480457	179820	760340	15666509	127309	16	7128676	4475967	652104	210342	3324559	2154
2021-04-07	16471995	678177	581115	97062	12147042	898527	3426410	11686470	4785541	0.141	0.058	7644926	5826686	1124640	1761928	4910112	4346229	944820	1001588	2734814	1480457	179820	760340	16039022	432973	16	7582307	4564735	679982	218545	3424165	2245
2021-04-08	17204955	732960	643242	89718	12720605	933800	3550534	12329712	4875259	0.148	0.059	7644926	5826686	1124640	1761928	4910112	4346229	944820	1001588	2734814	1480457	179820	760340	16447104	757851	16	8075280	4645325	706196	227604	3548220	2314
2021-04-09	17827862	622907	534444	88463	13207586	969404	3650856	12864156	4963722	0.155	0.060	7644926	5826686	1124640	1761928	4910112	4346229	944820	1001588	2734814	1480457	179820	760340	16830508	997354	16	8485056	4722530	730639	238765	3648445	2411
2021-04-10	18196302	368440	302879	65561	13453359	992560	3750367	13167035	5029283	0.158	0.060	7644926	5826686	1124640	1761928	4910112	4346229	944820	1001588	2734814	1480457	179820	760340	17165902	1030400	16	8672982	4780377	746155	246405	3747882	2485
2021-04-11	18456900	260598	210531	50067	13621200	1010594	3825090	13377566	5079350	0.161	0.061	7644926	5826686	1124640	1761928	4910112	4346229	944820	1001588	2734814	1480457	179820	760340	17421421	1035479	16	8794523	4826677	760472	250122	3822555	2535
2021-04-12	18872760	415860	338915	76945	13900099	1039380	3933265	13716481	5156295	0.165	0.062	7644926	5826686	1124640	1761928	4910112	4346229	944820	1001588	2734814	1480457	179820	760340	17788774	1083986	16	9005268	4894831	780541	258839	3930656	2609
2021-04-13	19444199	571439	497921	73518	14329221	1066166	4048796	14214402	5229813	0.171	0.063	7644926	5826686	1124640	1761928	4910112	4346229	944820	1001588	2734814	1480457	179820	760340	18164083	1280116	16	9366553	4962668	801837	264329	4045996	2800
2021-04-14	20218468	774269	690771	83498	14946498	1099776	4172178	14905173	5313311	0.179	0.064	7644926	5826686	1124640	1761928	4910112	4346229	944820	1001588	2734814	1480457	179820	760340	18564555	1653913	16	9909556	5036942	826791	272985	4168810	3368
2021-04-15	20897996	679528	608624	70904	15479085	1136224	4282671	15513797	5384215	0.187	0.065	7644926	5826686	1124640	1761928	4910112	4346229	944820	1001588	2734814	1480457	179820	760340	18948454	1949542	16	10381070	5098015	854367	281857	4278344	4327
2021-04-16	21491498	593502	518120	75382	15916049	1167661	4407772	16031917	5459597	0.193	0.066	7644926	5826686	1124640	1761928	4910112	4346229	944820	1001588	2734814	1480457	179820	760340	19347117	2144381	16	10752369	5163680	876932	290729	4402600	5172
2021-04-17	21853796	362298	305814	56484	16139587	1189802	4524391	16337731	5516081	0.196	0.066	7644926	5826686	1124640	1761928	4910112	4346229	944820	1001588	2734814	1480457	179820	760340	19687611	2166185	16	10927978	5211609	891989	297813	4517748	6643
2021-04-18	22119980	266184	226961	39223	16310972	1204215	4604777	16564692	5555304	0.199	0.067	7644926	5826686	1124640	1761928	4910112	4346229	944820	1001588	2734814	1480457	179820	760340	19949184	2170796	16	11065099	5245873	902542	301673	4597035	7742
2021-04-19	22519102	399122	338335	60787	16600583	1236112	4682390	16903028	5616091	0.203	0.068	7644926	5826686	1124640	1761928	4910112	4346229	944820	1001588	2734814	1480457	179820	760340	20303975	2215127	17	11303010	5297573	926614	309498	4673387	9003
2021-04-20	23074517	555415	493797	61618	16978849	1274008	4821643	17396825	5677709	0.209	0.068	7644926	5826686	1124640	1761928	4910112	4346229	944820	1001588	2734814	1480457	179820	760340	20664939	2409578	17	11627954	5350895	958227	315781	4810627	11016
2021-04-21	23788163	713646	641897	71749	17428419	1313541	5046186	18038722	5749458	0.217	0.069	7644926	5826686	1124640	1761928	4910112	4346229	944820	1001588	2734814	1480457	179820	760340	21039437	2748726	17	12015926	5412493	990072	323469	5032707	13479
2021-04-22	24422247	634084	567970	66114	17808555	1355054	5258621	18606692	5815572	0.224	0.070	7644926	5826686	1124640	1761928	4910112	4346229	944820	1001588	2734814	1480457	179820	760340	21406262	3015985	17	12340854	5467701	1024289	330765	5241532	17089
2021-04-23	24973295	551048	483509	67539	18158713	1397811	5416754	19090201	5883111	0.230	0.071	7644926	5826686	1124640	1761928	4910112	4346229	944820	1001588	2734814	1480457	179820	760340	21789115	3184180	17	12636994	5521719	1057118	340693	5396072	20682
2021-04-24	25342430	369135	309378	59757	18397427	1447404	5497582	19399579	5942868	0.233	0.071	7644926	5826686	1124640	1761928	4910112	4346229	944820	1001588	2734814	1480457	179820	760340	22141339	3201091	17	12833812	5563615	1091286	356118	5474464	23118
2021-04-25	25625672	283242	235497	47745	18585040	1481307	5559308	19635076	5990613	0.236	0.072	7644926	5826686	1124640	1761928	4910112	4346229	944820	1001588	2734814	1480457	179820	760340	22418767	3206905	17	12985318	5599722	1115440	365867	5534301	25007
2021-04-26	26053458	427786	354559	73227	18900398	1522344	5630637	19989697	6063840	0.240	0.073	7644926	5826686	1124640	1761928	4910112	4346229	944820	1001588	2734814	1480457	179820	760340	22759961	3293497	79	13239945	5660453	1147910	374434	5601763	28874
2021-04-27	26837463	784005	693564	90441	19576202	1573765	5686963	20683715	6154281	0.249	0.074	7644926	5826686	1124640	1761928	4910112	4346229	944820	1001588	2734814	1480457	179820	760340	23129086	3708377	533	13839425	5736777	1190178	383587	5653579	33384
2021-04-28	27957968	1120505	993418	127087	20583822	1632566	5740334	21677846	6281368	0.261	0.076	7644926	5826686	1124640	1761928	4910112	4346229	944820	1001588	2734814	1480457	179820	760340	23520508	4437460	1246	14738096	5845726	1236749	395817	5701755	38579
2021-04-29	28897932	939964	808254	131710	21404713	1694435	5796661	22486977	6413078	0.270	0.077	7644926	5826686	1124640	1761928	4910112	4346229	944820	1001588	2734814	1480457	179820	760340	23902404	4995528	2123	15447812	5956901	1286621	407814	5750421	46240
2021-04-30	29697526	799594	662193	137401	22080565	1750874	5863137	23149997	6550479	0.278	0.079	7644926	5826686	1124640	1761928	4910112	4346229	944820	1001588	2734814	1480457	179820	760340	24302152	5395374	2950	16011431	6069134	1328084	422790	5807532	55605
2021-05-01	30032751	335225	259053	76172	22332817	1791439	5902976	23411619	6626651	0.282	0.080	7644926	5826686	1124640	1761928	4910112	4346229	944820	1001588	2734814	1480457	179820	760340	24612727	5420024	5519	16202422	6130395	1362337	429102	5841341	61635
2021-05-02	30295841	263090	195322	67768	22527729	1828638	5932153	23608743	6694419	0.284	0.080	7644926	5826686	1124640	1761928	4910112	4346229	944820	1001588	2734814	1480457	179820	760340	24868162	5427679	7321	16341385	6186344	1394194	434444	5865843	66310
2021-05-03	30745005	449164	333545	115619	22843848	1897613	5994740	23943771	6810038	0.288	0.082	7644926	5826686	1124640	1761928	4910112	4346229	944820	1001588	2734814	1480457	179820	760340	25223466	5521539	8804	16566845	6277003	1450320	447293	5917802	76938
2021-05-04	31584277	839272	677991	161281	23468040	1959511	6145186	24624498	6971319	0.296	0.084	7644926	5826686	1124640	1761928	4910112	4346229	944820	1001588	2734814	1480457	179820	760340	25595486	5988791	11540	17059552	6408488	1498907	460604	6054499	90687
2021-05-05	32718185	1133908	907925	225983	24310465	2035805	6356730	25536068	7197302	0.307	0.087	7644926	5826686	1124640	1761928	4910112	4346229	944820	1001588	2734814	1480457	179820	760340	26003430	6714755	15185	17721007	6589458	1550467	485338	6249409	107321
2021-05-06	33696081	977896	760745	217151	24995700	2125340	6556907	26299762	7414453	0.316	0.089	7644926	5826686	1124640	1761928	4910112	4346229	944820	1001588	2734814	1480457	179820	760340	26406215	7289866	18134	18232156	6763544	1619034	506306	6430438	126469
2021-05-07	34569899	873818	644956	228862	25573448	2208555	6766680	26947800	7643315	0.324	0.092	7644926	5826686	1124640	1761928	4910112	4346229	944820	1001588	2734814	1480457	179820	760340	26836017	7733882	21216	18641120	6932328	1672711	535844	6612753	153927
2021-05-08	34990589	420690	268527	152163	25839101	2279387	6849619	27217593	7795478	0.327	0.094	7644926	5826686	1124640	1761928	4910112	4346229	944820	1001588	2734814	1480457	179820	760340	27196216	7794373	22482	18794699	7044402	1723738	555649	6676674	172945
2021-05-09	35273743	283154	181264	101890	26032891	2335210	6882097	27399920	7897368	0.329	0.095	7644926	5826686	1124640	1761928	4910112	4346229	944820	1001588	2734814	1480457	179820	760340	27468335	7805408	23545	18909033	7123858	1768584	566626	6698758	183339
2021-05-10	35855027	581284	391115	190169	26403167	2413014	7011662	27794674	8087537	0.334	0.097	7644926	5826686	1124640	1761928	4910112	4346229	944820	1001588	2734814	1480457	179820	760340	27860721	7994306	27184	19137942	7265225	1826044	586970	6803504	208158
2021-05-11	36929453	1074426	792614	281812	27221555	2490822	7186844	28590336	8369349	0.344	0.101	7644926	5826686	1124640	1761928	4910112	4346229	944820	1001588	2734814	1480457	179820	760340	28281452	8648001	30232	19728020	7493535	1881548	609274	6950536	236308
2021-05-12	38328369	1398916	1040504	358412	28306413	2576281	7410741	29635542	8727761	0.356	0.105	7644926	5826686	1124640	1761928	4910112	4346229	944820	1001588	2734814	1480457	179820	760340	28724385	9603984	34934	20520323	7786090	1938421	637860	7141864	268877
2021-05-13	38749150	420781	264503	156278	28614954	2642638	7454606	29902063	8884039	0.360	0.107	7644926	5826686	1124640	1761928	4910112	4346229	944820	1001588	2734814	1480457	179820	760340	29071687	9677463	36952	20704990	7909964	1989347	653291	7170774	283832
2021-05-14	39490874	741724	518998	222726	29149797	2705423	7591894	30427869	9106765	0.366	0.110	7644926	5826686	1124640	1761928	4910112	4346229	944820	1001588	2734814	1480457	179820	760340	29462074	10028800	43760	21065143	8084654	2037202	668221	7281764	310130
2021-05-15	39880487	389613	229787	159826	29421252	2763616	7647668	30661847	9266591	0.369	0.111	7644926	5826686	1124640	1761928	4910112	4346229	944820	1001588	2734814	1480457	179820	760340	29804021	10076466	47951	21219328	8201924	2079036	684580	7315532	332136
2021-05-16	40155656	275169	157911	117258	29615610	2815436	7672089	30824328	9383849	0.371	0.113	7644926	5826686	1124640	1761928	4910112	4346229	944820	1001588	2734814	1480457	179820	760340	30063185	10092471	52521	21324074	8291536	2120967	694469	7326766	345323
2021-05-17	40696803	541147	343955	197192	29947110	2895960	7791137	31178358	9581041	0.375	0.115	7644926	5826686	1124640	1761928	4910112	4346229	944820	1001588	2734814	1480457	179820	760340	30435014	10261789	62596	21514864	8432246	2178670	717290	7422228	368909
2021-05-18	41552543	855740	512498	343242	30528166	2993712	7960850	31698075	9924283	0.381	0.119	7644926	5826686	1124640	1761928	4910112	4346229	944820	1001588	2734814	1480457	179820	760340	30835750	10716793	69815	21810454	8717712	2250507	743205	7567299	393551
2021-05-19	42611604	1059061	550376	508685	31310714	3082022	8138592	32258912	10432968	0.388	0.125	7644926	5826686	1124640	1761928	4910112	4346229	944820	1001588	2734814	1480457	179820	760340	31215033	11396571	80276	22146966	9163748	2311338	770684	7720332	418260
