date	dosen_kumulativ	dosen_differenz_zum_vortag	dosen_erst_differenz_zum_vortag	dosen_zweit_differenz_zum_vortag	dosen_biontech_kumulativ	dosen_moderna_kumulativ	dosen_astrazeneca_kumulativ	personen_erst_kumulativ	personen_voll_kumulativ	impf_quote_erst	impf_quote_voll	indikation_alter_dosen	indikation_beruf_dosen	indikation_medizinisch_dosen	indikation_pflegeheim_dosen	indikation_alter_erst	indikation_beruf_erst	indikation_medizinisch_erst	indikation_pflegeheim_erst	indikation_alter_voll	indikation_beruf_voll	indikation_medizinisch_voll	indikation_pflegeheim_voll	dosen_dim_kumulativ	dosen_kbv_kumulativ	dosen_johnson_kumulativ	dosen_biontech_erst_kumulativ	dosen_biontech_zweit_kumulativ	dosen_moderna_erst_kumulativ	dosen_moderna_zweit_kumulativ	dosen_astrazeneca_erst_kumulativ	dosen_astrazeneca_zweit_kumulativ	dosen_erst_kumulativ	dosen_zweit_kumulativ
2020-12-27	24087	24087	24074	13	24085	2	0	24074	13	0.000	0.000	10705	8657	1305	12604	10664	8590	1305	12536	41	67	0	68	24087	0	0	24072	13	2	0	0	0	24074	13
2020-12-28	42078	17991	17830	161	42076	2	0	41904	174	0.001	0.000	18621	15788	1991	21344	18580	15721	1991	21276	41	67	0	68	42078	0	0	41902	174	2	0	0	0	41904	174
2020-12-29	92082	50004	49270	734	92079	2	1	91174	908	0.001	0.000	34989	40734	3107	40508	34724	40420	3107	40099	265	314	0	409	92082	0	0	91171	908	2	0	1	0	91174	908
2020-12-30	155576	63494	63356	138	155573	2	1	154530	1046	0.002	0.000	55510	73365	4901	63206	55243	73050	4901	62794	267	315	0	412	155576	0	0	154527	1046	2	0	1	0	154530	1046
2020-12-31	205267	49691	49602	89	205264	2	1	204132	1135	0.002	0.000	72831	96719	6752	83965	72517	96367	6752	83476	314	352	0	489	205267	0	0	204129	1135	2	0	1	0	204132	1135
2021-01-01	230617	25350	25341	9	230606	7	4	229473	1144	0.003	0.000	81208	105449	7830	92301	80894	105097	7830	91812	314	352	0	489	230617	0	0	229463	1143	7	0	3	1	229473	1144
2021-01-02	278561	47944	47658	286	278550	7	4	277131	1430	0.003	0.000	102774	129731	10350	113258	102365	129304	10350	112629	409	427	0	629	278561	0	0	277121	1429	7	0	3	1	277131	1430
2021-01-03	300973	22412	22407	5	300960	9	4	299538	1435	0.004	0.000	113044	140227	11284	123279	112635	139800	11284	122650	409	427	0	629	300973	0	0	299526	1434	9	0	3	1	299538	1435
2021-01-04	346815	45842	45746	96	346801	10	4	345284	1531	0.004	0.000	129646	164913	13951	139091	129237	164486	13951	138462	409	427	0	629	346815	0	0	345271	1530	10	0	3	1	345284	1531
2021-01-05	399047	52232	51894	338	399032	11	4	397178	1869	0.005	0.000	147987	192565	16489	157656	147576	192117	16489	157025	411	448	0	631	399047	0	0	397164	1868	11	0	3	1	397178	1869
2021-01-06	461552	62505	62412	93	461528	17	7	459590	1962	0.006	0.000	169498	225530	19910	180812	169086	225082	19910	180181	412	448	0	631	461552	0	0	459568	1960	17	0	5	2	459590	1962
2021-01-07	516132	54580	54558	22	516101	21	9	514149	1984	0.006	0.000	189172	254868	22957	197233	188758	254418	22957	196600	414	450	0	633	516132	0	1	514120	1981	21	0	7	2	514148	1984
2021-01-08	578348	62216	62108	108	578265	72	10	576257	2092	0.007	0.000	211521	287315	26324	218219	211009	286711	26320	217449	512	604	4	770	578348	0	1	576176	2089	72	0	8	2	576256	2092
2021-01-09	638352	60004	59856	148	638265	75	11	636113	2240	0.008	0.000	237322	313238	29007	243325	236798	312599	29003	242545	524	639	4	780	638352	0	1	636029	2236	75	0	8	3	636112	2240
2021-01-10	674082	35730	35581	149	673987	83	11	671694	2389	0.008	0.000	252455	327794	30379	256315	251929	327151	30375	255535	526	643	4	780	674082	0	1	671603	2384	82	1	8	3	671693	2389
2021-01-11	741895	67813	67711	102	741784	97	13	739405	2491	0.009	0.000	277513	359176	33587	276774	276967	358513	33583	275968	546	663	4	806	741895	0	1	739304	2480	90	7	10	3	739404	2491
2021-01-12	820441	78546	78481	65	820314	112	14	817886	2556	0.010	0.000	305695	401338	36582	301731	305147	400670	36578	300888	548	668	4	843	820441	0	1	817770	2544	105	7	10	4	817885	2556
2021-01-13	931661	111220	111019	201	930366	1280	14	928905	2757	0.011	0.000	345167	458844	40485	337339	344574	458093	40466	336399	593	751	19	940	931661	0	1	927621	2745	1273	7	10	4	928904	2757
2021-01-14	1015233	83572	83350	222	1008790	6428	14	1012255	2979	0.012	0.000	374803	501101	42769	361463	374094	500254	42750	360452	709	847	19	1011	1015233	0	1	1005867	2923	6377	51	10	4	1012254	2979
2021-01-15	1106214	90981	90135	846	1094500	11694	19	1102390	3825	0.013	0.000	408725	545673	46728	389202	407810	544625	46700	387982	915	1048	28	1220	1106214	0	1	1090731	3769	11643	51	15	4	1102389	3825
2021-01-16	1163684	57470	56465	1005	1150290	13373	20	1158855	4830	0.014	0.000	432983	570627	48859	408798	431664	569232	48767	407047	1319	1395	92	1751	1163684	0	1	1145516	4774	13322	51	16	4	1158854	4830
2021-01-17	1211024	47340	30427	16913	1196367	14634	21	1189283	21743	0.014	0.000	453449	591002	50884	428544	444215	583354	50014	417145	9234	7648	870	11399	1211024	0	2	1174681	21686	14583	51	17	4	1189281	21743
2021-01-18	1293235	82211	66626	15585	1274436	18775	22	1255909	37328	0.015	0.000	482728	633883	53106	448900	467235	619730	51700	430238	15493	14153	1406	18662	1293235	0	2	1237167	37269	18722	53	18	4	1255907	37328
2021-01-19	1412261	119026	83003	36023	1389786	22442	31	1338912	73351	0.016	0.001	519765	695968	56714	479843	492669	666683	54375	447938	27096	29285	2339	31905	1412261	0	2	1316499	73287	22384	58	27	4	1338910	73351
2021-01-20	1543698	131437	78056	53381	1518479	25183	34	1416968	126732	0.017	0.002	568076	760039	60957	522078	522876	706310	57505	469463	45200	53729	3452	52615	1543698	0	2	1391811	126668	25125	58	30	4	1416966	126732
2021-01-21	1648534	104836	64095	40741	1620574	27923	35	1481063	167473	0.018	0.002	610150	808503	65406	556195	549621	735602	60889	487988	60529	72901	4517	68207	1648534	0	2	1453167	167407	27864	59	30	5	1481061	167473
2021-01-22	1749922	101388	68220	33168	1719769	30108	43	1549283	200641	0.019	0.002	654049	853889	69013	590642	579902	764987	63599	506975	74147	88902	5414	83667	1749922	0	2	1519199	200570	30044	64	38	5	1549281	200641
2021-01-23	1836263	86341	40481	45860	1805754	30461	46	1589764	246501	0.019	0.003	691767	890989	72414	617916	599855	780966	64783	516268	91912	110023	7631	101648	1836263	0	2	1559325	246429	30396	65	41	5	1589762	246501
2021-01-24	1883387	47124	25533	21591	1852676	30659	50	1615297	268092	0.019	0.003	715655	910067	73331	632982	614016	789814	65130	521524	101639	120253	8201	111458	1883387	0	2	1584656	268020	30594	65	45	5	1615295	268092
2021-01-25	1974146	90759	52465	38294	1942016	32075	53	1667762	306386	0.020	0.004	756375	951632	76827	658117	642321	811974	66847	534304	114054	139658	9980	123813	1974146	0	2	1635705	306311	32007	68	48	5	1667760	306386
2021-01-26	2071579	97433	50716	46717	2038008	33509	60	1718478	353103	0.021	0.004	796572	997196	80614	684405	667753	831436	68195	545278	128819	165760	12419	139127	2071579	0	2	1684985	353023	33436	73	55	5	1718476	353103
2021-01-27	2180592	109013	50868	58145	2145226	35295	68	1769347	411248	0.021	0.005	839834	1049509	85786	715259	691463	852265	70042	556304	148371	197244	15744	158955	2180592	0	3	1734071	411155	35210	85	63	5	1769344	411248
2021-01-28	2273061	92469	46593	45876	2236064	36923	71	1815940	457124	0.022	0.005	877990	1090332	89974	739697	713483	869115	71590	567469	164507	221217	18384	172228	2273061	0	3	1779121	456943	36750	173	66	5	1815937	457124
2021-01-29	2380790	107729	49993	57736	2342306	38403	78	1865933	514860	0.022	0.006	920894	1138243	95507	769100	735839	888487	73819	578309	185055	249756	21688	190791	2380790	0	3	1827628	514678	38229	174	73	5	1865930	514860
2021-01-30	2468783	87993	34390	53603	2429417	39283	80	1900323	568463	0.023	0.007	957412	1174692	99468	796433	752473	901967	75224	586328	204939	272725	24244	210105	2468783	0	3	1861139	568278	39107	176	74	6	1900320	568463
2021-01-31	2525585	56802	25771	31031	2485838	39659	85	1926094	599494	0.023	0.007	982865	1196922	101575	812430	766590	910861	76411	592657	216275	286061	25164	219773	2525585	0	3	1886538	599300	39475	184	78	7	1926091	599494
2021-02-01	2645002	119417	57977	61440	2602996	41867	136	1984071	660934	0.024	0.008	1026174	1260299	105285	839830	787193	944041	78273	602425	238981	316258	27012	237405	2645002	0	3	1942258	660738	41681	186	129	7	1984068	660934
2021-02-02	2777216	132214	65060	67154	2732135	44929	149	2049131	728088	0.025	0.009	1069633	1330364	110479	870030	806216	982089	80866	611659	263417	348275	29613	258371	2777216	0	3	2004244	727891	44742	187	142	7	2049128	728088
2021-02-03	2939146	161930	64238	97692	2887712	51256	175	2113369	825780	0.025	0.010	1128983	1407775	116405	912544	829819	1014401	83062	623312	299164	393374	33343	289232	2939146	0	3	2062135	825577	51063	193	168	7	2113366	825780
2021-02-04	3073033	133887	61798	72089	3015762	57088	180	2175167	897869	0.026	0.011	1177986	1472437	120972	943857	851937	1046473	85311	632945	326049	425964	35661	310912	3073033	0	3	2118099	897663	56892	196	173	7	2175164	897869
2021-02-05	3219789	146756	68961	77795	3156062	63536	188	2244128	975664	0.027	0.012	1232524	1542580	126293	977786	877231	1080338	86905	644262	355293	462242	39388	333524	3219789	0	3	2180739	975323	63206	330	180	8	2244125	975664
2021-02-06	3313457	93668	45440	48228	3247103	66162	189	2289568	1023892	0.028	0.012	1272514	1588658	130853	1003590	896490	1101898	88782	653957	376024	486760	42071	349633	3313457	0	3	2223552	1023551	65832	330	181	8	2289565	1023892
2021-02-07	3366763	53306	28259	25047	3298080	68488	191	2317828	1048939	0.028	0.013	1298155	1609930	133571	1016823	910800	1112720	90015	659435	387355	497210	43556	357388	3366763	0	4	2249484	1048596	68157	331	183	8	2317824	1048939
2021-02-08	3475624	108861	52827	56034	3403090	72310	219	2370656	1104973	0.029	0.013	1350672	1655734	137545	1035599	942269	1129343	91902	666781	408403	526391	45643	368818	3475624	0	5	2298463	1104627	71977	333	211	8	2370651	1104973
2021-02-09	3609608	133984	60211	73773	3533527	75744	332	2430867	1178746	0.029	0.014	1411842	1714380	141993	1058512	978151	1147503	94639	674792	433691	566877	47354	383720	3609608	0	5	2355317	1178210	75221	523	324	8	2430862	1178746
2021-02-10	3764014	154406	77289	77117	3675362	79979	8668	2508156	1255863	0.030	0.015	1478760	1781046	146001	1087933	1017461	1175177	96286	685176	461299	605869	49715	402757	3764014	0	5	2421028	1254334	78475	1504	8648	20	2508151	1255863
2021-02-11	3907747	143733	75244	68489	3795514	87242	24984	2583402	1324352	0.031	0.016	1539776	1848576	151475	1113070	1052428	1208053	98713	694775	487348	640523	52762	418295	3907747	0	7	2475737	1319777	82708	4534	24950	34	2583395	1324352
2021-02-12	4062865	155118	79550	75568	3927081	96540	39234	2662955	1399920	0.032	0.017	1611268	1919253	157751	1138545	1094198	1240389	101429	704318	517070	678864	56322	434227	4062865	0	10	2536788	1390293	87280	9260	38877	357	2662945	1399920
2021-02-13	4170185	107320	61930	45390	4017795	99797	52582	2724886	1445310	0.033	0.017	1667599	1960972	162355	1156080	1129093	1262877	103231	711418	538506	698095	59124	444662	4170185	0	11	2583665	1434130	88992	10805	52218	364	2724875	1445310
2021-02-14	4235354	65169	39492	25677	4073247	102271	59824	2764379	1470987	0.033	0.018	1706122	1983696	163973	1164146	1153761	1276081	104081	714928	552361	707615	59892	449218	4235354	0	12	2614666	1458581	90262	12009	59439	385	2764367	1470987
2021-02-15	4360596	125242	69583	55659	4177764	107538	75281	2833963	1526646	0.034	0.018	1773591	2031897	168008	1183418	1194859	1300739	106358	721524	578732	731158	61650	461894	4360596	0	13	2666539	1511225	92534	15004	74877	404	2833950	1526646
2021-02-16	4494562	133966	77759	56207	4285986	113689	94873	2911723	1582853	0.035	0.019	1839625	2089928	170683	1200400	1236633	1336138	107879	728440	602992	753790	62804	471960	4494562	0	14	2721993	1563993	95259	18430	94457	416	2911709	1582853
2021-02-17	4645252	150690	94403	56287	4407922	121687	115628	3006127	1639140	0.036	0.020	1920033	2147919	175770	1221928	1292995	1368705	110873	736858	627038	779214	64897	485070	4645252	0	15	2790841	1617081	100072	21615	115199	429	3006112	1639140
2021-02-18	4789447	144195	91208	52987	4520049	129910	139472	3097336	1692127	0.037	0.020	1995907	2206102	179208	1240945	1345328	1403985	112659	744258	650579	802117	66549	496687	4789447	0	16	2853527	1666522	104754	25156	139039	433	3097320	1692127
2021-02-19	4947744	158297	102729	55568	4640962	139871	166894	3200066	1747695	0.038	0.021	2076668	2266444	184080	1258305	1402958	1440066	115287	750941	673710	826378	68793	507364	4947744	0	17	2921989	1718973	111705	28166	166355	539	3200049	1747695
2021-02-20	5059796	112052	75795	36257	4727352	144335	188091	3275862	1783952	0.039	0.021	2138268	2310157	187738	1272296	1445964	1469322	117533	755178	692304	840835	70205	517118	5059796	0	18	2972565	1754787	115737	28598	187542	549	3275844	1783952
2021-02-21	5145559	85763	57384	28379	4793858	147976	203706	3333247	1812331	0.040	0.022	2187054	2340674	190304	1282667	1479917	1489494	118664	757407	707137	851180	71640	525260	5145559	0	19	3010858	1783000	119219	28757	203151	555	3333228	1812331
2021-02-22	5300779	155220	97538	57682	4916519	156918	227322	3430786	1870013	0.041	0.022	2266701	2410287	195201	1300517	1538362	1525084	121627	763642	728339	885203	73574	536875	5300779	0	20	3077618	1838901	126393	30525	226755	567	3430766	1870013
2021-02-23	5470617	169838	109381	60457	5050294	164127	256175	3540168	1930470	0.043	0.023	2346910	2483166	200501	1318387	1598211	1563793	124757	771284	748699	919373	75744	547103	5470617	0	21	3152607	1897687	131943	32184	255597	578	3540147	1930470
2021-02-24	5646297	175680	116542	59138	5181718	171737	292820	3656711	1989608	0.044	0.024	2431789	2557990	207079	1337422	1660503	1608669	128907	778912	771286	949321	78172	558510	5646297	0	22	3226597	1955121	137868	33869	292224	596	3656689	1989608
2021-02-25	5835218	188921	129995	58926	5313031	178495	343670	3786706	2048534	0.046	0.025	2514175	2648479	213515	1355541	1722988	1667176	133470	787131	791187	981303	80045	568410	5835218	0	22	3300526	2012505	143097	35398	343061	609	3786684	2048534
2021-02-26	6047631	212413	145559	66854	5453794	187328	406487	3932265	2115388	0.047	0.025	2602819	2749814	220591	1375230	1787946	1735795	138593	794627	814873	1014019	81998	580603	6047631	0	22	3376123	2077671	150314	37014	405806	681	3932243	2115388
2021-02-27	6195341	147710	107826	39884	5546442	191410	457467	4040091	2155272	0.049	0.026	2666475	2822116	227301	1388101	1833818	1790224	143432	799030	832657	1031892	83869	589071	6195341	0	22	3429627	2116815	153664	37746	456778	689	4040069	2155272
2021-02-28	6298173	102832	78774	24058	5607719	195365	495066	4118866	2179330	0.050	0.026	2714700	2875405	231582	1394762	1868893	1834535	146785	801170	845807	1040870	84797	593592	6298173	0	23	3467219	2140500	157266	38099	494358	708	4118843	2179330
2021-03-01	6496350	198177	148323	49854	5737948	204987	553392	4267189	2229184	0.051	0.027	2817221	2953369	239381	1408021	1943445	1896228	153263	806209	873776	1057141	86118	601812	6496350	0	23	3549631	2188317	164867	40120	552668	724	4267166	2229184
2021-03-02	6715301	218951	166858	52093	5878088	214981	622209	4434047	2281277	0.053	0.027	2927307	3047588	248982	1422628	2022735	1971725	160632	812692	904572	1075863	88350	609936	6715301	0	23	3640574	2237514	171987	42994	621463	746	4434024	2281277
2021-03-03	6962325	247024	176530	70494	6035817	229929	696556	4610577	2351771	0.055	0.028	3047976	3148969	260606	1439862	2105531	2048823	170041	819606	942445	1100146	90565	620256	6962325	0	23	3733737	2302080	181060	48869	695757	799	4610554	2351771
2021-03-04	7207102	244777	181963	62814	6177006	244394	785679	4792540	2414585	0.058	0.029	3159240	3258741	272992	1455625	2181653	2136963	180034	825002	977587	1121778	92958	630623	7207102	0	23	3817542	2359464	190133	54261	784842	837	4792517	2414585
2021-03-05	7481323	274221	207254	66967	6324904	257758	898637	4999795	2481552	0.060	0.030	3277185	3383782	287941	1471072	2258903	2242620	191990	830697	1018282	1141162	95951	640375	7481323	0	24	3904480	2420424	197538	60220	897753	884	4999771	2481552
2021-03-06	7682990	201667	153011	48656	6434130	266195	982641	5152806	2530208	0.062	0.030	3366696	3478463	298371	1480590	2314602	2325555	200824	833966	1052094	1152908	97547	646624	7682990	0	24	3967307	2466823	203739	62456	981736	905	5152782	2530208
2021-03-07	7830524	147534	114052	33482	6513868	272849	1043783	5266858	2563690	0.063	0.031	3437978	3544531	306478	1486155	2360956	2383880	208082	835928	1077022	1160651	98396	650227	7830524	0	24	4015920	2497948	208057	64792	1042857	926	5266834	2563690
2021-03-08	8067948	237424	185846	51578	6647772	283805	1136347	5452704	2615268	0.066	0.031	3556806	3640371	322827	1498475	2442587	2468035	222757	841890	1114219	1172336	100070	656585	8067948	0	24	4101650	2546122	215650	68155	1135380	967	5452680	2615268
2021-03-09	8320146	252198	197403	54795	6787867	296587	1235668	5650107	2670063	0.068	0.032	3677710	3742787	340236	1512022	2524321	2558568	238262	848791	1153389	1184219	101974	663231	8320146	0	24	4190487	2597380	224960	71627	1234636	1032	5650083	2670063
2021-03-10	8608530	288384	221354	67030	6946966	308765	1352774	5871462	2737093	0.071	0.033	3808598	3856306	360962	1530389	2606688	2661880	256906	860000	1201910	1194426	104056	670389	8607559	971	25	4286169	2660797	233579	75186	1351689	1085	5871437	2737093
2021-03-11	8892698	284168	223279	60889	7094565	322482	1475626	6094741	2797982	0.073	0.034	3937470	3976178	382106	1544008	2689957	2769533	276555	867677	1247513	1206645	105551	676331	8891072	1626	25	4377283	2717282	242949	79533	1474484	1142	6094716	2797982
2021-03-12	9218887	326189	255344	70845	7246141	339775	1632946	6350085	2868827	0.076	0.034	4071484	4127850	404783	1559463	2770420	2906954	297406	877132	1301064	1220896	107377	682331	9217051	1836	25	4462808	2783333	255649	84126	1631603	1343	6350060	2868827
2021-03-13	9459441	240554	190289	50265	7362152	349342	1747922	6540374	2919092	0.079	0.035	4181046	4240796	425293	1567511	2840453	3011727	316755	881879	1340593	1229069	108538	685632	9457449	1992	25	4530006	2832146	263876	85466	1746467	1455	6540349	2919092
2021-03-14	9629418	169977	134299	35678	7450212	354854	1824327	6674673	2954770	0.080	0.036	4266043	4307307	441408	1570975	2896461	3072888	331859	883676	1369582	1234419	109549	687299	9627416	2002	25	4583384	2866828	268413	86441	1822851	1476	6674648	2954770
2021-03-15	9877052	247634	188426	59208	7603018	367537	1906472	6863099	3013978	0.083	0.036	4400463	4391447	461474	1582289	2984151	3147219	350790	890548	1416312	1244228	110684	691741	9874767	2285	25	4678773	2924245	279397	88140	1904904	1568	6863074	3013978
2021-03-16	10055929	178877	110682	68195	7769628	378787	1907489	6973781	3082173	0.084	0.037	4527474	4426082	473886	1593025	3059300	3169255	361553	895647	1468174	1256827	112333	697378	10053097	2832	25	4779677	2989951	288162	90625	1905917	1572	6973756	3082173
2021-03-17	10260939	205010	124062	80948	7955903	396777	1908234	7097843	3163121	0.085	0.038	4672447	4463838	487350	1605072	3141952	3193652	373040	902175	1530495	1270186	114310	702897	10257490	3449	25	4889815	3066088	301346	95431	1906657	1577	7097818	3163121
2021-03-18	10454457	193518	117956	75562	8130099	414941	1909392	7215799	3238683	0.087	0.039	4812398	4498757	499905	1615322	3222615	3215628	383588	907340	1589783	1283129	116317	707982	10450585	3872	25	4993649	3136450	314311	100630	1907814	1578	7215774	3238683
2021-03-19	10699398	244941	160707	84234	8315690	435728	1947955	7376506	3322917	0.089	0.040	4961948	4563922	518114	1627194	3306761	3267408	399605	914537	1655187	1296514	118509	712657	10694995	4403	25	5101868	3213822	328293	107435	1946320	1635	7376481	3322917
2021-03-20	10919558	220160	166893	53267	8451043	451016	2017474	7543399	3376184	0.091	0.041	5078536	4641917	537715	1633319	3379545	3337212	417708	917920	1698991	1304705	120007	715399	10914831	4727	25	5187816	3263227	339749	111267	2015809	1665	7543374	3376184
2021-03-21	11084043	164485	126299	38186	8553217	460213	2070588	7669698	3414370	0.092	0.041	5171749	4694283	554274	1635819	3440184	3384099	433219	919244	1731565	1310184	121055	716575	11079316	4727	25	5255074	3298143	345702	114511	2068897	1691	7669673	3414370
2021-03-22	11353243	269200	192793	76407	8719660	484022	2149536	7862491	3490777	0.095	0.042	5329624	4766248	576579	1645397	3534739	3445389	453483	925279	1794885	1320859	123096	720118	11346988	6255	25	5352562	3367098	362112	121910	2147792	1744	7862466	3490777
2021-03-23	11654191	300948	216917	84031	8901343	503753	2249070	8079408	3574808	0.097	0.043	5490190	4854892	604288	1656865	3629814	3521119	478432	932910	1860376	1333773	125856	723955	11642948	11243	25	5455244	3446099	376870	126883	2247269	1801	8079383	3574808
2021-03-24	11993392	339201	249628	89573	9101651	536782	2354934	8329036	3664381	0.100	0.044	5664852	4952071	635971	1672375	3732242	3605792	507202	944863	1932610	1346279	128769	727512	11976357	17035	25	5571359	3530292	404592	132190	2353060	1874	8329011	3664381
2021-03-25	12326021	332629	251483	81146	9287149	564441	2474406	8580519	3745527	0.103	0.045	5830941	5060081	670798	1683452	3832663	3703768	539527	951994	1998278	1356313	131271	731458	12303041	22980	25	5681390	3605759	426683	137758	2472421	1985	8580494	3745527
2021-03-26	12700045	374024	285486	88538	9486917	601589	2611513	8866006	3834065	0.107	0.046	6003833	5184282	710463	1698535	3933360	3816071	576057	962322	2070473	1368211	134406	736213	12670751	29294	26	5799419	3687498	457131	144458	2609430	2083	8865980	3834065
2021-03-27	12981310	281265	218935	62330	9636502	629208	2715573	9084942	3896395	0.109	0.047	6147056	5279869	744190	1703356	4023632	3903670	607441	965464	2123424	1376199	136749	737892	12949666	31644	27	5889843	3746659	481640	147568	2713432	2141	9084915	3896395
2021-03-28	13177699	196389	143171	53218	9751830	647711	2778131	9228113	3949613	0.111	0.047	6253046	5333384	768116	1706823	4085867	3950861	629648	967502	2167179	1382523	138468	739321	13145864	31835	27	5955278	3796552	496869	150842	2775939	2192	9228086	3949613
2021-03-29	13483339	305640	217047	88593	9940522	672707	2870083	9445160	4038206	0.114	0.049	6418833	5404751	806706	1716518	4180272	4010842	665103	973637	2238561	1393909	141603	742881	13445556	37783	27	6062250	3878272	515056	157651	2867827	2256	9445133	4038206
2021-03-30	13812219	328880	236390	92490	10159069	697132	2955991	9681550	4130696	0.116	0.050	6591913	5474211	853024	1727240	4280843	4069380	706095	981320	2311070	1404831	146929	745920	13762300	49919	27	6194825	3964244	533024	164108	2953674	2317	9681523	4130696
2021-03-31	14148446	336227	234767	101460	10406554	733175	3008690	9916317	4232156	0.119	0.051	6774517	5538855	899988	1738789	4384637	4121392	747318	988525	2389880	1417463	152670	750264	14082212	66234	27	6348854	4057700	561099	172076	3006337	2353	9916290	4232156
2021-04-01	14475139	326693	235942	90751	10645478	765622	3064012	10152259	4322907	0.122	0.052	6936269	5606629	944397	1747554	4476928	4175958	787230	994147	2459341	1430671	157167	753407	14388826	86313	27	6504961	4140517	585654	179968	3061617	2395	10152232	4322907
2021-04-02	14700854	225715	157732	67983	10825008	780006	3095813	10309991	4390890	0.124	0.053	7067172	5654574	981393	1749910	4552089	4213818	820223	995356	2515083	1440756	161170	754554	14613017	87837	27	6620875	4204133	595697	184309	3093392	2421	10309964	4390890
2021-04-03	14932790	231936	167521	64415	10999219	795800	3137744	10477512	4455305	0.126	0.054	7198861	5698683	1018737	1753036	4633025	4248782	853330	997097	2565836	1449901	165407	755939	14843554	89236	27	6735555	4263664	606645	189155	3135285	2459	10477485	4455305
2021-04-04	15125739	192949	142594	50355	11131422	805862	3188428	10620106	4505660	0.128	0.054	7309766	5731715	1048001	1754173	4704262	4274251	879171	997551	2605504	1457464	168830	756622	15036367	89372	27	6821335	4310087	612818	193044	3185926	2502	10620079	4505660
2021-04-05	15373611	247872	177652	70220	11296432	823722	3253430	10797758	4575880	0.130	0.055	7456036	5770066	1081529	1756372	4794323	4302940	907924	998846	2661713	1467126	173605	757526	15282929	90682	27	6920937	4375495	625898	197824	3250896	2534	10797731	4575880
2021-04-06	15747363	373752	279019	94733	11551389	855909	3340036	11076779	4670613	0.133	0.056	7644926	5826686	1124640	1761928	4910112	4346229	944820	1001588	2734814	1480457	179820	760340	15620054	127309	29	7089923	4461466	649393	206516	3337434	2602	11076750	4670613
2021-04-07	16415368	668005	571611	96394	12093588	892950	3428801	11648390	4767007	0.140	0.057	7644926	5826686	1124640	1761928	4910112	4346229	944820	1001588	2734814	1480457	179820	760340	15982395	432973	29	7544413	4549175	677832	215118	3426116	2685	11648361	4767007
2021-04-08	17114200	698832	611129	87703	12665077	928583	3520511	12259519	4854710	0.147	0.058	7644926	5826686	1124640	1761928	4910112	4346229	944820	1001588	2734814	1480457	179820	760340	16356349	757851	29	8037253	4627824	704491	224092	3517746	2765	12259490	4854710
2021-04-09	17746330	632130	543182	88948	13155476	965175	3625650	12802701	4943658	0.154	0.059	7644926	5826686	1124640	1761928	4910112	4346229	944820	1001588	2734814	1480457	179820	760340	16748976	997354	29	8450223	4705253	729647	235528	3622802	2848	12802672	4943658
2021-04-10	18118856	372526	307507	65019	13403908	988398	3726521	13110208	5008677	0.158	0.060	7644926	5826686	1124640	1761928	4910112	4346229	944820	1001588	2734814	1480457	179820	760340	17088456	1030400	29	8641379	4762529	745190	243208	3723610	2911	13110179	5008677
2021-04-11	18382765	263909	213592	50317	13574270	1007064	3801402	13323800	5058994	0.160	0.061	7644926	5826686	1124640	1761928	4910112	4346229	944820	1001588	2734814	1480457	179820	760340	17347286	1035479	29	8765445	4808825	759911	247153	3798415	2987	13323771	5058994
2021-04-12	18801332	418567	342199	76368	13853143	1036296	3911863	13666000	5135362	0.164	0.062	7644926	5826686	1124640	1761928	4910112	4346229	944820	1001588	2734814	1480457	179820	760340	17717346	1083986	30	8976474	4876669	780673	255623	3908823	3040	13665970	5135362
2021-04-13	19378133	576801	503109	73692	14285274	1063620	4029209	14169109	5209054	0.170	0.063	7644926	5826686	1124640	1761928	4910112	4346229	944820	1001588	2734814	1480457	179820	760340	18098017	1280116	30	9340549	4944725	802555	261065	4025975	3234	14169079	5209054
2021-04-14	20152939	774806	691600	83206	14901565	1097165	4154179	14860709	5292260	0.179	0.064	7644926	5826686	1124640	1761928	4910112	4346229	944820	1001588	2734814	1480457	179820	760340	18499026	1653913	30	9882696	5018869	827596	269569	4150387	3792	14860679	5292260
2021-04-15	20833106	680167	609858	70309	15435627	1133259	4264189	15470568	5362569	0.186	0.064	7644926	5826686	1124640	1761928	4910112	4346229	944820	1001588	2734814	1480457	179820	760340	18883564	1949542	31	10356007	5079620	855077	278182	4259453	4736	15470537	5362569
2021-04-16	21429594	596488	522295	74193	15873798	1165738	4390027	15992863	5436762	0.192	0.065	7644926	5826686	1124640	1761928	4910112	4346229	944820	1001588	2734814	1480457	179820	760340	19285213	2144381	31	10729220	5144578	879126	286612	4384486	5541	15992832	5436762
2021-04-17	21795622	366028	309415	56613	16098675	1188423	4508493	16302278	5493375	0.196	0.066	7644926	5826686	1124640	1761928	4910112	4346229	944820	1001588	2734814	1480457	179820	760340	19629437	2166185	31	10906102	5192573	894674	293749	4501471	7022	16302247	5493375
2021-04-18	22065161	269539	230535	39004	16270733	1203812	4590585	16532813	5532379	0.199	0.067	7644926	5826686	1124640	1761928	4910112	4346229	944820	1001588	2734814	1480457	179820	760340	19894365	2170796	31	11044220	5226513	906165	297647	4582397	8188	16532782	5532379
2021-04-19	22467366	402205	340787	61418	16564481	1236746	4666107	16873601	5593797	0.203	0.067	7644926	5826686	1124640	1761928	4910112	4346229	944820	1001588	2734814	1480457	179820	760340	20252239	2215127	32	11285794	5278687	931175	305571	4656600	9507	16873569	5593797
2021-04-20	23028087	560721	497951	62770	16946363	1275991	4805700	17371553	5656567	0.209	0.068	7644926	5826686	1124640	1761928	4910112	4346229	944820	1001588	2734814	1480457	179820	760340	20618509	2409578	33	11613653	5332710	963755	312236	4794112	11588	17371520	5656567
2021-04-21	23749187	721100	647942	73158	17400671	1317704	5030779	18019495	5729725	0.217	0.069	7644926	5826686	1124640	1761928	4910112	4346229	944820	1001588	2734814	1480457	179820	760340	21000461	2748726	33	12005384	5395287	997336	320368	5016742	14037	18019462	5729725
2021-04-22	24387809	638622	571406	67216	17782456	1361380	5243940	18590901	5796941	0.224	0.070	7644926	5826686	1124640	1761928	4910112	4346229	944820	1001588	2734814	1480457	179820	760340	21371824	3015985	33	12331254	5451202	1033332	328048	5226282	17658	18590868	5796941
2021-04-23	24944210	556401	487473	68928	18135745	1404970	5403462	19078374	5865869	0.229	0.071	7644926	5826686	1124640	1761928	4910112	4346229	944820	1001588	2734814	1480457	179820	760340	21760030	3184180	33	12629689	5506056	1066400	338570	5382252	21210	19078341	5865869
2021-04-24	25309794	365584	306642	58942	18370722	1454304	5484735	19385016	5924811	0.233	0.071	7644926	5826686	1124640	1761928	4910112	4346229	944820	1001588	2734814	1480457	179820	760340	22108703	3201091	33	12823448	5547274	1100364	353940	5461171	23564	19384983	5924811
2021-04-25	25592771	282977	233934	49043	18558506	1487976	5546256	19618950	5973854	0.236	0.072	7644926	5826686	1124640	1761928	4910112	4346229	944820	1001588	2734814	1480457	179820	760340	22385866	3206905	33	12973835	5584671	1124176	363800	5520906	25350	19618917	5973854
2021-04-26	26025756	432985	358995	73990	18876331	1530475	5618847	19978015	6047844	0.240	0.073	7644926	5826686	1124640	1761928	4910112	4346229	944820	1001588	2734814	1480457	179820	760340	22732259	3293497	103	13230139	5646192	1158276	372199	5589497	29350	19977912	6047844
2021-04-27	26811118	785362	693360	92002	19552961	1581976	5675525	20671928	6139846	0.249	0.074	7644926	5826686	1124640	1761928	4910112	4346229	944820	1001588	2734814	1480457	179820	760340	23102741	3708377	656	13828926	5724035	1200649	381327	5641697	33828	20671272	6139846
2021-04-28	27934347	1123229	996173	127056	20561113	1642701	5729045	21668933	6266902	0.261	0.075	7644926	5826686	1124640	1761928	4910112	4346229	944820	1001588	2734814	1480457	179820	760340	23496887	4437460	1488	14728505	5832608	1248833	393868	5690107	38938	21667445	6266902
2021-04-29	28880638	946291	812820	133471	21385424	1706625	5786192	22482662	6400373	0.270	0.077	7644926	5826686	1124640	1761928	4910112	4346229	944820	1001588	2734814	1480457	179820	760340	23885110	4995528	2397	15440546	5944878	1300363	406262	5739356	46836	22480265	6400373
2021-04-30	29684391	803753	666685	137068	22063724	1763913	5853482	23150222	6537441	0.278	0.079	7644926	5826686	1124640	1761928	4910112	4346229	944820	1001588	2734814	1480457	179820	760340	24289017	5395374	3272	16007293	6056431	1342395	421518	5797262	56220	23146950	6537441
2021-05-01	30020680	336289	260057	76232	22316560	1805403	5892871	23412853	6613673	0.282	0.080	7644926	5826686	1124640	1761928	4910112	4346229	944820	1001588	2734814	1480457	179820	760340	24600656	5420024	5846	16198891	6117669	1377481	427922	5830635	62236	23407007	6613673
2021-05-02	30285673	264993	197624	67369	22512132	1842915	5922973	23612284	6681042	0.284	0.080	7644926	5826686	1124640	1761928	4910112	4346229	944820	1001588	2734814	1480457	179820	760340	24857994	5427679	7653	16338731	6173401	1409739	433176	5856161	66812	23604631	6681042
2021-05-03	30737336	451663	335274	116389	22829975	1913489	5984633	23949144	6797431	0.288	0.082	7644926	5826686	1124640	1761928	4910112	4346229	944820	1001588	2734814	1480457	179820	760340	25215797	5521539	9239	16565582	6264393	1467105	446384	5907218	77415	23939905	6797431
2021-05-04	31580256	842920	681221	161699	23456232	1976957	6134868	24633325	6959130	0.296	0.084	7644926	5826686	1124640	1761928	4910112	4346229	944820	1001588	2734814	1480457	179820	760340	25591465	5988791	12199	17060048	6396184	1517327	459630	6043751	91117	24621126	6959130
2021-05-05	32727471	1147215	914854	232361	24307586	2055876	6347339	25552650	7191491	0.307	0.086	7644926	5826686	1124640	1761928	4910112	4346229	944820	1001588	2734814	1480457	179820	760340	26012716	6714755	16670	17725897	6581689	1570753	485123	6239330	108009	25535980	7191491
2021-05-06	33718471	991000	767279	223721	25000372	2147990	6548889	26324479	7415212	0.317	0.089	7644926	5826686	1124640	1761928	4910112	4346229	944820	1001588	2734814	1480457	179820	760340	26428605	7289866	21220	18241407	6758965	1640428	507562	6421424	127465	26303259	7415212
2021-05-07	34609568	891097	652642	238455	25588159	2234655	6761332	26981323	7653667	0.324	0.092	7644926	5826686	1124640	1761928	4910112	4346229	944820	1001588	2734814	1480457	179820	760340	26875686	7733882	25422	18655180	6932979	1696124	538531	6604597	156735	26955901	7653667
2021-05-08	35035370	425802	271736	154066	25855853	2306428	6845950	27254776	7807733	0.328	0.094	7644926	5826686	1124640	1761928	4910112	4346229	944820	1001588	2734814	1480457	179820	760340	27240997	7794373	27139	18809970	7045883	1748069	558359	6669598	176352	27227637	7807733
2021-05-09	35321548	286178	183645	102533	26049743	2362985	6880615	27439487	7910266	0.330	0.095	7644926	5826686	1124640	1761928	4910112	4346229	944820	1001588	2734814	1480457	179820	760340	27516140	7805408	28205	18924603	7125140	1793833	569152	6692846	187769	27411282	7910266
2021-05-10	35910781	589233	395741	193492	26422816	2444773	7011260	27838955	8103758	0.335	0.097	7644926	5826686	1124640	1761928	4910112	4346229	944820	1001588	2734814	1480457	179820	760340	27916475	7994306	31932	19155907	7266909	1853443	591330	6797673	213587	27807023	8103758
2021-05-11	36996557	1085776	797942	287834	27248673	2524709	7187602	28640538	8391592	0.344	0.101	7644926	5826686	1124640	1761928	4910112	4346229	944820	1001588	2734814	1480457	179820	760340	28348556	8648001	35573	19748918	7499755	1911154	613555	6944893	242709	28604965	8391592
2021-05-12	38412491	1415934	1049264	366670	28341946	2616358	7412862	29695554	8758262	0.357	0.105	7644926	5826686	1124640	1761928	4910112	4346229	944820	1001588	2734814	1480457	179820	760340	28808507	9603984	41325	20545766	7796180	1972266	644092	7136197	276665	29654229	8758262
2021-05-13	38841656	429165	268324	160841	28657219	2683089	7457373	29966528	8919103	0.360	0.107	7644926	5826686	1124640	1761928	4910112	4346229	944820	1001588	2734814	1480457	179820	760340	29164193	9677463	43975	20733272	7923947	2023788	659301	7165493	291880	29922553	8919103
2021-05-14	39598084	756428	526086	230342	29202391	2747961	7595965	30500406	9149445	0.367	0.110	7644926	5826686	1124640	1761928	4910112	4346229	944820	1001588	2734814	1480457	179820	760340	29569284	10028800	51767	21098016	8104375	2073487	674474	7277136	318829	30448639	9149445
2021-05-15	39998376	400292	234686	165606	29481574	2808341	7652414	30739372	9315051	0.370	0.112	7644926	5826686	1124640	1761928	4910112	4346229	944820	1001588	2734814	1480457	179820	760340	29921910	10076466	56047	21254822	8226752	2117442	690899	7311061	341353	30683325	9315051
2021-05-16	40280506	282130	160538	121592	29681329	2861067	7677340	30904633	9436643	0.372	0.113	7644926	5826686	1124640	1761928	4910112	4346229	944820	1001588	2734814	1480457	179820	760340	30188035	10092471	60770	21361203	8320126	2160286	700781	7322374	354966	30843863	9436643
2021-05-17	40835630	555124	349263	205861	30019554	2946710	7798839	31263653	9642504	0.376	0.116	7644926	5826686	1124640	1761928	4910112	4346229	944820	1001588	2734814	1480457	179820	760340	30573841	10261789	70527	21554081	8465473	2221516	725194	7417529	381310	31193126	9642504
2021-05-18	41707474	871844	517350	354494	30609027	3047784	7972365	31788774	9996998	0.382	0.120	7644926	5826686	1124640	1761928	4910112	4346229	944820	1001588	2734814	1480457	179820	760340	30990681	10716793	78298	21853449	8755578	2294016	753768	7563011	409354	31710476	9996998
2021-05-19	42805313	1097839	563731	534108	31413143	3147873	8153844	32364660	10531106	0.389	0.127	7644926	5826686	1124640	1761928	4910112	4346229	944820	1001588	2734814	1480457	179820	760340	31408742	11396571	90453	22197433	9215710	2360244	787629	7716530	437314	32274207	10531106
2021-05-20	43752744	947431	455574	491857	32096684	3244308	8310462	32831071	11022963	0.395	0.133	7644926	5826686	1124640	1761928	4910112	4346229	944820	1001588	2734814	1480457	179820	760340	31825230	11927514	101290	22458356	9638328	2425739	818569	7845686	464776	32729781	11022963
2021-05-21	44603816	851072	405997	445075	32692795	3329987	8467865	33248947	11468038	0.400	0.138	7644926	5826686	1124640	1761928	4910112	4346229	944820	1001588	2734814	1480457	179820	760340	32253582	12350234	113169	22680860	10011935	2482105	847882	7972813	495052	33135778	11468038
2021-05-22	45077695	473879	215000	258879	32999049	3399496	8551703	33478225	11726917	0.403	0.141	7644926	5826686	1124640	1761928	4910112	4346229	944820	1001588	2734814	1480457	179820	760340	32598531	12479164	127447	22779417	10219632	2530414	869082	8040947	510756	33350778	11726917
2021-05-23	45362757	285062	124758	160304	33191955	3458883	8575608	33611847	11887221	0.404	0.143	7644926	5826686	1124640	1761928	4910112	4346229	944820	1001588	2734814	1480457	179820	760340	32865472	12497285	136311	22845076	10346879	2574713	884170	8055747	519861	33475536	11887221
2021-05-24	45688621	325864	141112	184752	33427609	3520409	8596254	33760997	12071973	0.406	0.145	7644926	5826686	1124640	1761928	4910112	4346229	944820	1001588	2734814	1480457	179820	760340	33175811	12512810	144349	22927680	10499929	2621242	899167	8067726	528528	33616648	12071973
2021-05-25	46344101	655480	272089	383391	33874134	3600157	8700304	34058243	12455364	0.410	0.150	7644926	5826686	1124640	1761928	4910112	4346229	944820	1001588	2734814	1480457	179820	760340	33572348	12771753	169506	23069350	10804784	2672677	927480	8146710	553594	33888737	12455364
2021-05-26	47523865	1179764	469524	710240	34759174	3682506	8834407	34606039	13165604	0.416	0.158	7644926	5826686	1124640	1761928	4910112	4346229	944820	1001588	2734814	1480457	179820	760340	33988697	13535168	247778	23384165	11375009	2725258	957248	8248838	585569	34358261	13165604
2021-05-27	48564677	1040812	404188	636624	35498296	3771435	8966048	35091347	13802228	0.422	0.166	7644926	5826686	1124640	1761928	4910112	4346229	944820	1001588	2734814	1480457	179820	760340	34407672	14157005	328898	23642030	11856266	2776883	994552	8343536	622512	34762449	13802228
2021-05-28	49468620	903943	356371	547572	36101806	3857583	9096578	35531473	14349800	0.427	0.173	7644926	5826686	1124640	1761928	4910112	4346229	944820	1001588	2734814	1480457	179820	760340	34843654	14624966	412653	23858863	12242943	2827407	1030176	8432550	664028	35118820	14349800
2021-05-29	49878796	410176	151735	258441	36363630	3920173	9154549	35710999	14608241	0.429	0.176	7644926	5826686	1124640	1761928	4910112	4346229	944820	1001588	2734814	1480457	179820	760340	35179421	14699375	440444	23938708	12424922	2864260	1055913	8467587	686962	35270555	14608241
2021-05-30	50162336	283540	97730	185810	36560775	3967185	9182900	35819761	14794051	0.431	0.178	7644926	5826686	1124640	1761928	4910112	4346229	944820	1001588	2734814	1480457	179820	760340	35441143	14721193	451476	23997922	12562853	2891613	1075572	8478750	704150	35368285	14794051
2021-05-31	50709091	546755	178385	368370	36927974	4034613	9252553	36040621	15162421	0.433	0.182	7644926	5826686	1124640	1761928	4910112	4346229	944820	1001588	2734814	1480457	179820	760340	35830129	14878962	493951	24109684	12818290	2919297	1115316	8517689	734864	35546670	15162421
2021-06-01	51697512	988421	400077	588344	37661486	4114416	9343104	36525253	15750765	0.439	0.189	7644926	5826686	1124640	1761928	4910112	4346229	944820	1001588	2734814	1480457	179820	760340	36228077	15469435	578506	24425867	13235619	2949050	1165366	8571830	771274	35946747	15750765
2021-06-02	52946227	1248715	516853	731862	38650483	4186990	9425399	37146955	16482627	0.447	0.198	7644926	5826686	1124640	1761928	4910112	4346229	944820	1001588	2734814	1480457	179820	760340	36636514	16309713	683355	24875275	13775208	2973522	1213468	8614803	810596	36463600	16482627
2021-06-03	53589009	642782	230405	412377	39125506	4251298	9475648	37430562	16895004	0.450	0.203	7644926	5826686	1124640	1761928	4910112	4346229	944820	1001588	2734814	1480457	179820	760340	36999883	16589126	736557	25055110	14070396	3003229	1248069	8635666	839982	36694005	16895004
2021-06-04	54400096	811087	291282	519805	39711215	4322541	9552567	37799060	17414809	0.454	0.209	7644926	5826686	1124640	1761928	4910112	4346229	944820	1001588	2734814	1480457	179820	760340	37408482	16991614	813773	25283192	14428023	3031933	1290608	8670162	882405	36985287	17414809
2021-06-05	54812959	412863	96344	316519	39982310	4389515	9596750	37926015	17731328	0.456	0.213	7644926	5826686	1124640	1761928	4910112	4346229	944820	1001588	2734814	1480457	179820	760340	37757801	17055158	844384	25342319	14639991	3058229	1331286	8681083	915667	37081631	17731328
2021-06-06	55105166	292207	59471	232736	40188031	4430511	9623999	38003727	17964064	0.457	0.216	7644926	5826686	1124640	1761928	4910112	4346229	944820	1001588	2734814	1480457	179820	760340	38020299	17084867	862625	25386272	14801759	3070203	1360308	8684627	939372	37141102	17964064
2021-06-07	55719433	614267	193152	421115	40590196	4515577	9696553	38251361	18385179	0.460	0.221	7644926	5826686	1124640	1761928	4910112	4346229	944820	1001588	2734814	1480457	179820	760340	38395282	17323248	917107	25520695	15069501	3097772	1417805	8715787	980766	37334254	18385179
2021-06-08	56773355	1053922	341937	711985	41437428	4590952	9759520	38661646	19097164	0.465	0.230	7644926	5826686	1124640	1761928	4910112	4346229	944820	1001588	2734814	1480457	179820	760340	38801383	17968865	985455	25804093	15633335	3124008	1466944	8748090	1011430	37676191	19097164
2021-06-09	58197387	1424032	449299	974733	42614399	4678192	9823563	39206723	20071897	0.471	0.241	7644926	5826686	1124640	1761928	4910112	4346229	944820	1001588	2734814	1480457	179820	760340	39234686	18956810	1081233	26192566	16421833	3152420	1525772	8780504	1043059	38125490	20071897
2021-06-10	59389426	1192039	405392	786647	43572374	4767999	9879375	39700560	20858544	0.477	0.251	7644926	5826686	1124640	1761928	4910112	4346229	944820	1001588	2734814	1480457	179820	760340	39675184	19705530	1169678	26539009	17033365	3184453	1583546	8807420	1071955	38530882	20858544
2021-06-11	60452589	1063163	364894	698269	44380567	4857041	9948528	40162229	21556813	0.483	0.259	7644926	5826686	1124640	1761928	4910112	4346229	944820	1001588	2734814	1480457	179820	760340	40122571	20318630	1266453	26846067	17534500	3212670	1644371	8837039	1111489	38895776	21556813
2021-06-12	60888217	435628	124042	311586	44665605	4928957	9991964	40321509	21868399	0.485	0.263	7644926	5826686	1124640	1761928	4910112	4346229	944820	1001588	2734814	1480457	179820	760340	40455102	20420893	1301691	26938243	17727362	3231393	1697564	8850182	1141782	39019818	21868399
2021-06-13	61171180	282963	64748	218215	44845465	4992459	10017777	40400045	22086614	0.486	0.266	7644926	5826686	1124640	1761928	4910112	4346229	944820	1001588	2734814	1480457	179820	760340	40702405	20456247	1315479	26982416	17863049	3247328	1745131	8854822	1162955	39084566	22086614
2021-06-14	61826651	655471	214456	441015	45276921	5093803	10085211	40669738	22527629	0.489	0.271	7644926	5826686	1124640	1761928	4910112	4346229	944820	1001588	2734814	1480457	179820	760340	41115365	20696780	1370716	27155600	18121321	3270963	1822840	8872459	1212752	39299022	22527629
2021-06-15	62873629	1046978	347115	699863	46075549	5198453	10169827	41075937	23227492	0.494	0.279	7644926	5826686	1124640	1761928	4910112	4346229	944820	1001588	2734814	1480457	179820	760340	41572164	21283470	1429800	27454504	18621045	3299506	1898947	8892127	1277700	39646137	23227492
2021-06-16	64255774	1382145	466203	915942	47178188	5304986	10266513	41618427	24143434	0.500	0.290	7644926	5826686	1124640	1761928	4910112	4346229	944820	1001588	2734814	1480457	179820	760340	42051736	22182018	1506087	27862747	19315441	3331909	1973077	8917684	1348829	40112340	24143434
2021-06-17	65403423	1147649	399476	748173	48061771	5408574	10358720	42086174	24891607	0.506	0.299	7644926	5826686	1124640	1761928	4910112	4346229	944820	1001588	2734814	1480457	179820	760340	42525815	22852215	1574358	28210187	19851584	3361642	2046932	8939987	1418733	40511816	24891607
2021-06-18	66395920	992497	345434	647063	48794644	5503018	10455056	42500452	25538670	0.511	0.307	7644926	5826686	1124640	1761928	4910112	4346229	944820	1001588	2734814	1480457	179820	760340	42985325	23382503	1643202	28502260	20292384	3392921	2110097	8962069	1492987	40857250	25538670
2021-06-19	66822927	427007	119628	307379	49067483	5585094	10506006	42641222	25846049	0.513	0.311	7644926	5826686	1124640	1761928	4910112	4346229	944820	1001588	2734814	1480457	179820	760340	43326591	23466988	1664344	28594360	20473123	3413903	2171191	8968615	1537391	40976878	25846049
2021-06-20	67117986	295059	67869	227190	49246288	5656688	10537853	42721904	26073239	0.514	0.314	7644926	5826686	1124640	1761928	4910112	4346229	944820	1001588	2734814	1480457	179820	760340	43591745	23496614	1677157	28643581	20602707	3429933	2226755	8971233	1566620	41044747	26073239
2021-06-21	67748831	630845	209548	421297	49657629	5754366	10623330	42967801	26494536	0.517	0.319	7644926	5826686	1124640	1761928	4910112	4346229	944820	1001588	2734814	1480457	179820	760340	43991040	23726147	1713506	28814046	20843583	3455025	2299341	8985224	1638106	41254295	26494536
2021-06-22	68825133	1076302	375176	701126	50501188	5850402	10725888	43377126	27195662	0.522	0.327	7644926	5826686	1124640	1761928	4910112	4346229	944820	1001588	2734814	1480457	179820	760340	44434638	24354112	1747655	29142260	21358928	3485752	2364650	9001459	1724429	41629471	27195662
2021-06-23	70159519	1334386	488129	846257	51589389	5946433	10841510	43899787	28041919	0.528	0.337	7644926	5826686	1124640	1761928	4910112	4346229	944820	1001588	2734814	1480457	179820	760340	44880087	25237778	1782187	29579626	22009763	3515850	2430583	9022124	1819386	42117600	28041919
2021-06-24	71194240	1034721	488668	546053	52385751	6033774	10952229	44428754	28587972	0.534	0.344	7644926	5826686	1124640	1761928	4910112	4346229	944820	1001588	2734814	1480457	179820	760340	45317359	25830883	1822486	30011644	22374107	3551252	2482522	9043372	1908857	42606268	28587972
2021-06-25	72114395	920155	380139	540016	53079255	6110365	11062139	44849043	29127988	0.539	0.350	7644926	5826686	1124640	1761928	4910112	4346229	944820	1001588	2734814	1480457	179820	760340	45750769	26314646	1862636	30345073	22734182	3578089	2532276	9063245	1998894	42986407	29127988
2021-06-26	72524031	409636	136631	273005	53334010	6179435	11134689	44998935	29400993	0.541	0.354	7644926	5826686	1124640	1761928	4910112	4346229	944820	1001588	2734814	1480457	179820	760340	46096054	26378225	1875897	30449787	22884223	3603705	2575730	9069546	2065143	43123038	29400993
2021-06-27	72815907	291876	89978	201898	53506896	6237549	11191444	45093034	29602891	0.542	0.356	7644926	5826686	1124640	1761928	4910112	4346229	944820	1001588	2734814	1480457	179820	760340	46361857	26403445	1880018	30517046	22989850	3623021	2614528	9072949	2118495	43213016	29602891
2021-06-28	73444828	628921	243964	384957	53907622	6327591	11305210	45361385	29987848	0.545	0.361	7644926	5826686	1124640	1761928	4910112	4346229	944820	1001588	2734814	1480457	179820	760340	46774284	26617843	1904405	30714832	23192790	3655447	2672144	9086701	2218509	43456980	29987848
2021-06-29	74377263	932435	388990	543445	54591926	6420551	11437943	45772813	30531293	0.550	0.367	7644926	5826686	1124640	1761928	4910112	4346229	944820	1001588	2734814	1480457	179820	760340	47206077	27113831	1926843	31059027	23532899	3688487	2732064	9098456	2339487	43845970	30531293
2021-06-30	75399687	1022424	451392	571032	55360873	6514700	11574561	46246915	31102325	0.556	0.374	7644926	5826686	1124640	1761928	4910112	4346229	944820	1001588	2734814	1480457	179820	760340	47639141	27697962	1949553	31461072	23899801	3723327	2791373	9112963	2461598	44297362	31102325
2021-07-01	76382017	982330	452822	529508	56104213	6598229	11707368	46722391	31631833	0.562	0.380	7644926	5826686	1124640	1761928	4910112	4346229	944820	1001588	2734814	1480457	179820	760340	48046902	28268207	1972207	31869757	24234456	3753931	2844298	9126496	2580872	44750184	31631833
2021-07-02	77228824	846807	380220	466587	56754626	6693220	11786596	47124786	32098420	0.567	0.386	7644926	5826686	1124640	1761928	4910112	4346229	944820	1001588	2734814	1480457	179820	760340	48448572	28709971	1994382	32208940	24545686	3785746	2907474	9135718	2650878	45130404	32098420
2021-07-03	77606334	377510	149377	228133	57010440	6772561	11813741	47289373	32326553	0.569	0.389	7644926	5826686	1124640	1761928	4910112	4346229	944820	1001588	2734814	1480457	179820	760340	48759085	28776252	2009592	32330857	24679583	3810400	2962161	9138524	2675217	45279781	32326553
2021-07-04	77879664	273330	93149	180181	57192165	6840718	11828272	47391439	32506734	0.570	0.391	7644926	5826686	1124640	1761928	4910112	4346229	944820	1001588	2734814	1480457	179820	760340	49004896	28803194	2018509	32404072	24788093	3828877	3011841	9139981	2688291	45372930	32506734
2021-07-05	78416247	536583	196908	339675	57579806	6935254	11867826	47603199	32846409	0.572	0.395	7644926	5826686	1124640	1761928	4910112	4346229	944820	1001588	2734814	1480457	179820	760340	49349424	28993153	2033361	32570352	25009454	3855145	3080109	9144341	2723485	45569838	32846409
2021-07-06	79194749	778502	270929	507573	58197982	7034567	11913144	47889823	33353982	0.576	0.401	7644926	5826686	1124640	1761928	4910112	4346229	944820	1001588	2734814	1480457	179820	760340	49694254	29423099	2049056	32811279	25386703	3880519	3154048	9148969	2764175	45840767	33353982
2021-07-07	80191049	996300	324414	671886	59027941	7130544	11964456	48233289	34025868	0.580	0.409	7644926	5826686	1124640	1761928	4910112	4346229	944820	1001588	2734814	1480457	179820	760340	50052325	30056482	2068108	33105568	25922373	3905232	3225312	9154381	2810075	46165181	34025868
2021-07-08	81039198	848149	263590	584559	59712504	7232066	12007088	48516311	34610427	0.583	0.416	7644926	5826686	1124640	1761928	4910112	4346229	944820	1001588	2734814	1480457	179820	760340	50401272	30551427	2087540	33342324	26370180	3927779	3304287	9158668	2848420	46428771	34610427
2021-07-09	81797166	757968	219968	538000	60307688	7330995	12050292	48756930	35148427	0.586	0.423	7644926	5826686	1124640	1761928	4910112	4346229	944820	1001588	2734814	1480457	179820	760340	50750200	30956968	2108191	33539891	26767797	3945738	3385257	9163110	2887182	46648739	35148427
2021-07-10	82140629	343463	95843	247620	60536053	7415196	12071409	48862553	35396047	0.588	0.426	7644926	5826686	1124640	1761928	4910112	4346229	944820	1001588	2734814	1480457	179820	760340	51024754	31025280	2117971	33616127	26919926	3963902	3451294	9164553	2906856	46744582	35396047
2021-07-11	82368545	227916	61115	166801	60681836	7478747	12081698	48931961	35562848	0.588	0.428	7644926	5826686	1124640	1761928	4910112	4346229	944820	1001588	2734814	1480457	179820	760340	51233376	31044204	2126264	33661966	27019870	3978708	3500039	9165023	2916675	46805697	35562848
2021-07-12	82836613	468068	151303	316765	61032270	7558243	12105731	49097369	35879613	0.590	0.431	7644926	5826686	1124640	1761928	4910112	4346229	944820	1001588	2734814	1480457	179820	760340	51502991	31240232	2140369	33782411	27249859	4007695	3550548	9166894	2938837	46957000	35879613
2021-07-13	83598056	761443	180292	581151	61661290	7636130	12140344	49297584	36460764	0.593	0.438	7644926	5826686	1124640	1761928	4910112	4346229	944820	1001588	2734814	1480457	179820	760340	51761175	31739362	2160292	33934409	27726881	4033726	3602404	9169157	2971187	47137292	36460764
2021-07-14	84573100	975044	203362	771682	62494177	7708221	12187486	49523870	37232446	0.595	0.448	7644926	5826686	1124640	1761928	4910112	4346229	944820	1001588	2734814	1480457	179820	760340	52041678	32429200	2183216	34112830	28381347	4054998	3653223	9172826	3014660	47340654	37232446
2021-07-15	85339820	766720	171086	595634	63128604	7779373	12226051	49717532	37828080	0.598	0.455	7644926	5826686	1124640	1761928	4910112	4346229	944820	1001588	2734814	1480457	179820	760340	52302287	32931568	2205792	34261797	28866807	4074241	3705132	9175702	3050349	47511740	37828080
2021-07-16	85999759	659939	151772	508167	63669895	7843850	12258014	49891512	38336247	0.600	0.461	7644926	5826686	1124640	1761928	4910112	4346229	944820	1001588	2734814	1480457	179820	760340	52561668	33328254	2228000	34394366	29275529	4091521	3752329	9177625	3080389	47663512	38336247
2021-07-17	86271422	271663	71083	200580	63844105	7907073	12273667	49981172	38536827	0.601	0.463	7644926	5826686	1124640	1761928	4910112	4346229	944820	1001588	2734814	1480457	179820	760340	52774954	33384580	2246577	34448820	29395285	4107264	3799809	9178511	3095156	47734595	38536827
2021-07-18	86471385	199963	59739	140224	63979799	7948639	12285123	50052158	38677051	0.602	0.465	7644926	5826686	1124640	1761928	4910112	4346229	944820	1001588	2734814	1480457	179820	760340	52946293	33412623	2257824	34498983	29480816	4116563	3832076	9178788	3106335	47794334	38677051
2021-07-19	86852189	380804	91731	289073	64276050	7999169	12304906	50158129	38966124	0.603	0.469	7644926	5826686	1124640	1761928	4910112	4346229	944820	1001588	2734814	1480457	179820	760340	53145056	33592649	2272064	34576433	29699617	4129512	3869657	9180120	3124786	47886065	38966124
2021-07-20	87457950	605761	126533	479228	64797160	8047575	12326836	50298977	39445352	0.605	0.474	7644926	5826686	1124640	1761928	4910112	4346229	944820	1001588	2734814	1480457	179820	760340	53368705	33970767	2286379	34684762	30112398	4145188	3902387	9182648	3144188	48012598	39445352
2021-07-21	88211992	754042	155193	598849	65468476	8093634	12349622	50468051	40044201	0.607	0.481	7644926	5826686	1124640	1761928	4910112	4346229	944820	1001588	2734814	1480457	179820	760340	53611353	34477235	2300260	34825395	30643081	4158152	3935482	9184244	3165378	48167791	40044201
2021-07-22	88832308	620316	121527	498789	66012931	8137071	12368468	50603156	40542990	0.608	0.487	7644926	5826686	1124640	1761928	4910112	4346229	944820	1001588	2734814	1480457	179820	760340	53846553	34857754	2313838	34935429	31077502	4168252	3968819	9185637	3182831	48289318	40542990
2021-07-23	89400954	568646	113637	455009	66502546	8179367	12387021	50734975	40997999	0.610	0.493	7644926	5826686	1124640	1761928	4910112	4346229	944820	1001588	2734814	1480457	179820	760340	54084347	35185498	2332020	35037758	31464788	4178220	4001147	9186977	3200044	48402955	40997999
2021-07-24	89611463	210509	52614	157895	66656005	8216833	12394763	50799431	41155894	0.611	0.495	7644926	5826686	1124640	1761928	4910112	4346229	944820	1001588	2734814	1480457	179820	760340	54238897	35239989	2343862	35082336	31573669	4185492	4031341	9187741	3207022	48455569	41155894
2021-07-25	89735734	124271	32001	92270	66739805	8248278	12398039	50837182	41248164	0.611	0.496	7644926	5826686	1124640	1761928	4910112	4346229	944820	1001588	2734814	1480457	179820	760340	54343324	35258381	2349612	35107959	31631846	4191753	4056525	9187858	3210181	48487570	41248164
2021-07-26	90072620	336886	71588	265298	67013500	8288063	12410370	50919845	41513462	0.612	0.499	7644926	5826686	1124640	1761928	4910112	4346229	944820	1001588	2734814	1480457	179820	760340	54529966	35406924	2360687	35168829	31844671	4201316	4086747	9189013	3221357	48559158	41513462
2021-07-27	90621604	548984	97971	451013	67487591	8330206	12430252	51030684	41964475	0.614	0.505	7644926	5826686	1124640	1761928	4910112	4346229	944820	1001588	2734814	1480457	179820	760340	54742307	35739285	2373555	35256816	32230775	4209987	4120219	9190326	3239926	48657129	41964475
2021-07-28	91306840	685236	121664	563572	68088893	8377078	12453588	51166074	42528047	0.615	0.511	7644926	5826686	1124640	1761928	4910112	4346229	944820	1001588	2734814	1480457	179820	760340	54977387	36185608	2387281	35367796	32721097	4219437	4157641	9191560	3262028	48778793	42528047
2021-07-29	91881639	574799	105004	469795	68585753	8420536	12473373	51285774	42997842	0.617	0.517	7644926	5826686	1124640	1761928	4910112	4346229	944820	1001588	2734814	1480457	179820	760340	55192255	36541536	2401977	35462386	33123367	4228635	4191901	9192776	3280597	48883797	42997842
2021-07-30	92376503	494864	94075	400789	69002104	8465791	12490536	51395944	43398631	0.618	0.522	7644926	5826686	1124640	1761928	4910112	4346229	944820	1001588	2734814	1480457	179820	760340	55407553	36818387	2418072	35546393	33455711	4237633	4228158	9193846	3296690	48977872	43398631
2021-07-31	92571016	194513	47077	147436	69142262	8501644	12496554	51455505	43546067	0.619	0.524	7644926	5826686	1124640	1761928	4910112	4346229	944820	1001588	2734814	1480457	179820	760340	55563572	36856357	2430556	35587076	33555186	4243872	4257772	9194001	3302553	49024949	43546067
2021-08-01	92687631	116615	30389	86226	69225622	8526710	12498870	51491767	43632293	0.619	0.525	7644926	5826686	1124640	1761928	4910112	4346229	944820	1001588	2734814	1480457	179820	760340	55663445	36872662	2436429	35613207	33612415	4248048	4278662	9194083	3304787	49055338	43632293
2021-08-02	92979114	291483	58380	233103	69463341	8560098	12507995	51561398	43865396	0.620	0.527	7644926	5826686	1124640	1761928	4910112	4346229	944820	1001588	2734814	1480457	179820	760340	55832880	36992897	2447680	35665884	33797457	4253179	4306919	9194655	3313340	49113718	43865396
2021-08-03	93437809	458695	76535	382160	69858597	8598424	12519930	51651111	44247556	0.621	0.532	7644926	5826686	1124640	1761928	4910112	4346229	944820	1001588	2734814	1480457	179820	760340	56021784	37259593	2460858	35736804	34121793	4258068	4340356	9195381	3324549	49190253	44247556
2021-08-04	94005416	567607	96378	471229	70365873	8634715	12531188	51760271	44718785	0.622	0.538	7644926	5826686	1124640	1761928	4910112	4346229	944820	1001588	2734814	1480457	179820	760340	56230734	37614993	2473640	35827021	34538852	4263730	4370985	9195880	3335308	49286631	44718785
2021-08-05	94519129	513713	85282	428431	70817624	8674391	12539129	51859898	45147216	0.624	0.543	7644926	5826686	1124640	1761928	4910112	4346229	944820	1001588	2734814	1480457	179820	760340	56445635	37910549	2487985	35906462	34911162	4268964	4405427	9196487	3342642	49371913	45147216
2021-08-06	94956747	437618	80766	356852	71196963	8710210	12546430	51955823	45504068	0.625	0.547	7644926	5826686	1124640	1761928	4910112	4346229	944820	1001588	2734814	1480457	179820	760340	56663997	38127512	2503144	35981068	35215895	4274694	4435516	9196917	3349513	49452679	45504068
2021-08-07	95140509	183762	40738	143024	71334449	8742039	12547973	52009465	45647092	0.625	0.549	7644926	5826686	1124640	1761928	4910112	4346229	944820	1001588	2734814	1480457	179820	760340	56822759	38151629	2516048	36017030	35317419	4279390	4462649	9196997	3350976	49493417	45647092
2021-08-08	95256310	115801	23352	92449	71423589	8763790	12548893	52036807	45739541	0.626	0.550	7644926	5826686	1124640	1761928	4910112	4346229	944820	1001588	2734814	1480457	179820	760340	56926910	38163142	2520038	36037583	35386006	4282147	4481643	9197039	3351854	49516769	45739541
2021-08-09	95548364	292054	51059	240995	71659917	8805231	12554220	52096824	45980536	0.626	0.553	7644926	5826686	1124640	1761928	4910112	4346229	944820	1001588	2734814	1480457	179820	760340	57115848	38264866	2528996	36083843	35576074	4286639	4518592	9197346	3356874	49567828	45980536
2021-08-10	95974326	425962	73962	352000	72024152	8847851	12562084	52182029	46332536	0.627	0.557	7644926	5826686	1124640	1761928	4910112	4346229	944820	1001588	2734814	1480457	179820	760340	57307638	38496745	2540239	36152250	35871902	4291628	4556223	9197912	3364172	49641790	46332536
2021-08-11	96511899	537573	103545	434028	72489376	8894834	12571774	52301250	46766564	0.629	0.562	7644926	5826686	1124640	1761928	4910112	4346229	944820	1001588	2734814	1480457	179820	760340	57531471	38807109	2555915	36247389	36241987	4299363	4595471	9198583	3373191	49745335	46766564
2021-08-12	96978917	467018	98931	368087	72892583	8933091	12578753	52418756	47134651	0.630	0.567	7644926	5826686	1124640	1761928	4910112	4346229	944820	1001588	2734814	1480457	179820	760340	57744134	39058964	2574490	36339103	36553480	4306071	4627020	9199092	3379661	49844266	47134651
2021-08-13	97397940	419023	94167	324856	73244687	8974174	12585274	52532238	47459507	0.632	0.571	7644926	5826686	1124640	1761928	4910112	4346229	944820	1001588	2734814	1480457	179820	760340	57969179	39251353	2593805	36425615	36819072	4313240	4660934	9199578	3385696	49938433	47459507
2021-08-14	97590609	192669	50331	142338	73389125	9005886	12586645	52597717	47601845	0.632	0.572	7644926	5826686	1124640	1761928	4910112	4346229	944820	1001588	2734814	1480457	179820	760340	58142817	39269532	2608953	36471010	36918115	4318105	4687781	9199649	3386996	49988764	47601845
2021-08-15	97708165	117556	30433	87123	73477505	9026972	12587330	52635555	47688968	0.633	0.573	7644926	5826686	1124640	1761928	4910112	4346229	944820	1001588	2734814	1480457	179820	760340	58252186	39277544	2616358	36498111	36979394	4321413	4705559	9199673	3387657	50019197	47688968
2021-08-16	97970482	262317	68008	194309	73690444	9059978	12590164	52717101	47883277	0.634	0.576	7644926	5826686	1124640	1761928	4910112	4346229	944820	1001588	2734814	1480457	179820	760340	58429231	39361152	2629896	36559661	37130783	4327599	4732379	9199945	3390219	50087205	47883277
2021-08-17	98326090	355608	96611	258997	73996215	9089262	12595910	52828519	48142274	0.635	0.579	7644926	5826686	1124640	1761928	4910112	4346229	944820	1001588	2734814	1480457	179820	760340	58589352	39554693	2644703	36650799	37345416	4332476	4756786	9200541	3395369	50183816	48142274
2021-08-18	98740390	414300	115268	299032	74357653	9118921	12601947	52960953	48441306	0.637	0.582	7644926	5826686	1124640	1761928	4910112	4346229	944820	1001588	2734814	1480457	179820	760340	58757668	39798751	2661869	36760003	37597650	4338148	4780773	9200933	3401014	50299084	48441306
2021-08-19	99058091	317701	96008	221693	74630208	9143697	12606443	53072835	48662999	0.638	0.585	7644926	5826686	1124640	1761928	4910112	4346229	944820	1001588	2734814	1480457	179820	760340	58901873	39969692	2677743	36850787	37779421	4342809	4800888	9201496	3404947	50395092	48662999
2021-08-20	99340944	282853	84981	197872	74873277	9163215	12611507	53173018	48860871	0.639	0.588	7644926	5826686	1124640	1761928	4910112	4346229	944820	1001588	2734814	1480457	179820	760340	59016180	40138238	2692945	36930849	37942428	4347105	4816110	9202119	3409388	50480073	48860871
