date	dosen_kumulativ	dosen_differenz_zum_vortag	dosen_erst_differenz_zum_vortag	dosen_zweit_differenz_zum_vortag	dosen_biontech_kumulativ	dosen_moderna_kumulativ	dosen_astrazeneca_kumulativ	personen_erst_kumulativ	personen_voll_kumulativ	impf_quote_erst	impf_quote_voll	indikation_alter_dosen	indikation_beruf_dosen	indikation_medizinisch_dosen	indikation_pflegeheim_dosen	indikation_alter_erst	indikation_beruf_erst	indikation_medizinisch_erst	indikation_pflegeheim_erst	indikation_alter_voll	indikation_beruf_voll	indikation_medizinisch_voll	indikation_pflegeheim_voll	dosen_dim_kumulativ	dosen_kbv_kumulativ	dosen_johnson_kumulativ	dosen_biontech_erst_kumulativ	dosen_biontech_zweit_kumulativ	dosen_moderna_erst_kumulativ	dosen_moderna_zweit_kumulativ	dosen_astrazeneca_erst_kumulativ	dosen_astrazeneca_zweit_kumulativ	dosen_erst_kumulativ	dosen_zweit_kumulativ
2020-12-27	24097	24097	24084	13	24095	2	0	24084	13	0.000	0.000	10705	8657	1305	12604	10664	8590	1305	12536	41	67	0	68	24097	0	0	24082	13	2	0	0	0	24084	13
2020-12-28	42065	17968	17806	162	42063	2	0	41890	175	0.001	0.000	18621	15788	1991	21344	18580	15721	1991	21276	41	67	0	68	42065	0	0	41888	175	2	0	0	0	41890	175
2020-12-29	92091	50026	49292	734	92088	2	1	91182	909	0.001	0.000	34989	40734	3107	40508	34724	40420	3107	40099	265	314	0	409	92091	0	0	91179	909	2	0	1	0	91182	909
2020-12-30	155582	63491	63353	138	155579	2	1	154535	1047	0.002	0.000	55510	73365	4901	63206	55243	73050	4901	62794	267	315	0	412	155582	0	0	154532	1047	2	0	1	0	154535	1047
2020-12-31	205275	49693	49604	89	205272	2	1	204139	1136	0.002	0.000	72831	96719	6752	83965	72517	96367	6752	83476	314	352	0	489	205275	0	0	204136	1136	2	0	1	0	204139	1136
2021-01-01	230620	25345	25336	9	230609	7	4	229475	1145	0.003	0.000	81208	105449	7830	92301	80894	105097	7830	91812	314	352	0	489	230620	0	0	229465	1144	7	0	3	1	229475	1145
2021-01-02	278571	47951	47665	286	278560	7	4	277140	1431	0.003	0.000	102774	129731	10350	113258	102365	129304	10350	112629	409	427	0	629	278571	0	0	277130	1430	7	0	3	1	277140	1431
2021-01-03	300981	22410	22405	5	300969	8	4	299545	1436	0.004	0.000	113044	140227	11284	123279	112635	139800	11284	122650	409	427	0	629	300981	0	0	299534	1435	8	0	3	1	299545	1436
2021-01-04	346804	45823	45727	96	346791	9	4	345272	1532	0.004	0.000	129646	164913	13951	139091	129237	164486	13951	138462	409	427	0	629	346804	0	0	345260	1531	9	0	3	1	345272	1532
2021-01-05	398774	51970	51633	337	398760	10	4	396905	1869	0.005	0.000	147987	192565	16489	157656	147576	192117	16489	157025	411	448	0	631	398774	0	0	396892	1868	10	0	3	1	396905	1869
2021-01-06	461231	62457	62365	92	461208	16	7	459270	1961	0.006	0.000	169498	225530	19910	180812	169086	225082	19910	180181	412	448	0	631	461231	0	0	459249	1959	16	0	5	2	459270	1961
2021-01-07	515197	53966	53945	21	515169	19	9	513215	1982	0.006	0.000	189172	254868	22957	197233	188758	254418	22957	196600	414	450	0	633	515197	0	0	513189	1980	19	0	7	2	513215	1982
2021-01-08	576852	61655	61547	108	576772	70	10	574762	2090	0.007	0.000	211521	287315	26324	218219	211009	286711	26320	217449	512	604	4	770	576852	0	0	574684	2088	70	0	8	2	574762	2090
2021-01-09	636824	59972	59824	148	636740	73	11	634586	2238	0.008	0.000	237322	313238	29007	243325	236798	312599	29003	242545	524	639	4	780	636824	0	0	634505	2235	73	0	8	3	634586	2238
2021-01-10	672076	35252	35103	149	671984	81	11	669689	2387	0.008	0.000	252455	327794	30379	256315	251929	327151	30375	255535	526	643	4	780	672076	0	0	669601	2383	80	1	8	3	669689	2387
2021-01-11	739576	67500	67398	102	739469	94	13	737087	2489	0.009	0.000	277513	359176	33587	276774	276967	358513	33583	275968	546	663	4	806	739576	0	0	736990	2479	87	7	10	3	737087	2489
2021-01-12	817843	78267	78203	64	817720	109	14	815290	2553	0.010	0.000	305695	401338	36582	301731	305147	400670	36578	300888	548	668	4	843	817843	0	0	815178	2542	102	7	10	4	815290	2553
2021-01-13	928576	110733	110532	201	927284	1278	14	925822	2754	0.011	0.000	345167	458844	40485	337339	344574	458093	40466	336399	593	751	19	940	928576	0	0	924541	2743	1271	7	10	4	925822	2754
2021-01-14	1011699	83123	82901	222	1005259	6426	14	1008723	2976	0.012	0.000	374803	501101	42769	361463	374094	500254	42750	360452	709	847	19	1011	1011699	0	0	1002338	2921	6375	51	10	4	1008723	2976
2021-01-15	1102166	90467	89622	845	1090455	11692	19	1098345	3821	0.013	0.000	408725	545673	46728	389202	407810	544625	46700	387982	915	1048	28	1220	1102166	0	0	1086689	3766	11641	51	15	4	1098345	3821
2021-01-16	1159502	57336	56315	1021	1146111	13371	20	1154660	4842	0.014	0.000	432983	570627	48859	408798	431664	569232	48767	407047	1319	1395	92	1751	1159502	0	0	1141324	4787	13320	51	16	4	1154660	4842
2021-01-17	1207059	47557	29785	17772	1192405	14632	21	1184446	22614	0.014	0.000	453449	591002	50884	428544	444215	583354	50014	417145	9234	7648	870	11399	1207059	0	1	1169847	22558	14581	51	17	4	1184445	22614
2021-01-18	1288964	81905	66163	15742	1270167	18774	22	1250609	38356	0.015	0.000	482728	633883	53106	448900	467235	619730	51700	430238	15493	14153	1406	18662	1288964	0	1	1231869	38298	18721	53	18	4	1250608	38356
2021-01-19	1407765	118801	82351	36450	1385299	22435	30	1332960	74806	0.016	0.001	519765	695968	56714	479843	492669	666683	54375	447938	27096	29285	2339	31905	1407765	0	1	1310555	74744	22378	57	26	4	1332959	74806
2021-01-20	1539937	132172	77600	54572	1514726	25177	33	1410560	129378	0.017	0.002	568076	760039	60957	522078	522876	706310	57505	469463	45200	53729	3452	52615	1539937	0	1	1385410	129316	25120	57	29	4	1410559	129378
2021-01-21	1644920	104983	63666	41317	1616967	27917	35	1474226	170695	0.018	0.002	610150	808503	65406	556195	549621	735602	60889	487988	60529	72901	4517	68207	1644920	0	1	1446336	170631	27859	58	30	5	1474225	170695
2021-01-22	1746542	101622	68047	33575	1716394	30104	43	1542273	204270	0.019	0.002	654049	853889	69013	590642	579902	764987	63599	506975	74147	88902	5414	83667	1746542	0	1	1512193	204201	30041	63	38	5	1542272	204270
2021-01-23	1833125	86583	40465	46118	1802620	30458	46	1582738	250388	0.019	0.003	691767	890989	72414	617916	599855	780966	64783	516268	91912	110023	7631	101648	1833125	0	1	1552302	250318	30394	64	41	5	1582737	250388
2021-01-24	1880417	47292	25458	21834	1849710	30656	50	1608196	272222	0.019	0.003	715655	910067	73331	632982	614016	789814	65130	521524	101639	120253	8201	111458	1880417	0	1	1577558	272152	30592	64	45	5	1608195	272222
2021-01-25	1971459	91042	52273	38769	1939333	32072	53	1660469	310991	0.020	0.004	756375	951632	76827	658117	642321	811974	66847	534304	114054	139658	9980	123813	1971459	0	1	1628415	310918	32005	67	48	5	1660468	310991
2021-01-26	2068996	97537	50632	46905	2035428	33507	60	1711101	357896	0.021	0.004	796572	997196	80614	684405	667753	831436	68195	545278	128819	165760	12419	139127	2068996	0	1	1677609	357819	33436	71	55	5	1711100	357896
2021-01-27	2178370	109374	50805	58569	2143008	35293	68	1761906	416465	0.021	0.005	839834	1049509	85786	715259	691463	852265	70042	556304	148371	197244	15744	158955	2178370	0	1	1726632	416376	35210	83	63	5	1761905	416465
2021-01-28	2270647	92277	46381	45896	2233654	36921	71	1808287	462361	0.022	0.006	877990	1090332	89974	739697	713483	869115	71590	567469	164507	221217	18384	172228	2270647	0	1	1771470	462184	36750	171	66	5	1808286	462361
2021-01-29	2378416	107769	49984	57785	2339936	38401	78	1858271	520146	0.022	0.006	920894	1138243	95507	769100	735839	888487	73819	578309	185055	249756	21688	190791	2378416	0	1	1819968	519968	38229	172	73	5	1858270	520146
2021-01-30	2466430	88014	34361	53653	2427068	39281	80	1892632	573799	0.023	0.007	957412	1174692	99468	796433	752473	901967	75224	586328	204939	272725	24244	210105	2466430	0	1	1853450	573618	39107	174	74	6	1892631	573799
2021-01-31	2523299	56869	25752	31117	2483556	39657	85	1918384	604916	0.023	0.007	982865	1196922	101575	812430	766590	910861	76411	592657	216275	286061	25164	219773	2523299	0	1	1878830	604726	39475	182	78	7	1918383	604916
2021-02-01	2642826	119527	57967	61560	2600823	41866	136	1976351	666476	0.024	0.008	1026174	1260299	105285	839830	787193	944041	78273	602425	238981	316258	27012	237405	2642826	0	1	1934539	666284	41682	184	129	7	1976350	666476
2021-02-02	2774835	132009	64790	67219	2729758	44927	149	2041141	733695	0.025	0.009	1069633	1330364	110479	870030	806216	982089	80866	611659	263417	348275	29613	258371	2774835	0	1	1996256	733502	44742	185	142	7	2041140	733695
2021-02-03	2935863	161028	63529	97499	2884431	51255	175	2104671	831194	0.025	0.010	1128983	1407775	116405	912544	829819	1014401	83062	623312	299164	393374	33343	289232	2935863	0	2	2053437	830994	51064	191	168	7	2104669	831194
2021-02-04	3068986	133123	61194	71929	3011716	57088	180	2165865	903123	0.026	0.011	1177986	1472437	120972	943857	851937	1046473	85311	632945	326049	425964	35661	310912	3068986	0	2	2108796	902920	56894	194	173	7	2165863	903123
2021-02-05	3215502	146516	68899	77617	3151775	63537	188	2234764	980740	0.027	0.012	1232524	1542580	126293	977786	877231	1080338	86905	644262	355293	462242	39388	333524	3215502	0	2	2171373	980402	63209	328	180	8	2234762	980740
2021-02-06	3309166	93664	45374	48290	3242812	66163	189	2280138	1029030	0.027	0.012	1272514	1588658	130853	1003590	896490	1101898	88782	653957	376024	486760	42071	349633	3309166	0	2	2214120	1028692	65835	328	181	8	2280136	1029030
2021-02-07	3362468	53302	28251	25051	3293786	68489	191	2308389	1054081	0.028	0.013	1298155	1609930	133571	1016823	910800	1112720	90015	659435	387355	497210	43556	357388	3362468	0	2	2240044	1053742	68160	329	183	8	2308387	1054081
2021-02-08	3471313	108845	52866	55979	3398783	72310	218	2361255	1110060	0.028	0.013	1350672	1655734	137545	1035599	942269	1129343	91902	666781	408403	526391	45643	368818	3471313	0	2	2289063	1109720	71980	330	210	8	2361253	1110060
2021-02-09	3605360	134047	60196	73851	3529283	75744	331	2421451	1183911	0.029	0.014	1411842	1714380	141993	1058512	978151	1147503	94639	674792	433691	566877	47354	383720	3605360	0	2	2345902	1183381	75224	520	323	8	2421449	1183911
2021-02-10	3759525	154165	77319	76846	3670880	79979	8664	2498770	1260757	0.030	0.015	1478760	1781046	146001	1087933	1017461	1175177	96286	685176	461299	605869	49715	402757	3759525	0	2	2411646	1259234	78478	1501	8644	20	2498768	1260757
2021-02-11	3903233	143708	75205	68503	3791004	87246	24979	2573977	1329260	0.031	0.016	1539776	1848576	151475	1113070	1052428	1208053	98713	694775	487348	640523	52762	418295	3903233	0	4	2466315	1324689	82713	4533	24945	34	2573973	1329260
2021-02-12	4058313	155080	79514	75566	3922560	96544	39202	2653494	1404826	0.032	0.017	1611268	1919253	157751	1138545	1094198	1240389	101429	704318	517070	678864	56322	434227	4058313	0	7	2527358	1395202	87285	9259	38844	358	2653487	1404826
2021-02-13	4165679	107366	61922	45444	4013319	99801	52551	2715417	1450270	0.033	0.017	1667599	1960972	162355	1156080	1129093	1262877	103231	711418	538506	698095	59124	444662	4165679	0	8	2574226	1439093	88997	10804	52186	365	2715409	1450270
2021-02-14	4230886	65207	39494	25713	4068807	102275	59795	2754912	1475983	0.033	0.018	1706122	1983696	163973	1164146	1153761	1276081	104081	714928	552361	707615	59892	449218	4230886	0	9	2605227	1463580	90267	12008	59409	386	2754903	1475983
2021-02-15	4356149	125263	69522	55741	4173386	107504	75249	2824435	1531724	0.034	0.018	1773591	2031897	168008	1183418	1194859	1300739	106358	721524	578732	731158	61650	461894	4356149	0	10	2657040	1516346	92539	14965	74846	403	2824425	1531724
2021-02-16	4490251	134102	77751	56351	4281778	113623	94839	2902187	1588075	0.035	0.019	1839625	2089928	170683	1200400	1236633	1336138	107879	728440	602992	753790	62804	471960	4490251	0	11	2712488	1569290	95264	18359	94424	415	2902176	1588075
2021-02-17	4641010	150759	94459	56300	4403784	121620	115594	2996647	1644375	0.036	0.020	1920033	2147919	175770	1221928	1292995	1368705	110873	736858	627038	779214	64897	485070	4641010	0	12	2781392	1622392	100076	21544	115167	427	2996635	1644375
2021-02-18	4785260	144250	91261	52989	4515974	129844	139429	3087909	1697364	0.037	0.020	1995907	2206102	179208	1240945	1345328	1403985	112659	744258	650579	802117	66549	496687	4785260	0	13	2844140	1671834	104758	25086	138998	431	3087896	1697364
2021-02-19	4943582	158322	102769	55553	4636921	139804	166843	3190679	1752917	0.038	0.021	2076668	2266444	184080	1258305	1402958	1440066	115287	750941	673710	826378	68793	507364	4943582	0	14	2912651	1724270	111708	28096	166306	537	3190665	1752917
2021-02-20	5055646	112064	75796	36268	4723298	144268	188065	3266476	1789185	0.039	0.022	2138268	2310157	187738	1272296	1445964	1469322	117533	755178	692304	840835	70205	517118	5055646	0	15	2963203	1760095	115740	28528	187518	547	3266461	1789185
2021-02-21	5141444	85798	57419	28379	4789806	147909	203713	3323896	1817564	0.040	0.022	2187054	2340674	190304	1282667	1479917	1489494	118664	757407	707137	851180	71640	525260	5141444	0	16	3001498	1788308	119222	28687	203160	553	3323880	1817564
2021-02-22	5296774	155330	97579	57751	4912528	156903	227326	3421476	1875315	0.041	0.023	2266701	2410287	195201	1300517	1538362	1525084	121627	763642	728339	885203	73574	536875	5296774	0	17	3068250	1844278	126448	30455	226761	565	3421459	1875315
2021-02-23	5466416	169642	109159	60483	5046116	164112	256170	3530636	1935798	0.042	0.023	2346910	2483166	200501	1318387	1598211	1563793	124757	771284	748699	919373	75744	547103	5466416	0	18	3143026	1903090	131999	32113	255593	577	3530618	1935798
2021-02-24	5642039	175623	116483	59140	5177475	171723	292822	3647120	1994938	0.044	0.024	2431789	2557990	207079	1337422	1660503	1608669	128907	778912	771286	949321	78172	558510	5642039	0	19	3216950	1960525	137924	33799	292227	595	3647101	1994938
2021-02-25	5830766	188727	129753	58974	5308596	178482	343669	3776873	2053912	0.045	0.025	2514175	2648479	213515	1355541	1722988	1667176	133470	787131	791187	981303	80045	568410	5830766	0	19	3290639	2017957	143154	35328	343061	608	3776854	2053912
2021-02-26	6043067	212301	145465	66836	5449263	187314	406471	3922338	2120748	0.047	0.025	2602819	2749814	220591	1375230	1787946	1735795	138593	794627	814873	1014019	81998	580603	6043067	0	19	3366160	2083103	150370	36944	405789	682	3922319	2120748
2021-02-27	6190786	147719	107826	39893	5541918	191396	457453	4030164	2160641	0.048	0.026	2666475	2822116	227301	1388101	1833818	1790224	143432	799030	832657	1031892	83869	589071	6190786	0	19	3419662	2122256	153720	37676	456763	690	4030145	2160641
2021-02-28	6293618	102832	78768	24064	5603195	195349	495054	4108933	2184705	0.049	0.026	2714700	2875405	231582	1394762	1868893	1834535	146785	801170	845807	1040870	84797	593592	6293618	0	20	3457247	2145948	157321	38028	494345	709	4108913	2184705
2021-03-01	6491718	198100	148277	49823	5733341	204973	553384	4257210	2234528	0.051	0.027	2817221	2953369	239381	1408021	1943445	1896228	153263	806209	873776	1057141	86118	601812	6491718	0	20	3539608	2193733	164923	40050	552659	725	4257190	2234528
2021-03-02	6710293	218575	166475	52100	5873104	214962	622207	4423685	2286628	0.053	0.027	2927307	3047588	248982	1422628	2022735	1971725	160632	812692	904572	1075863	88350	609936	6710293	0	20	3630167	2242937	172038	42924	621460	747	4423665	2286628
2021-03-03	6956488	246195	175773	70422	6030008	229911	696549	4599458	2357050	0.055	0.028	3047976	3148969	260606	1439862	2105531	2048823	170041	819606	942445	1100146	90565	620256	6956488	0	20	3722600	2307408	181111	48800	695727	822	4599438	2357050
2021-03-04	7200939	244451	181629	62822	6171029	244379	785511	4781087	2419872	0.057	0.029	3159240	3258741	272992	1455625	2181653	2136963	180034	825002	977587	1121778	92958	630623	7200939	0	20	3806237	2364792	190184	54195	784646	865	4781067	2419872
2021-03-05	7476582	275643	207102	68541	6320504	257744	898313	4988190	2488413	0.060	0.030	3277185	3383782	287941	1471072	2258903	2242620	191990	830697	1018282	1141162	95951	640375	7476582	0	21	3893181	2427323	197589	60155	897399	914	4988169	2488413
2021-03-06	7678262	201680	153032	48648	6429727	266184	982330	5141222	2537061	0.062	0.031	3366696	3478463	298371	1480590	2314602	2325555	200824	833966	1052094	1152908	97547	646624	7678262	0	21	3956015	2473712	203791	62393	981395	935	5141201	2537061
2021-03-07	7825794	147532	114046	33486	6509467	272839	1043467	5255268	2570547	0.063	0.031	3437978	3544531	306478	1486155	2360956	2383880	208082	835928	1077022	1160651	98396	650227	7825794	0	21	4004625	2504842	208110	64729	1042512	955	5255247	2570547
2021-03-08	8063244	237450	185857	51593	6643374	283794	1136055	5441125	2622140	0.065	0.032	3556806	3640371	322827	1498475	2442587	2468035	222757	841890	1114219	1172336	100070	656585	8063244	0	21	4090343	2553031	215702	68092	1135059	996	5441104	2622140
2021-03-09	8315455	252211	197361	54850	6783476	296579	1235379	5638486	2676990	0.068	0.032	3677710	3742787	340236	1512022	2524321	2558568	238262	848791	1153389	1184219	101974	663231	8315455	0	21	4179132	2604344	225014	71565	1234319	1060	5638465	2676990
2021-03-10	8603746	288291	221252	67039	6942531	308757	1352436	5859739	2744029	0.070	0.033	3808598	3856306	360962	1530389	2606688	2661880	256906	860000	1201910	1194426	104056	670389	8602775	971	22	4274761	2667770	233633	75124	1351323	1113	5859717	2744029
2021-03-11	8887980	284234	223343	60891	7090161	322475	1475322	6083082	2804920	0.073	0.034	3937470	3976178	382106	1544008	2689957	2769533	276555	867677	1247513	1206645	105551	676331	8886354	1626	22	4365905	2724256	243003	79472	1474152	1170	6083060	2804920
2021-03-12	9214444	326464	255606	70858	7241738	339770	1632914	6338688	2875778	0.076	0.035	4071484	4127850	404783	1559463	2770420	2906954	297406	877132	1301064	1220896	107377	682331	9212608	1836	22	4451419	2790319	255705	84065	1631542	1372	6338666	2875778
2021-03-13	9455038	240594	190314	50280	7357752	349338	1747926	6529002	2926058	0.079	0.035	4181046	4240796	425293	1567511	2840453	3011727	316755	881879	1340593	1229069	108538	685632	9453046	1992	22	4518606	2839146	263932	85406	1746442	1484	6528980	2926058
2021-03-14	9625079	170041	134379	35662	7445798	354850	1824409	6663381	2961720	0.080	0.036	4266043	4307307	441408	1570975	2896461	3072888	331859	883676	1369582	1234419	109549	687299	9623077	2002	22	4571986	2873812	268469	86381	1822904	1505	6663359	2961720
2021-03-15	9872731	247652	188427	59225	7598550	367587	1906572	6851808	3020945	0.082	0.036	4400463	4391447	461474	1582289	2984151	3147219	350790	890548	1416312	1244228	110684	691741	9870446	2285	22	4667302	2931248	279506	88081	1904978	1594	6851786	3020945
2021-03-16	10051628	178897	110734	68163	7765180	378839	1907587	6962542	3089108	0.084	0.037	4527474	4426082	473886	1593025	3059300	3169255	361553	895647	1468174	1256827	112333	697378	10048796	2832	22	4768258	2996922	288273	90566	1905989	1598	6962520	3089108
2021-03-17	10256588	204960	124035	80925	7951411	396826	1908329	7086577	3170033	0.085	0.038	4672447	4463838	487350	1605072	3141952	3193652	373040	902175	1530495	1270186	114310	702897	10253139	3449	22	4878376	3073035	301453	95373	1906726	1603	7086555	3170033
2021-03-18	10450071	193483	117907	75576	8125577	414985	1909487	7204484	3245609	0.087	0.039	4812398	4498757	499905	1615322	3222615	3215628	383588	907340	1589783	1283129	116317	707982	10446199	3872	22	4982167	3143410	314412	100573	1907883	1604	7204462	3245609
2021-03-19	10694763	244692	160538	84154	8310944	435773	1948024	7365022	3329763	0.089	0.040	4961948	4563922	518114	1627194	3306761	3267408	399605	914537	1655187	1296514	118509	712657	10690360	4403	22	5090243	3220701	328394	107379	1946363	1661	7365000	3329763
2021-03-20	10915017	220254	166990	53264	8446317	451068	2017610	7532012	3383027	0.091	0.041	5078536	4641917	537715	1633319	3379545	3337212	417708	917920	1698991	1304705	120007	715399	10910290	4727	22	5176216	3270101	339855	111213	2015919	1691	7531990	3383027
2021-03-21	11079509	164492	126302	38190	8548492	460258	2070737	7658314	3421217	0.092	0.041	5171749	4694283	554274	1635819	3440184	3384099	433219	919244	1731565	1310184	121055	716575	11074782	4727	22	5243471	3305021	345801	114457	2069020	1717	7658292	3421217
2021-03-22	11348655	269146	192756	76390	8714896	484047	2149690	7851070	3497607	0.094	0.042	5329624	4766248	576579	1645397	3534739	3445389	453483	925279	1794885	1320859	123096	720118	11342400	6255	22	5340939	3373957	362190	121857	2147919	1771	7851048	3497607
2021-03-23	11649365	300710	216870	83840	8896347	503759	2249237	8067940	3581447	0.097	0.043	5490190	4854892	604288	1656865	3629814	3521119	478432	932910	1860376	1333773	125856	723955	11638122	11243	22	5443578	3452769	376930	126829	2247410	1827	8067918	3581447
2021-03-24	11988389	339024	249415	89609	9096495	536786	2355086	8317355	3671056	0.100	0.044	5664852	4952071	635971	1672375	3732242	3605792	507202	944863	1932610	1346279	128769	727512	11971354	17035	22	5559499	3536996	404651	132135	2353183	1903	8317333	3671056
2021-03-25	12321015	332626	251476	81150	9281999	564448	2474546	8568831	3752206	0.103	0.045	5830941	5060081	670798	1683452	3832663	3703768	539527	951994	1998278	1356313	131271	731458	12298035	22980	22	5669535	3612464	426742	137706	2472532	2014	8568809	3752206
2021-03-26	12694770	373755	285353	88402	9481547	601611	2611590	8854184	3840608	0.106	0.046	6003833	5184282	710463	1698535	3933360	3816071	576057	962322	2070473	1368211	134406	736213	12665476	29294	22	5787476	3694071	457201	144410	2609485	2105	8854162	3840608
2021-03-27	12975990	281220	218886	62334	9631107	629228	2715632	9073071	3902942	0.109	0.047	6147056	5279869	744190	1703356	4023632	3903670	607441	965464	2123424	1376199	136749	737892	12944346	31644	23	5877869	3753238	481708	147520	2713471	2161	9073048	3902942
2021-03-28	13172377	196387	143123	53264	9746454	647731	2778169	9216194	3956206	0.111	0.048	6253046	5333384	768116	1706823	4085867	3950861	629648	967502	2167179	1382523	138468	739321	13140542	31835	23	5943277	3803177	496937	150794	2775957	2212	9216171	3956206
2021-03-29	13477944	305567	216994	88573	9935160	672720	2870041	9433188	4044779	0.113	0.049	6418833	5404751	806706	1716518	4180272	4010842	665103	973637	2238561	1393909	141603	742881	13440161	37783	23	6050273	3884887	515124	157596	2867768	2273	9433165	4044779
2021-03-30	13806955	329011	236415	92596	10153836	697135	2955961	9669603	4137375	0.116	0.050	6591913	5474211	853024	1727240	4280843	4069380	706095	981320	2311070	1404831	146929	745920	13757036	49919	23	6182870	3970966	533082	164053	2953628	2333	9669580	4137375
2021-03-31	14143154	336199	234694	101505	10401318	733180	3008633	9904297	4238880	0.119	0.051	6774517	5538855	899988	1738789	4384637	4121392	747318	988525	2389880	1417463	152670	750264	14076920	66234	23	6336848	4064470	561161	172019	3006265	2368	9904274	4238880
2021-04-01	14469778	326624	235920	90704	10640197	765631	3063927	10140217	4329584	0.122	0.052	6936269	5606629	944397	1747554	4476928	4175958	787230	994147	2459341	1430671	157167	753407	14383465	86313	23	6492962	4147235	585715	179916	3061517	2410	10140194	4329584
2021-04-02	14695455	225677	157712	67965	10819712	780019	3095701	10297929	4397549	0.124	0.053	7067172	5654574	981393	1749910	4552089	4213818	820223	995356	2515083	1440756	161170	754554	14607618	87837	23	6608880	4210832	595762	184257	3093264	2437	10297906	4397549
2021-04-03	14927271	231816	167456	64360	10993842	795819	3137587	10465385	4461909	0.126	0.054	7198861	5698683	1018737	1753036	4633025	4248782	853330	997097	2565836	1449901	165407	755939	14838035	89236	23	6723534	4270308	606716	189103	3135112	2475	10465362	4461909
2021-04-04	15120203	192932	142565	50367	11126039	805880	3188261	10607950	4512276	0.128	0.054	7309766	5731715	1048001	1754173	4704262	4274251	879171	997551	2605504	1457464	168830	756622	15030831	89372	23	6809297	4316742	612887	192993	3185743	2518	10607927	4512276
2021-04-05	15367999	247796	177612	70184	11290997	823746	3253233	10785562	4582460	0.130	0.055	7456036	5770066	1081529	1756372	4794323	4302940	907924	998846	2661713	1467126	173605	757526	15277317	90682	23	6908882	4382115	625973	197773	3250684	2549	10785539	4582460
2021-04-06	15741719	373720	279017	94703	11545947	855963	3339786	11064579	4677163	0.133	0.056	7644926	5826686	1124640	1761928	4910112	4346229	944820	1001588	2734814	1480457	179820	760340	15614410	127309	23	7077890	4468057	649497	206466	3337169	2617	11064556	4677163
2021-04-07	16409652	667933	571566	96367	12088035	892994	3428600	11636145	4773530	0.140	0.057	7644926	5826686	1124640	1761928	4910112	4346229	944820	1001588	2734814	1480457	179820	760340	15976679	432973	23	7532298	4555737	677924	215070	3425900	2700	11636122	4773530
2021-04-08	17108254	698602	610939	87663	12659339	928625	3520267	12247084	4861193	0.147	0.058	7644926	5826686	1124640	1761928	4910112	4346229	944820	1001588	2734814	1480457	179820	760340	16350403	757851	23	8024993	4634346	704582	224043	3517486	2781	12247061	4861193
2021-04-09	17739868	631614	542720	88894	13149361	965192	3625292	12789804	4950087	0.154	0.060	7644926	5826686	1124640	1761928	4910112	4346229	944820	1001588	2734814	1480457	179820	760340	16742514	997354	23	8437639	4711722	729713	235479	3622429	2863	12789781	4950087
2021-04-10	18112443	372575	307524	65051	13397848	988413	3726159	13097328	5015138	0.157	0.060	7644926	5826686	1124640	1761928	4910112	4346229	944820	1001588	2734814	1480457	179820	760340	17082043	1030400	23	8628819	4769029	745253	243160	3723233	2926	13097305	5015138
2021-04-11	18376355	263912	213592	50320	13568216	1007079	3801037	13310920	5065458	0.160	0.061	7644926	5826686	1124640	1761928	4910112	4346229	944820	1001588	2734814	1480457	179820	760340	17340876	1035479	23	8752890	4815326	759972	247107	3798035	3002	13310897	5065458
2021-04-12	18794884	418529	342154	76375	13847077	1036265	3911518	13653075	5141833	0.164	0.062	7644926	5826686	1124640	1761928	4910112	4346229	944820	1001588	2734814	1480457	179820	760340	17710898	1083986	24	8963903	4883174	780685	255580	3908463	3055	13653051	5141833
2021-04-13	19371651	576767	503102	73665	14279340	1063484	4028803	14156177	5215498	0.170	0.063	7644926	5826686	1124640	1761928	4910112	4346229	944820	1001588	2734814	1480457	179820	760340	18091535	1280116	24	9328136	4951204	802463	261021	4025554	3249	14156153	5215498
2021-04-14	20146524	774873	691711	83162	14895769	1097021	4153710	14847888	5298660	0.179	0.064	7644926	5826686	1124640	1761928	4910112	4346229	944820	1001588	2734814	1480457	179820	760340	18492611	1653913	24	9870465	5025304	827496	269525	4149903	3807	14847864	5298660
2021-04-15	20826648	680124	609933	70191	15429712	1133227	4263684	15457822	5368851	0.186	0.065	7644926	5826686	1124640	1761928	4910112	4346229	944820	1001588	2734814	1480457	179820	760340	18877106	1949542	25	10343775	5085937	855089	278138	4258933	4751	15457797	5368851
2021-04-16	21423114	596466	522340	74126	15867826	1165762	4389501	15980162	5442977	0.192	0.065	7644926	5826686	1124640	1761928	4910112	4346229	944820	1001588	2734814	1480457	179820	760340	19278733	2144381	25	10716938	5150888	879253	286509	4383946	5555	15980137	5442977
2021-04-17	21789098	365984	309376	56608	16092702	1188444	4507927	16289538	5499585	0.196	0.066	7644926	5826686	1124640	1761928	4910112	4346229	944820	1001588	2734814	1480457	179820	760340	19622913	2166185	25	10893823	5198879	894802	293642	4500888	7039	16289513	5499585
2021-04-18	22058520	269422	230425	38997	16264741	1203827	4589927	16519963	5538582	0.199	0.067	7644926	5826686	1124640	1761928	4910112	4346229	944820	1001588	2734814	1480457	179820	760340	19887724	2170796	25	11031924	5232817	906293	297534	4581721	8206	16519938	5538582
2021-04-19	22460770	402250	340862	61388	16558551	1236747	4665446	16860826	5599970	0.203	0.067	7644926	5826686	1124640	1761928	4910112	4346229	944820	1001588	2734814	1480457	179820	760340	20245643	2215127	26	11273582	5284969	931296	305451	4655922	9524	16860800	5599970
2021-04-20	23021433	560663	497996	62667	16940480	1275963	4804964	17358822	5662637	0.209	0.068	7644926	5826686	1124640	1761928	4910112	4346229	944820	1001588	2734814	1480457	179820	760340	20611855	2409578	26	11601518	5338962	963918	312045	4793360	11604	17358796	5662637
2021-04-21	23742256	720823	647781	73042	17394715	1317658	5029857	18006603	5735679	0.217	0.069	7644926	5826686	1124640	1761928	4910112	4346229	944820	1001588	2734814	1480457	179820	760340	20993530	2748726	26	11993219	5401496	997555	320103	5015803	14054	18006577	5735679
2021-04-22	24380712	638456	571320	67136	17776432	1361308	5242946	18577923	5802815	0.223	0.070	7644926	5826686	1124640	1761928	4910112	4346229	944820	1001588	2734814	1480457	179820	760340	21364727	3015985	26	12319055	5457377	1033574	327734	5225268	17678	18577897	5802815
2021-04-23	24936876	556164	487300	68864	18129702	1404846	5402302	19065223	5871679	0.229	0.071	7644926	5826686	1124640	1761928	4910112	4346229	944820	1001588	2734814	1480457	179820	760340	21752696	3184180	26	12617494	5512208	1066629	338217	5381074	21228	19065197	5871679
2021-04-24	25302395	365519	306571	58948	18364676	1454186	5483507	19371794	5930627	0.233	0.071	7644926	5826686	1124640	1761928	4910112	4346229	944820	1001588	2734814	1480457	179820	760340	22101304	3201091	26	12811249	5553427	1100595	353591	5459924	23583	19371768	5930627
2021-04-25	25585257	282862	233819	49043	18552440	1487861	5544930	19605613	5979670	0.236	0.072	7644926	5826686	1124640	1761928	4910112	4346229	944820	1001588	2734814	1480457	179820	760340	22378352	3206905	26	12961616	5590824	1124406	363455	5519565	25365	19605587	5979670
2021-04-26	26018145	432888	358928	73960	18870332	1530333	5617385	19964610	6053630	0.240	0.073	7644926	5826686	1124640	1761928	4910112	4346229	944820	1001588	2734814	1480457	179820	760340	22724648	3293497	95	13217997	5652335	1158488	371845	5588030	29355	19964515	6053630
2021-04-27	26803456	785311	693417	91894	19547029	1581828	5674043	20658488	6145524	0.248	0.074	7644926	5826686	1124640	1761928	4910112	4346229	944820	1001588	2734814	1480457	179820	760340	23095079	3708377	556	13816856	5730173	1200860	380968	5640216	33827	20657932	6145524
2021-04-28	27926423	1122967	996013	126954	20555250	1642542	5727358	21655218	6272478	0.260	0.075	7644926	5826686	1124640	1761928	4910112	4346229	944820	1001588	2734814	1480457	179820	760340	23488963	4437460	1273	14716495	5838755	1249038	393504	5688412	38946	21653945	6272478
2021-04-29	28872347	945924	812514	133410	21379531	1706150	5784513	22468612	6405888	0.270	0.077	7644926	5826686	1124640	1761928	4910112	4346229	944820	1001588	2734814	1480457	179820	760340	23876819	4995528	2153	15428525	5951006	1300263	405887	5737671	46842	22466459	6405888
2021-04-30	29675951	803604	666589	137015	22057924	1763405	5851636	23136034	6542903	0.278	0.079	7644926	5826686	1124640	1761928	4910112	4346229	944820	1001588	2734814	1480457	179820	760340	24280577	5395374	2986	15995366	6062558	1342275	421130	5795407	56229	23133048	6542903
2021-05-01	30012224	336273	260023	76250	22310752	1804894	5891018	23398631	6619153	0.281	0.080	7644926	5826686	1124640	1761928	4910112	4346229	944820	1001588	2734814	1480457	179820	760340	24592200	5420024	5560	16186943	6123809	1377358	427536	5828770	62248	23393071	6619153
2021-05-02	30277213	264989	197609	67380	22506330	1842405	5921110	23598048	6686533	0.284	0.080	7644926	5826686	1124640	1761928	4910112	4346229	944820	1001588	2734814	1480457	179820	760340	24849534	5427679	7368	16326779	6179551	1409618	432787	5854283	66827	23590680	6686533
2021-05-03	30728864	451651	335298	116353	22824212	1912987	5982711	23934932	6802886	0.288	0.082	7644926	5826686	1124640	1761928	4910112	4346229	944820	1001588	2734814	1480457	179820	760340	25207325	5521539	8954	16553691	6270521	1467004	445983	5905283	77428	23925978	6802886
2021-05-04	31571433	842569	680863	161706	23450505	1976125	6132889	24618755	6964592	0.296	0.084	7644926	5826686	1124640	1761928	4910112	4346229	944820	1001588	2734814	1480457	179820	760340	25582642	5988791	11914	17048183	6402322	1516904	459221	6041754	91135	24606841	6964592
2021-05-05	32718135	1146702	914732	231970	24301392	2055091	6345268	25537957	7196562	0.307	0.087	7644926	5826686	1124640	1761928	4910112	4346229	944820	1001588	2734814	1480457	179820	760340	26003380	6714755	16384	17713979	6587413	1570365	484726	6237229	108039	25521573	7196562
2021-05-06	33708228	990093	766935	223158	24993961	2146987	6546702	26309086	7419720	0.316	0.089	7644926	5826686	1124640	1761928	4910112	4346229	944820	1001588	2734814	1480457	179820	760340	26418362	7289866	20578	18229424	6764537	1639872	507115	6419212	127490	26288508	7419720
2021-05-07	34598061	889833	651862	237971	25580926	2233678	6759026	26964801	7657691	0.324	0.092	7644926	5826686	1124640	1761928	4910112	4346229	944820	1001588	2734814	1480457	179820	760340	26864179	7733882	24431	18642484	6938442	1695599	538079	6602287	156739	26940370	7657691
2021-05-08	35023790	425729	271653	154076	25848583	2305456	6843603	27238171	7811767	0.328	0.094	7644926	5826686	1124640	1761928	4910112	4346229	944820	1001588	2734814	1480457	179820	760340	27229417	7794373	26148	18797246	7051337	1747543	557913	6667234	176369	27212023	7811767
2021-05-09	35309912	286122	183570	102552	26042472	2362006	6878220	27422807	7914319	0.330	0.095	7644926	5826686	1124640	1761928	4910112	4346229	944820	1001588	2734814	1480457	179820	760340	27504504	7805408	27214	18911869	7130603	1793297	568709	6690427	187793	27395593	7914319
2021-05-10	35899089	589177	395675	193502	26415616	2443707	7008823	27822211	8107821	0.335	0.097	7644926	5826686	1124640	1761928	4910112	4346229	944820	1001588	2734814	1480457	179820	760340	27904783	7994306	30943	19143259	7272357	1852828	590879	6795181	213642	27791268	8107821
2021-05-11	36984821	1085732	797909	287823	27241516	2523593	7185135	28623754	8395644	0.344	0.101	7644926	5826686	1124640	1761928	4910112	4346229	944820	1001588	2734814	1480457	179820	760340	28336820	8648001	34577	19736279	7505237	1910545	613048	6942353	242782	28589177	8395644
2021-05-12	38400477	1415656	1049204	366452	28334746	2615237	7410334	29678541	8762096	0.357	0.105	7644926	5826686	1124640	1761928	4910112	4346229	944820	1001588	2734814	1480457	179820	760340	28796493	9603984	40160	20533126	7801620	1971668	643569	7133587	276747	29638381	8762096
2021-05-13	38829705	429228	268391	160837	28650072	2682006	7454820	29949579	8922933	0.360	0.107	7644926	5826686	1124640	1761928	4910112	4346229	944820	1001588	2734814	1480457	179820	760340	29152242	9677463	42807	20720683	7929389	2023229	658777	7162860	291960	29906772	8922933
2021-05-14	39586105	756400	525933	230467	29195266	2746917	7593320	30483307	9153400	0.367	0.110	7644926	5826686	1124640	1761928	4910112	4346229	944820	1001588	2734814	1480457	179820	760340	29557305	10028800	50602	21085317	8109949	2072963	673954	7274425	318895	30432705	9153400
2021-05-15	39986128	400023	234505	165518	29474290	2807213	7649743	30722092	9318918	0.369	0.112	7644926	5826686	1124640	1761928	4910112	4346229	944820	1001588	2734814	1480457	179820	760340	29909662	10076466	54882	21241990	8232300	2116909	690304	7308311	341432	30667210	9318918
2021-05-16	40268694	282566	160592	121974	29674469	2859951	7674666	30887410	9440892	0.371	0.114	7644926	5826686	1124640	1761928	4910112	4346229	944820	1001588	2734814	1480457	179820	760340	30176223	10092471	59608	21348422	8326047	2159763	700188	7319617	355049	30827802	9440892
2021-05-17	40823958	555264	349251	206013	30012826	2945627	7796139	31246419	9646905	0.376	0.116	7644926	5826686	1124640	1761928	4910112	4346229	944820	1001588	2734814	1480457	179820	760340	30562169	10261789	69366	21541294	8471532	2221025	724602	7414734	381405	31177053	9646905
2021-05-18	41695891	871933	517308	354625	30602421	3046719	7969612	31771500	10001530	0.382	0.120	7644926	5826686	1124640	1761928	4910112	4346229	944820	1001588	2734814	1480457	179820	760340	30979098	10716793	77139	21840673	8761748	2293535	753184	7560153	409459	31694361	10001530
2021-05-19	42793438	1097547	563558	533989	31406494	3146795	8150892	32347176	10535519	0.389	0.127	7644926	5826686	1124640	1761928	4910112	4346229	944820	1001588	2734814	1480457	179820	760340	31396867	11396571	89257	22184669	9221825	2359776	787019	7713474	437418	32257919	10535519
2021-05-20	43740462	947024	455520	491504	32089630	3243265	8307468	32813538	11027023	0.395	0.133	7644926	5826686	1124640	1761928	4910112	4346229	944820	1001588	2734814	1480457	179820	760340	31812948	11927514	100099	22445588	9644042	2425286	817979	7842565	464903	32713439	11027023
2021-05-21	44591125	850663	405850	444813	32685528	3328932	8464744	33231210	11471836	0.400	0.138	7644926	5826686	1124640	1761928	4910112	4346229	944820	1001588	2734814	1480457	179820	760340	32240891	12350234	111921	22668070	10017458	2481660	847272	7969559	495185	33119289	11471836
2021-05-22	45064883	473758	214776	258982	32991636	3398433	8548615	33460264	11730818	0.402	0.141	7644926	5826686	1124640	1761928	4910112	4346229	944820	1001588	2734814	1480457	179820	760340	32585719	12479164	126199	22766454	10225182	2529965	868468	8037646	510969	33334065	11730818
2021-05-23	45349965	285082	124719	160363	33184563	3457821	8572518	33593847	11891181	0.404	0.143	7644926	5826686	1124640	1761928	4910112	4346229	944820	1001588	2734814	1480457	179820	760340	32852680	12497285	135063	22832081	10352482	2574262	883559	8052441	520077	33458784	11891181
2021-05-24	45675922	325957	141114	184843	33420266	3519372	8593179	33743003	12076024	0.406	0.145	7644926	5826686	1124640	1761928	4910112	4346229	944820	1001588	2734814	1480457	179820	760340	33163112	12512810	143105	22914672	10505594	2620816	898556	8064410	528769	33599898	12076024
2021-05-25	46331315	655393	272049	383344	33866871	3599043	8697185	34040163	12459368	0.409	0.150	7644926	5826686	1124640	1761928	4910112	4346229	944820	1001588	2734814	1480457	179820	760340	33559562	12771753	168216	23056374	10810497	2672262	926781	8143311	553874	33871947	12459368
2021-05-26	47510858	1179543	469465	710078	34751752	3681438	8831237	34587843	13169446	0.416	0.158	7644926	5826686	1124640	1761928	4910112	4346229	944820	1001588	2734814	1480457	179820	760340	33975690	13535168	246431	23371182	11380570	2724846	956592	8245384	585853	34341412	13169446
2021-05-27	48551418	1040560	404045	636515	35490744	3770323	8962804	35073004	13805961	0.422	0.166	7644926	5826686	1124640	1761928	4910112	4346229	944820	1001588	2734814	1480457	179820	760340	34394413	14157005	327547	23628977	11861767	2776465	993858	8340015	622789	34745457	13805961
2021-05-28	49454481	903063	356105	546958	36093616	3856383	9093188	35512856	14352919	0.427	0.173	7644926	5826686	1124640	1761928	4910112	4346229	944820	1001588	2734814	1480457	179820	760340	34829515	14624966	411294	23845672	12247944	2826977	1029406	8428913	664275	35101562	14352919
2021-05-29	49864533	410052	151631	258421	36355404	3918922	9151126	35692274	14611340	0.429	0.176	7644926	5826686	1124640	1761928	4910112	4346229	944820	1001588	2734814	1480457	179820	760340	35165158	14699375	439081	23925466	12429938	2863822	1055100	8463905	687221	35253193	14611340
2021-05-30	50147982	283449	97693	185756	36552472	3965926	9179476	35800994	14797096	0.430	0.178	7644926	5826686	1124640	1761928	4910112	4346229	944820	1001588	2734814	1480457	179820	760340	35426789	14721193	450108	23984663	12567809	2891160	1074766	8475063	704413	35350886	14797096
2021-05-31	50694184	546202	178175	368027	36919475	4033154	9248977	36021639	15165123	0.433	0.182	7644926	5826686	1124640	1761928	4910112	4346229	944820	1001588	2734814	1480457	179820	760340	35815222	14878962	492578	24096297	12823178	2918820	1114334	8513944	735033	35529061	15165123
2021-06-01	51681551	987367	399692	587675	37652534	4112570	9339370	36505830	15752798	0.439	0.189	7644926	5826686	1124640	1761928	4910112	4346229	944820	1001588	2734814	1480457	179820	760340	36212116	15469435	577077	24412271	13240263	2948463	1164107	8568019	771351	35928753	15752798
2021-06-02	52928064	1246513	516624	729889	38640977	4184798	9421540	37126126	16482687	0.446	0.198	7644926	5826686	1124640	1761928	4910112	4346229	944820	1001588	2734814	1480457	179820	760340	36618351	16309713	680749	24861535	13779442	2972886	1211912	8610956	810584	36445377	16482687
2021-06-03	53570323	642259	230329	411930	39115719	4248966	9471686	37409658	16894617	0.450	0.203	7644926	5826686	1124640	1761928	4910112	4346229	944820	1001588	2734814	1480457	179820	760340	36981197	16589126	733952	25041307	14074412	3002588	1246378	8631811	839875	36675706	16894617
2021-06-04	54380492	810169	291009	519160	39700616	4320181	9548527	37777883	17413777	0.454	0.209	7644926	5826686	1124640	1761928	4910112	4346229	944820	1001588	2734814	1480457	179820	760340	37388878	16991614	811168	25269177	14431439	3031277	1288904	8666261	882266	36966715	17413777
2021-06-05	54793204	412712	96223	316489	39971660	4387094	9592671	37904717	17730266	0.456	0.213	7644926	5826686	1124640	1761928	4910112	4346229	944820	1001588	2734814	1480457	179820	760340	37738046	17055158	841779	25328246	14643414	3057559	1329535	8677133	915538	37062938	17730266
2021-06-06	55085362	292158	59363	232795	40177351	4428085	9619905	37982322	17963061	0.457	0.216	7644926	5826686	1124640	1761928	4910112	4346229	944820	1001588	2734814	1480457	179820	760340	38000495	17084867	860021	25372120	14805231	3069530	1358555	8680651	939254	37122301	17963061
2021-06-07	55698396	613034	192508	420526	40578404	4513132	9692380	38229289	18383587	0.460	0.221	7644926	5826686	1124640	1761928	4910112	4346229	944820	1001588	2734814	1480457	179820	760340	38374245	17323248	914480	25505976	15072428	3097075	1416057	8711758	980622	37314809	18383587
2021-06-08	56748052	1049656	338417	711239	41421710	4588392	9755234	38635942	19094826	0.465	0.230	7644926	5826686	1124640	1761928	4910112	4346229	944820	1001588	2734814	1480457	179820	760340	38776080	17968865	982716	25785932	15635778	3123282	1465110	8744012	1011222	37653226	19094826
2021-06-09	58165384	1417332	443418	973914	42592244	4675529	9819185	39175070	20068740	0.471	0.241	7644926	5826686	1124640	1761928	4910112	4346229	944820	1001588	2734814	1480457	179820	760340	39202683	18956810	1078426	26168600	16423644	3151645	1523884	8776399	1042786	38096644	20068740
2021-06-10	59351692	1186308	400199	786109	43544561	4765327	9874939	39663708	20854849	0.477	0.251	7644926	5826686	1124640	1761928	4910112	4346229	944820	1001588	2734814	1480457	179820	760340	39637450	19705530	1166865	26509911	17034650	3183652	1581675	8803280	1071659	38496843	20854849
2021-06-11	60409100	1057408	359823	697585	44347249	4854342	9943897	40120278	21552434	0.482	0.259	7644926	5826686	1124640	1761928	4910112	4346229	944820	1001588	2734814	1480457	179820	760340	40079082	20318630	1263612	26812095	17535154	3211840	1642502	8832731	1111166	38856666	21552434
2021-06-12	60843620	434520	123220	311300	44631436	4926095	9987241	40278734	21863734	0.484	0.263	7644926	5826686	1124640	1761928	4910112	4346229	944820	1001588	2734814	1480457	179820	760340	40410505	20420893	1298848	26903569	17727867	3230546	1695549	8845771	1141470	38979886	21863734
2021-06-13	61126584	282964	64672	218292	44811306	4989601	10013039	40357196	22082026	0.485	0.266	7644926	5826686	1124640	1761928	4910112	4346229	944820	1001588	2734814	1480457	179820	760340	40657809	20456247	1312638	26947704	17863602	3246464	1743137	8850390	1162649	39044558	22082026
2021-06-14	61777627	651043	210716	440327	45238603	5090794	10080360	40623144	22522353	0.488	0.271	7644926	5826686	1124640	1761928	4910112	4346229	944820	1001588	2734814	1480457	179820	760340	41066341	20696780	1367870	27117287	18121316	3270061	1820733	8867926	1212434	39255274	22522353
2021-06-15	62818385	1040758	341847	698911	46031487	5195148	10164817	41024054	23221264	0.493	0.279	7644926	5826686	1124640	1761928	4910112	4346229	944820	1001588	2734814	1480457	179820	760340	41516920	21283470	1426933	27411180	18620307	3298409	1896739	8887532	1277285	39597121	23221264
2021-06-16	64192973	1374588	459565	915023	47127403	5301130	10261223	41559903	24136287	0.500	0.290	7644926	5826686	1124640	1761928	4910112	4346229	944820	1001588	2734814	1480457	179820	760340	41988935	22182018	1503217	27813281	19314122	3330378	1970752	8913027	1348196	40056686	24136287
2021-06-17	65332793	1139820	392236	747584	48003947	5404068	10353303	42020397	24883871	0.505	0.299	7644926	5826686	1124640	1761928	4910112	4346229	944820	1001588	2734814	1480457	179820	760340	42455185	22852215	1571475	28154089	19849858	3359536	2044532	8935297	1418006	40448922	24883871
2021-06-18	66318590	985797	339890	645907	48731167	5497756	10449366	42429113	25529778	0.510	0.307	7644926	5826686	1124640	1761928	4910112	4346229	944820	1001588	2734814	1480457	179820	760340	42907995	23382503	1640301	28441050	20290117	3390483	2107273	8957279	1492087	40788812	25529778
2021-06-19	66744804	426214	118848	307366	49003529	5579632	10500206	42569097	25837144	0.512	0.311	7644926	5826686	1124640	1761928	4910112	4346229	944820	1001588	2734814	1480457	179820	760340	43248468	23466988	1661437	28532619	20470910	3411238	2168394	8963803	1536403	40907660	25837144
2021-06-20	67039308	294504	67582	226922	49182105	5650932	10532024	42649489	26064066	0.513	0.313	7644926	5826686	1124640	1761928	4910112	4346229	944820	1001588	2734814	1480457	179820	760340	43513067	23496614	1674247	28581651	20600454	3427177	2223755	8966414	1565610	40975242	26064066
2021-06-21	67665498	626190	205636	420554	49589424	5748170	10617393	42891389	26484620	0.516	0.318	7644926	5826686	1124640	1761928	4910112	4346229	944820	1001588	2734814	1480457	179820	760340	43907707	23726147	1710511	28748605	20840819	3451904	2296266	8980369	1637024	41180878	26484620
2021-06-22	68734377	1068879	368552	700327	50426364	5843812	10719747	43293884	27184947	0.521	0.327	7644926	5826686	1124640	1761928	4910112	4346229	944820	1001588	2734814	1480457	179820	760340	44343882	24354112	1744454	29070682	21355682	3482191	2361621	8996557	1723190	41549430	27184947
2021-06-23	70060896	1326519	480953	845566	51507771	5939351	10835026	43809131	28030513	0.527	0.337	7644926	5826686	1124640	1761928	4910112	4346229	944820	1001588	2734814	1480457	179820	760340	44781464	25237778	1778748	29501583	22006188	3511774	2427577	9017026	1818000	42030383	28030513
2021-06-24	71088050	1027154	481811	545343	52297473	6026384	10945462	44330925	28575856	0.533	0.344	7644926	5826686	1124640	1761928	4910112	4346229	944820	1001588	2734814	1480457	179820	760340	45211169	25830883	1818731	29927130	22370343	3546837	2479547	9038227	1907235	42512194	28575856
2021-06-25	72000560	912510	373207	539303	52984149	6102596	11055251	44743965	29115159	0.538	0.350	7644926	5826686	1124640	1761928	4910112	4346229	944820	1001588	2734814	1480457	179820	760340	45636934	26314646	1858564	30254039	22730110	3573335	2529261	9058027	1997224	42885401	29115159
2021-06-26	72408615	408055	135080	272975	53237616	6171619	11127703	44892158	29388134	0.540	0.353	7644926	5826686	1124640	1761928	4910112	4346229	944820	1001588	2734814	1480457	179820	760340	45980638	26378225	1871677	30357372	22880244	3598874	2572745	9064235	2063468	43020481	29388134
2021-06-27	72700166	291551	89510	202041	53410220	6229686	11184463	44985788	29590175	0.541	0.356	7644926	5826686	1124640	1761928	4910112	4346229	944820	1001588	2734814	1480457	179820	760340	46246116	26403445	1875797	30424245	22985975	3618119	2611567	9067627	2116836	43109991	29590175
2021-06-28	73324622	624456	240440	384016	53807035	6319376	11298167	45250475	29974191	0.544	0.360	7644926	5826686	1124640	1761928	4910112	4346229	944820	1001588	2734814	1480457	179820	760340	46654078	26617843	1900044	30618737	23188298	3650339	2669037	9081355	2216812	43350431	29974191
2021-06-29	74251120	926498	384291	542207	54486247	6411910	11430778	45656907	30516398	0.549	0.367	7644926	5826686	1124640	1761928	4910112	4346229	944820	1001588	2734814	1480457	179820	760340	47079934	27113831	1922185	30958458	23527789	3683215	2728695	9093049	2337729	43734722	30516398
2021-06-30	75265784	1014664	445232	569432	55248304	6505604	11567138	46124692	31085830	0.555	0.374	7644926	5826686	1124640	1761928	4910112	4346229	944820	1001588	2734814	1480457	179820	760340	47505238	27697962	1944738	31354518	23893786	3717927	2787677	9107509	2459629	44179954	31085830
2021-07-01	76242011	976227	448347	527880	55986434	6588621	11699844	46595413	31613710	0.560	0.380	7644926	5826686	1124640	1761928	4910112	4346229	944820	1001588	2734814	1480457	179820	760340	47906896	28268207	1967112	31758893	24227541	3748391	2840230	9121017	2578827	44628301	31613710
2021-07-02	77081995	839984	375890	464094	56631723	6682940	11778864	46992659	32077804	0.565	0.386	7644926	5826686	1124640	1761928	4910112	4346229	944820	1001588	2734814	1480457	179820	760340	48301743	28709971	1988468	32093927	24537796	3780063	2902877	9130201	2648663	45004191	32077804
2021-07-03	77457852	375857	148012	227845	56886118	6762212	11805957	47155768	32305649	0.567	0.388	7644926	5826686	1124640	1761928	4910112	4346229	944820	1001588	2734814	1480457	179820	760340	48610603	28776252	2003565	32214578	24671540	3804641	2957571	9132984	2672973	45152203	32305649
2021-07-04	77730382	272530	92617	179913	57067412	6830348	11820479	47256963	32485562	0.568	0.391	7644926	5826686	1124640	1761928	4910112	4346229	944820	1001588	2734814	1480457	179820	760340	48855614	28803194	2012143	32287323	24780089	3823067	3007281	9134430	2686049	45244820	32485562
2021-07-05	78263622	533240	194588	338652	57451995	6924633	11860001	47466401	32824214	0.571	0.395	7644926	5826686	1124640	1761928	4910112	4346229	944820	1001588	2734814	1480457	179820	760340	49196799	28993153	2026993	32451596	25000399	3849036	3075597	9138776	2721225	45439408	32824214
2021-07-06	79036636	773014	268381	504633	58065420	7023441	11905174	47750390	33328847	0.574	0.401	7644926	5826686	1124640	1761928	4910112	4346229	944820	1001588	2734814	1480457	179820	760340	49536141	29423099	2042601	32690191	25375229	3874278	3149163	9143320	2761854	45707789	33328847
2021-07-07	80026132	989496	321851	667645	58889483	7118767	11956452	48091070	33996492	0.578	0.409	7644926	5826686	1124640	1761928	4910112	4346229	944820	1001588	2734814	1480457	179820	760340	49887408	30056482	2061430	32982076	25907407	3898846	3219921	9148718	2807734	46029640	33996492
2021-07-08	80866375	840243	261268	578975	59567322	7219466	11999005	48371490	34575467	0.582	0.416	7644926	5826686	1124640	1761928	4910112	4346229	944820	1001588	2734814	1480457	179820	760340	50228449	30551427	2080582	33216652	26350670	3921262	3298204	9152994	2846011	46290908	34575467
2021-07-09	81617021	750646	218024	532622	60156213	7317763	12042059	48609918	35108089	0.584	0.422	7644926	5826686	1124640	1761928	4910112	4346229	944820	1001588	2734814	1480457	179820	760340	50570055	30956968	2100986	33412407	26743806	3939093	3378670	9157432	2884627	46508932	35108089
2021-07-10	81959568	342547	95306	247241	60383824	7401886	12063131	48714965	35355330	0.586	0.425	7644926	5826686	1124640	1761928	4910112	4346229	944820	1001588	2734814	1480457	179820	760340	50843693	31025280	2110727	33488165	26895659	3957202	3444684	9158871	2904260	46604238	35355330
2021-07-11	82187285	227717	60925	166792	60529458	7465391	12073416	48784183	35522122	0.587	0.427	7644926	5826686	1124640	1761928	4910112	4346229	944820	1001588	2734814	1480457	179820	760340	51052116	31044204	2119020	33533853	26995605	3971972	3493419	9159338	2914078	46665163	35522122
2021-07-12	82650651	463366	149959	313407	60876107	7544067	12097408	48948191	35835529	0.589	0.431	7644926	5826686	1124640	1761928	4910112	4346229	944820	1001588	2734814	1480457	179820	760340	51317029	31240232	2133069	33653062	27223045	4000851	3543216	9161209	2936199	46815122	35835529
2021-07-13	83406278	755627	179011	576616	61499800	7621660	12131951	49147000	36412145	0.591	0.438	7644926	5826686	1124640	1761928	4910112	4346229	944820	1001588	2734814	1480457	179820	760340	51569397	31739362	2152867	33803845	27695955	4026817	3594843	9163471	2968480	46994133	36412145
2021-07-14	84374599	968321	201968	766353	62326905	7693202	12179004	49371589	37178498	0.594	0.447	7644926	5826686	1124640	1761928	4910112	4346229	944820	1001588	2734814	1480457	179820	760340	51843177	32429200	2175488	33980981	28345924	4047985	3645217	9167135	3011869	47196101	37178498
2021-07-15	85134217	759618	169636	589982	62955200	7763908	12217528	49563318	37768480	0.596	0.454	7644926	5826686	1124640	1761928	4910112	4346229	944820	1001588	2734814	1480457	179820	760340	52096684	32931568	2197581	34128572	28826628	4067158	3696750	9170007	3047521	47365737	37768480
2021-07-16	85784965	650748	149665	501083	63488715	7827705	12249424	49734523	38269563	0.598	0.460	7644926	5826686	1124640	1761928	4910112	4346229	944820	1001588	2734814	1480457	179820	760340	52346874	33328254	2219121	34259146	29229569	4084335	3743370	9171921	3077503	47515402	38269563
2021-07-17	86053255	268290	70134	198156	63661094	7890660	12265029	49822008	38467719	0.599	0.463	7644926	5826686	1124640	1761928	4910112	4346229	944820	1001588	2734814	1480457	179820	760340	52556787	33384580	2236472	34312813	29348281	4099925	3790735	9172798	3092231	47585536	38467719
2021-07-18	86250888	197633	58990	138643	63795750	7931415	12276316	49891933	38606362	0.600	0.464	7644926	5826686	1124640	1761928	4910112	4346229	944820	1001588	2734814	1480457	179820	760340	52725796	33412623	2247407	34362310	29433440	4109146	3822269	9173070	3103246	47644526	38606362
2021-07-19	86625004	374116	90361	283755	64087104	7980554	12295961	49996272	38890117	0.601	0.468	7644926	5826686	1124640	1761928	4910112	4346229	944820	1001588	2734814	1480457	179820	760340	52917871	33592649	2261385	34438470	29648634	4122049	3858505	9174368	3121593	47734887	38890117
2021-07-20	87219690	594686	125336	469350	64598757	8027757	12317772	50135627	39359467	0.603	0.473	7644926	5826686	1124640	1761928	4910112	4346229	944820	1001588	2734814	1480457	179820	760340	53130445	33970767	2275404	34545789	30052968	4137539	3890218	9176895	3140877	47860223	39359467
2021-07-21	87956139	736449	153253	583196	65254831	8072449	12340435	50301900	39942663	0.605	0.480	7644926	5826686	1124640	1761928	4910112	4346229	944820	1001588	2734814	1480457	179820	760340	53355500	34477235	2288424	34684643	30570188	4150349	3922100	9178484	3161951	48013476	39942663
2021-07-22	88554810	598671	119789	478882	65778992	8115389	12359197	50434497	40421545	0.606	0.486	7644926	5826686	1124640	1761928	4910112	4346229	944820	1001588	2734814	1480457	179820	760340	53569055	34857754	2301232	34793159	30985833	4160242	3955147	9179864	3179333	48133265	40421545
2021-07-23	89101424	546614	110962	435652	66249954	8156314	12377499	50561884	40857197	0.608	0.491	7644926	5826686	1124640	1761928	4910112	4346229	944820	1001588	2734814	1480457	179820	760340	53784817	35185498	2317657	34893156	31356798	4169903	3986411	9181168	3196331	48244227	40857197
2021-07-24	89303002	201578	50456	151122	66397354	8192874	12385150	50622307	41008319	0.609	0.493	7644926	5826686	1124640	1761928	4910112	4346229	944820	1001588	2734814	1480457	179820	760340	53930436	35239989	2327624	34935714	31461640	4177038	4015836	9181931	3203219	48294683	41008319
2021-07-25	89423820	120818	31212	89606	66479460	8223763	12388343	50658149	41097925	0.609	0.494	7644926	5826686	1124640	1761928	4910112	4346229	944820	1001588	2734814	1480457	179820	760340	54031410	35258381	2332254	34960604	31518856	4183253	4040510	9182038	3206305	48325895	41097925
2021-07-26	89737095	313275	68335	244940	66732711	8262012	12400491	50736111	41342865	0.610	0.497	7644926	5826686	1124640	1761928	4910112	4346229	944820	1001588	2734814	1480457	179820	760340	54194441	35406924	2341881	35018738	31713973	4192383	4069629	9183109	3217382	48394230	41342865
