date	dosen_kumulativ	dosen_differenz_zum_vortag	dosen_erst_differenz_zum_vortag	dosen_zweit_differenz_zum_vortag	dosen_biontech_kumulativ	dosen_moderna_kumulativ	dosen_astrazeneca_kumulativ	personen_erst_kumulativ	personen_voll_kumulativ	impf_quote_erst	impf_quote_voll	indikation_alter_dosen	indikation_beruf_dosen	indikation_medizinisch_dosen	indikation_pflegeheim_dosen	indikation_alter_erst	indikation_beruf_erst	indikation_medizinisch_erst	indikation_pflegeheim_erst	indikation_alter_voll	indikation_beruf_voll	indikation_medizinisch_voll	indikation_pflegeheim_voll	dosen_dim_kumulativ	dosen_kbv_kumulativ	dosen_johnson_kumulativ	dosen_biontech_erst_kumulativ	dosen_biontech_zweit_kumulativ	dosen_moderna_erst_kumulativ	dosen_moderna_zweit_kumulativ	dosen_astrazeneca_erst_kumulativ	dosen_astrazeneca_zweit_kumulativ	dosen_erst_kumulativ	dosen_zweit_kumulativ
2020-12-27	24097	24097	24084	13	24095	2	0	24084	13	0.000	0.000	10705	8657	1305	12604	10664	8590	1305	12536	41	67	0	68	24097	0	0	24082	13	2	0	0	0	24084	13
2020-12-28	42096	17999	17837	162	42094	2	0	41921	175	0.001	0.000	18621	15788	1991	21344	18580	15721	1991	21276	41	67	0	68	42096	0	0	41919	175	2	0	0	0	41921	175
2020-12-29	92117	50021	49287	734	92114	2	1	91208	909	0.001	0.000	34989	40734	3107	40508	34724	40420	3107	40099	265	314	0	409	92117	0	0	91205	909	2	0	1	0	91208	909
2020-12-30	155609	63492	63354	138	155606	2	1	154562	1047	0.002	0.000	55510	73365	4901	63206	55243	73050	4901	62794	267	315	0	412	155609	0	0	154559	1047	2	0	1	0	154562	1047
2020-12-31	205302	49693	49604	89	205299	2	1	204166	1136	0.002	0.000	72831	96719	6752	83965	72517	96367	6752	83476	314	352	0	489	205302	0	0	204163	1136	2	0	1	0	204166	1136
2021-01-01	230652	25350	25341	9	230641	7	4	229507	1145	0.003	0.000	81208	105449	7830	92301	80894	105097	7830	91812	314	352	0	489	230652	0	0	229497	1144	7	0	3	1	229507	1145
2021-01-02	278601	47949	47663	286	278590	7	4	277170	1431	0.003	0.000	102774	129731	10350	113258	102365	129304	10350	112629	409	427	0	629	278601	0	0	277160	1430	7	0	3	1	277170	1431
2021-01-03	301011	22410	22405	5	300999	8	4	299575	1436	0.004	0.000	113044	140227	11284	123279	112635	139800	11284	122650	409	427	0	629	301011	0	0	299564	1435	8	0	3	1	299575	1436
2021-01-04	346837	45826	45730	96	346824	9	4	345305	1532	0.004	0.000	129646	164913	13951	139091	129237	164486	13951	138462	409	427	0	629	346837	0	0	345293	1531	9	0	3	1	345305	1532
2021-01-05	398807	51970	51633	337	398793	10	4	396938	1869	0.005	0.000	147987	192565	16489	157656	147576	192117	16489	157025	411	448	0	631	398807	0	0	396925	1868	10	0	3	1	396938	1869
2021-01-06	461265	62458	62366	92	461242	16	7	459304	1961	0.006	0.000	169498	225530	19910	180812	169086	225082	19910	180181	412	448	0	631	461265	0	0	459283	1959	16	0	5	2	459304	1961
2021-01-07	515227	53962	53941	21	515199	19	9	513245	1982	0.006	0.000	189172	254868	22957	197233	188758	254418	22957	196600	414	450	0	633	515227	0	0	513219	1980	19	0	7	2	513245	1982
2021-01-08	576884	61657	61549	108	576804	70	10	574794	2090	0.007	0.000	211521	287315	26324	218219	211009	286711	26320	217449	512	604	4	770	576884	0	0	574716	2088	70	0	8	2	574794	2090
2021-01-09	636854	59970	59822	148	636770	73	11	634616	2238	0.008	0.000	237322	313238	29007	243325	236798	312599	29003	242545	524	639	4	780	636854	0	0	634535	2235	73	0	8	3	634616	2238
2021-01-10	672106	35252	35103	149	672014	81	11	669719	2387	0.008	0.000	252455	327794	30379	256315	251929	327151	30375	255535	526	643	4	780	672106	0	0	669631	2383	80	1	8	3	669719	2387
2021-01-11	739607	67501	67399	102	739500	94	13	737118	2489	0.009	0.000	277513	359176	33587	276774	276967	358513	33583	275968	546	663	4	806	739607	0	0	737021	2479	87	7	10	3	737118	2489
2021-01-12	817876	78269	78205	64	817753	109	14	815323	2553	0.010	0.000	305695	401338	36582	301731	305147	400670	36578	300888	548	668	4	843	817876	0	0	815211	2542	102	7	10	4	815323	2553
2021-01-13	928814	110938	110737	201	927522	1278	14	926060	2754	0.011	0.000	345167	458844	40485	337339	344574	458093	40466	336399	593	751	19	940	928814	0	0	924779	2743	1271	7	10	4	926060	2754
2021-01-14	1012143	83329	83107	222	1005702	6427	14	1009167	2976	0.012	0.000	374803	501101	42769	361463	374094	500254	42750	360452	709	847	19	1011	1012143	0	0	1002781	2921	6376	51	10	4	1009167	2976
2021-01-15	1102765	90622	89777	845	1091053	11693	19	1098944	3821	0.013	0.000	408725	545673	46728	389202	407810	544625	46700	387982	915	1048	28	1220	1102765	0	0	1087287	3766	11642	51	15	4	1098944	3821
2021-01-16	1160123	57358	56337	1021	1146731	13372	20	1155281	4842	0.014	0.000	432983	570627	48859	408798	431664	569232	48767	407047	1319	1395	92	1751	1160123	0	0	1141944	4787	13321	51	16	4	1155281	4842
2021-01-17	1207705	47582	29788	17794	1193050	14633	21	1185070	22636	0.014	0.000	453449	591002	50884	428544	444215	583354	50014	417145	9234	7648	870	11399	1207705	0	1	1170470	22580	14582	51	17	4	1185069	22636
2021-01-18	1289612	81907	66167	15740	1270814	18775	22	1251237	38376	0.015	0.000	482728	633883	53106	448900	467235	619730	51700	430238	15493	14153	1406	18662	1289612	0	1	1232496	38318	18722	53	18	4	1251236	38376
2021-01-19	1408412	118800	82354	36446	1385945	22436	30	1333591	74822	0.016	0.001	519765	695968	56714	479843	492669	666683	54375	447938	27096	29285	2339	31905	1408412	0	1	1311185	74760	22379	57	26	4	1333590	74822
2021-01-20	1540774	132362	77792	54570	1515562	25178	33	1411383	129392	0.017	0.002	568076	760039	60957	522078	522876	706310	57505	469463	45200	53729	3452	52615	1540774	0	1	1386232	129330	25121	57	29	4	1411382	129392
2021-01-21	1645754	104980	63666	41314	1617801	27918	34	1475049	170706	0.018	0.002	610150	808503	65406	556195	549621	735602	60889	487988	60529	72901	4517	68207	1645754	0	1	1447159	170642	27860	58	29	5	1475048	170706
2021-01-22	1747381	101627	68053	33574	1717234	30104	42	1543102	204280	0.019	0.002	654049	853889	69013	590642	579902	764987	63599	506975	74147	88902	5414	83667	1747381	0	1	1513023	204211	30041	63	37	5	1543101	204280
2021-01-23	1833959	86578	40463	46115	1803455	30458	45	1583565	250395	0.019	0.003	691767	890989	72414	617916	599855	780966	64783	516268	91912	110023	7631	101648	1833959	0	1	1553130	250325	30394	64	40	5	1583564	250395
2021-01-24	1881256	47297	25463	21834	1850550	30656	49	1609028	272229	0.019	0.003	715655	910067	73331	632982	614016	789814	65130	521524	101639	120253	8201	111458	1881256	0	1	1578391	272159	30592	64	44	5	1609027	272229
2021-01-25	1972300	91044	52276	38768	1940175	32072	52	1661304	310997	0.020	0.004	756375	951632	76827	658117	642321	811974	66847	534304	114054	139658	9980	123813	1972300	0	1	1629251	310924	32005	67	47	5	1661303	310997
2021-01-26	2069836	97536	50634	46902	2036270	33506	59	1711938	357899	0.021	0.004	796572	997196	80614	684405	667753	831436	68195	545278	128819	165760	12419	139127	2069836	0	1	1678448	357822	33435	71	54	5	1711937	357899
2021-01-27	2179213	109377	50819	58558	2143852	35292	67	1762758	416457	0.021	0.005	839834	1049509	85786	715259	691463	852265	70042	556304	148371	197244	15744	158955	2179213	0	2	1727485	416367	35209	83	62	5	1762756	416457
2021-01-28	2271665	92452	46573	45879	2234673	36920	70	1809331	462336	0.022	0.006	877990	1090332	89974	739697	713483	869115	71590	567469	164507	221217	18384	172228	2271665	0	2	1772515	462158	36749	171	65	5	1809329	462336
2021-01-29	2379437	107772	49989	57783	2340958	38400	77	1859320	520119	0.022	0.006	920894	1138243	95507	769100	735839	888487	73819	578309	185055	249756	21688	190791	2379437	0	2	1821018	519940	38228	172	72	5	1859318	520119
2021-01-30	2467447	88010	34362	53648	2428086	39280	79	1893682	573767	0.023	0.007	957412	1174692	99468	796433	752473	901967	75224	586328	204939	272725	24244	210105	2467447	0	2	1854501	573585	39106	174	73	6	1893680	573767
2021-01-31	2524312	56865	25752	31113	2484570	39656	84	1919434	604880	0.023	0.007	982865	1196922	101575	812430	766590	910861	76411	592657	216275	286061	25164	219773	2524312	0	2	1879881	604689	39474	182	77	7	1919432	604880
2021-02-01	2643837	119525	57964	61561	2601836	41864	135	1977398	666441	0.024	0.008	1026174	1260299	105285	839830	787193	944041	78273	602425	238981	316258	27012	237405	2643837	0	2	1935588	666248	41680	184	128	7	1977396	666441
2021-02-02	2776014	132177	64966	67211	2730938	44926	148	2042364	733652	0.025	0.009	1069633	1330364	110479	870030	806216	982089	80866	611659	263417	348275	29613	258371	2776014	0	2	1997480	733458	44741	185	141	7	2042362	733652
2021-02-03	2937940	161926	64098	97828	2886509	51254	174	2106463	831480	0.025	0.010	1128983	1407775	116405	912544	829819	1014401	83062	623312	299164	393374	33343	289232	2937940	0	3	2055230	831279	51063	191	167	7	2106460	831480
2021-02-04	3071811	133871	61729	72142	3014543	57086	179	2168192	903622	0.026	0.011	1177986	1472437	120972	943857	851937	1046473	85311	632945	326049	425964	35661	310912	3071811	0	3	2111125	903418	56892	194	172	7	2168189	903622
2021-02-05	3218488	146677	68904	77773	3154763	63535	187	2237096	981395	0.027	0.012	1232524	1542580	126293	977786	877231	1080338	86905	644262	355293	462242	39388	333524	3218488	0	3	2173707	981056	63207	328	179	8	2237093	981395
2021-02-06	3312206	93718	45403	48315	3245854	66161	188	2282499	1029710	0.027	0.012	1272514	1588658	130853	1003590	896490	1101898	88782	653957	376024	486760	42071	349633	3312206	0	3	2216483	1029371	65833	328	180	8	2282496	1029710
2021-02-07	3365519	53313	28264	25049	3296838	68487	190	2310764	1054759	0.028	0.013	1298155	1609930	133571	1016823	910800	1112720	90015	659435	387355	497210	43556	357388	3365519	0	4	2242420	1054418	68158	329	182	8	2310760	1054759
2021-02-08	3474461	108942	52867	56075	3401929	72309	218	2363632	1110834	0.028	0.013	1350672	1655734	137545	1035599	942269	1129343	91902	666781	408403	526391	45643	368818	3474461	0	5	2291439	1110490	71978	331	210	8	2363627	1110834
2021-02-09	3608497	134036	60198	73838	3532418	75743	331	2423830	1184672	0.029	0.014	1411842	1714380	141993	1058512	978151	1147503	94639	674792	433691	566877	47354	383720	3608497	0	5	2348280	1184138	75222	521	323	8	2423825	1184672
2021-02-10	3762880	154383	77319	77064	3674231	79978	8666	2501149	1261736	0.030	0.015	1478760	1781046	146001	1087933	1017461	1175177	96286	685176	461299	605869	49715	402757	3762880	0	5	2414022	1260209	78476	1502	8646	20	2501144	1261736
2021-02-11	3906630	143750	75244	68506	3794392	87245	24986	2576395	1330242	0.031	0.016	1539776	1848576	151475	1113070	1052428	1208053	98713	694775	487348	640523	52762	418295	3906630	0	7	2468725	1325667	82711	4534	24952	34	2576388	1330242
2021-02-12	4061729	155099	79525	75574	3925967	96543	39209	2655923	1405816	0.032	0.017	1611268	1919253	157751	1138545	1094198	1240389	101429	704318	517070	678864	56322	434227	4061729	0	10	2529778	1396189	87283	9260	38852	357	2655913	1405816
2021-02-13	4169105	107376	61920	45456	4016737	99800	52557	2717844	1451272	0.033	0.017	1667599	1960972	162355	1156080	1129093	1262877	103231	711418	538506	698095	59124	444662	4169105	0	11	2576645	1440092	88995	10805	52193	364	2717833	1451272
2021-02-14	4234314	65209	39496	25713	4072225	102274	59803	2757341	1476985	0.033	0.018	1706122	1983696	163973	1164146	1153761	1276081	104081	714928	552361	707615	59892	449218	4234314	0	12	2607646	1464579	90265	12009	59418	385	2757329	1476985
2021-02-15	4359580	125266	69524	55742	4176805	107503	75259	2826866	1532727	0.034	0.018	1773591	2031897	168008	1183418	1194859	1300739	106358	721524	578732	731158	61650	461894	4359580	0	13	2659460	1517345	92537	14966	74856	403	2826853	1532727
2021-02-16	4493690	134110	77763	56347	4285204	113622	94850	2904630	1589074	0.035	0.019	1839625	2089928	170683	1200400	1236633	1336138	107879	728440	602992	753790	62804	471960	4493690	0	14	2714919	1570285	95262	18360	94435	415	2904616	1589074
2021-02-17	4644454	150764	94458	56306	4407214	121621	115604	2999089	1645380	0.036	0.020	1920033	2147919	175770	1221928	1292995	1368705	110873	736858	627038	779214	64897	485070	4644454	0	15	2783823	1623391	100075	21546	115176	428	2999074	1645380
2021-02-18	4788707	144253	91264	52989	4519402	129844	139445	3090354	1698369	0.037	0.020	1995907	2206102	179208	1240945	1345328	1403985	112659	744258	650579	802117	66549	496687	4788707	0	16	2846568	1672834	104757	25087	139013	432	3090338	1698369
2021-02-19	4947041	158334	102776	55558	4640357	139805	166862	3193131	1753927	0.038	0.021	2076668	2266444	184080	1258305	1402958	1440066	115287	750941	673710	826378	68793	507364	4947041	0	17	2915082	1725275	111708	28097	166324	538	3193114	1753927
2021-02-20	5059105	112064	75796	36268	4726734	144269	188084	3268928	1790195	0.039	0.022	2138268	2310157	187738	1272296	1445964	1469322	117533	755178	692304	840835	70205	517118	5059105	0	18	2965634	1761100	115740	28529	187536	548	3268910	1790195
2021-02-21	5144904	85799	57419	28380	4793243	147910	203732	3326348	1818575	0.040	0.022	2187054	2340674	190304	1282667	1479917	1489494	118664	757407	707137	851180	71640	525260	5144904	0	19	3003929	1789314	119222	28688	203178	554	3326329	1818575
2021-02-22	5300236	155332	97584	57748	4915966	156903	227347	3423933	1876323	0.041	0.023	2266701	2410287	195201	1300517	1538362	1525084	121627	763642	728339	885203	73574	536875	5300236	0	20	3070685	1845281	126447	30456	226781	566	3423913	1876323
2021-02-23	5469880	169644	109165	60479	5049554	164112	256193	3533099	1936802	0.042	0.023	2346910	2483166	200501	1318387	1598211	1563793	124757	771284	748699	919373	75744	547103	5469880	0	21	3145465	1904089	131998	32114	255615	578	3533078	1936802
2021-02-24	5645529	175649	116509	59140	5180940	171722	292845	3649609	1995942	0.044	0.024	2431789	2557990	207079	1337422	1660503	1608669	128907	778912	771286	949321	78172	558510	5645529	0	22	3219415	1961525	137923	33799	292249	596	3649587	1995942
2021-02-25	5834248	188719	129754	58965	5312054	178481	343691	3779363	2054907	0.045	0.025	2514175	2648479	213515	1355541	1722988	1667176	133470	787131	791187	981303	80045	568410	5834248	0	22	3293106	2018948	143153	35328	343082	609	3779341	2054907
2021-02-26	6046549	212301	145463	66838	5452724	187313	406490	3924826	2121745	0.047	0.026	2602819	2749814	220591	1375230	1787946	1735795	138593	794627	814873	1014019	81998	580603	6046549	0	22	3368627	2084097	150369	36944	405808	682	3924804	2121745
2021-02-27	6194265	147716	107826	39890	5545377	191395	457471	4032652	2161635	0.048	0.026	2666475	2822116	227301	1388101	1833818	1790224	143432	799030	832657	1031892	83869	589071	6194265	0	22	3422130	2123247	153719	37676	456781	690	4032630	2161635
2021-02-28	6297100	102835	78769	24066	5606656	195350	495071	4111422	2185701	0.049	0.026	2714700	2875405	231582	1394762	1868893	1834535	146785	801170	845807	1040870	84797	593592	6297100	0	23	3459716	2146940	157321	38029	494362	709	4111399	2185701
2021-03-01	6495201	198101	148279	49822	5736806	204973	553399	4259701	2235523	0.051	0.027	2817221	2953369	239381	1408021	1943445	1896228	153263	806209	873776	1057141	86118	601812	6495201	0	23	3542081	2194725	164923	40050	552674	725	4259678	2235523
2021-03-02	6713774	218573	166474	52099	5876568	214962	622221	4426175	2287622	0.053	0.028	2927307	3047588	248982	1422628	2022735	1971725	160632	812692	904572	1075863	88350	609936	6713774	0	23	3632640	2243928	172038	42924	621474	747	4426152	2287622
2021-03-03	6960038	246264	175788	70476	6033537	229912	696566	4601963	2358098	0.055	0.028	3047976	3148969	260606	1439862	2105531	2048823	170041	819606	942445	1100146	90565	620256	6960038	0	23	3725085	2308452	181111	48801	695744	822	4601940	2358098
2021-03-04	7204711	244673	181833	62840	6174628	244379	785681	4783796	2420938	0.058	0.029	3159240	3258741	272992	1455625	2181653	2136963	180034	825002	977587	1121778	92958	630623	7204711	0	23	3808773	2365855	190185	54194	784815	866	4783773	2420938
2021-03-05	7480540	275829	207287	68542	6324115	257744	898657	4991084	2489480	0.060	0.030	3277185	3383782	287941	1471072	2258903	2242620	191990	830697	1018282	1141162	95951	640375	7480540	0	24	3895729	2428386	197590	60154	897741	916	4991060	2489480
2021-03-06	7682225	201685	153037	48648	6433338	266184	982679	5144121	2538128	0.062	0.031	3366696	3478463	298371	1480590	2314602	2325555	200824	833966	1052094	1152908	97547	646624	7682225	0	24	3958563	2474775	203792	62392	981742	937	5144097	2538128
2021-03-07	7829760	147535	114050	33485	6513080	272838	1043818	5258171	2571613	0.063	0.031	3437978	3544531	306478	1486155	2360956	2383880	208082	835928	1077022	1160651	98396	650227	7829760	0	24	4007176	2505904	208110	64728	1042861	957	5258147	2571613
2021-03-08	8067214	237454	185863	51591	6646986	283792	1136412	5444034	2623204	0.065	0.032	3556806	3640371	322827	1498475	2442587	2468035	222757	841890	1114219	1172336	100070	656585	8067214	0	24	4092894	2554092	215702	68090	1135414	998	5444010	2623204
2021-03-09	8319425	252211	197362	54849	6787088	296575	1235738	5641396	2678053	0.068	0.032	3677710	3742787	340236	1512022	2524321	2558568	238262	848791	1153389	1184219	101974	663231	8319425	0	24	4181684	2605404	225013	71562	1234675	1063	5641372	2678053
2021-03-10	8607747	288322	221283	67039	6946169	308753	1352800	5862680	2745092	0.070	0.033	3808598	3856306	360962	1530389	2606688	2661880	256906	860000	1201910	1194426	104056	670389	8606776	971	25	4277339	2668830	233632	75121	1351684	1116	5862655	2745092
2021-03-11	8891987	284240	223348	60892	7093799	322471	1475692	6086028	2805984	0.073	0.034	3937470	3976178	382106	1544008	2689957	2769533	276555	867677	1247513	1206645	105551	676331	8890361	1626	25	4368483	2725316	243002	79469	1474518	1174	6086003	2805984
2021-03-12	9218459	326472	255608	70864	7245382	339765	1633287	6341636	2876848	0.076	0.035	4071484	4127850	404783	1559463	2770420	2906954	297406	877132	1301064	1220896	107377	682331	9216623	1836	25	4453997	2791385	255703	84062	1631911	1376	6341611	2876848
2021-03-13	9459064	240605	190326	50279	7361395	349334	1748310	6531962	2927127	0.079	0.035	4181046	4240796	425293	1567511	2840453	3011727	316755	881879	1340593	1229069	108538	685632	9457072	1992	25	4521184	2840211	263931	85403	1746822	1488	6531937	2927127
2021-03-14	9629126	170062	134381	35681	7449460	354846	1824795	6666343	2962808	0.080	0.036	4266043	4307307	441408	1570975	2896461	3072888	331859	883676	1369582	1234419	109549	687299	9627124	2002	25	4574564	2874896	268468	86378	1823286	1509	6666318	2962808
2021-03-15	9876783	247657	188432	59225	7602218	367583	1906957	6854775	3022033	0.082	0.036	4400463	4391447	461474	1582289	2984151	3147219	350790	890548	1416312	1244228	110684	691741	9874498	2285	25	4669885	2932333	279506	88077	1905359	1598	6854750	3022033
2021-03-16	10055687	178904	110739	68165	7768856	378834	1907972	6965514	3090198	0.084	0.037	4527474	4426082	473886	1593025	3059300	3169255	361553	895647	1468174	1256827	112333	697378	10052855	2832	25	4770847	2998009	288272	90562	1906370	1602	6965489	3090198
2021-03-17	10260639	204952	124026	80926	7955074	396825	1908715	7089540	3171124	0.085	0.038	4672447	4463838	487350	1605072	3141952	3193652	373040	902175	1530495	1270186	114310	702897	10257190	3449	25	4880951	3074123	301456	95369	1907108	1607	7089515	3171124
2021-03-18	10454167	193528	117948	75580	8129281	414988	1909873	7207488	3246704	0.087	0.039	4812398	4498757	499905	1615322	3222615	3215628	383588	907340	1589783	1283129	116317	707982	10450295	3872	25	4984780	3144501	314418	100570	1908265	1608	7207463	3246704
2021-03-19	10698882	244715	160561	84154	8314667	435776	1948414	7368049	3330858	0.089	0.040	4961948	4563922	518114	1627194	3306761	3267408	399605	914537	1655187	1296514	118509	712657	10694479	4403	25	5092876	3221791	328399	107377	1946749	1665	7368024	3330858
2021-03-20	10919141	220259	166994	53265	8450046	451071	2017999	7535043	3384123	0.091	0.041	5078536	4641917	537715	1633319	3379545	3337212	417708	917920	1698991	1304705	120007	715399	10914414	4727	25	5178853	3271193	339861	111210	2016304	1695	7535018	3384123
2021-03-21	11083637	164496	126305	38191	8552220	460265	2071127	7661348	3422314	0.092	0.041	5171749	4694283	554274	1635819	3440184	3384099	433219	919244	1731565	1310184	121055	716575	11078910	4727	25	5246106	3306114	345811	114454	2069406	1721	7661323	3422314
2021-03-22	11352814	269177	192785	76392	8718633	484075	2150081	7854133	3498706	0.094	0.042	5329624	4766248	576579	1645397	3534739	3445389	453483	925279	1794885	1320859	123096	720118	11346559	6255	25	5343581	3375052	362221	121854	2148306	1775	7854108	3498706
2021-03-23	11653555	300741	216898	83843	8900089	503807	2249634	8071031	3582549	0.097	0.043	5490190	4854892	604288	1656865	3629814	3521119	478432	932910	1860376	1333773	125856	723955	11642312	11243	25	5446223	3453866	376980	126827	2247803	1831	8071006	3582549
2021-03-24	11992595	339040	249432	89608	9100236	536843	2355491	8320463	3672157	0.100	0.044	5664852	4952071	635971	1672375	3732242	3605792	507202	944863	1932610	1346279	128769	727512	11975560	17035	25	5562143	3538093	404710	132133	2353585	1906	8320438	3672157
2021-03-25	12325282	332687	251528	81159	9285769	564530	2474958	8571991	3753316	0.103	0.045	5830941	5060081	670798	1683452	3832663	3703768	539527	951994	1998278	1356313	131271	731458	12302302	22980	25	5672200	3613569	426826	137704	2472940	2018	8571966	3753316
2021-03-26	12699110	373828	285410	88418	9485359	601719	2612006	8857402	3841734	0.107	0.046	6003833	5184282	710463	1698535	3933360	3816071	576057	962322	2070473	1368211	134406	736213	12669816	29294	26	5790170	3695189	457311	144408	2609895	2111	8857376	3841734
2021-03-27	12980333	281223	218888	62335	9634919	629337	2716050	9076291	3904069	0.109	0.047	6147056	5279869	744190	1703356	4023632	3903670	607441	965464	2123424	1376199	136749	737892	12948689	31644	27	5880562	3754357	481819	147518	2713883	2167	9076264	3904069
2021-03-28	13176755	196422	143158	53264	9750288	647841	2778599	9219449	3957333	0.111	0.048	6253046	5333384	768116	1706823	4085867	3950861	629648	967502	2167179	1382523	138468	739321	13144920	31835	27	5945992	3804296	497049	150792	2776381	2218	9219422	3957333
2021-03-29	13482338	305583	216979	88604	9939032	672818	2870461	9436428	4045937	0.113	0.049	6418833	5404751	806706	1716518	4180272	4010842	665103	973637	2238561	1393909	141603	742881	13444555	37783	27	6052995	3886037	515224	157594	2868182	2279	9436401	4045937
2021-03-30	13811370	329032	236431	92601	10157729	697235	2956379	9672859	4138538	0.116	0.050	6591913	5474211	853024	1727240	4280843	4069380	706095	981320	2311070	1404831	146929	745920	13761451	49919	27	6185608	3972121	533184	164051	2954040	2339	9672832	4138538
2021-03-31	14147583	336213	234707	101506	10405221	733280	3009055	9907566	4240044	0.119	0.051	6774517	5538855	899988	1738789	4384637	4121392	747318	988525	2389880	1417463	152670	750264	14081349	66234	27	6339596	4065625	561262	172018	3006681	2374	9907539	4240044
2021-04-01	14474220	326637	235932	90705	10644111	765732	3064350	10143498	4330749	0.122	0.052	6936269	5606629	944397	1747554	4476928	4175958	787230	994147	2459341	1430671	157167	753407	14387907	86313	27	6495720	4148391	585817	179915	3061934	2416	10143471	4330749
2021-04-02	14699914	225694	157713	67981	10823644	780121	3096122	10301211	4398730	0.124	0.053	7067172	5654574	981393	1749910	4552089	4213818	820223	995356	2515083	1440756	161170	754554	14612077	87837	27	6611640	4212004	595865	184256	3093679	2443	10301184	4398730
2021-04-03	14931750	231836	167465	64371	10997791	795921	3138011	10468676	4463101	0.126	0.054	7198861	5698683	1018737	1753036	4633025	4248782	853330	997097	2565836	1449901	165407	755939	14842514	89236	27	6726301	4271490	606818	189103	3135530	2481	10468649	4463101
2021-04-04	15124688	192938	142570	50368	11129989	805983	3188689	10611246	4513469	0.128	0.054	7309766	5731715	1048001	1754173	4704262	4274251	879171	997551	2605504	1457464	168830	756622	15035316	89372	27	6812064	4317925	612990	192993	3186165	2524	10611219	4513469
2021-04-05	15372519	247831	177618	70213	11294978	823849	3253665	10788864	4583682	0.130	0.055	7456036	5770066	1081529	1756372	4794323	4302940	907924	998846	2661713	1467126	173605	757526	15281837	90682	27	6911652	4383326	626076	197773	3251109	2556	10788837	4583682
2021-04-06	15746251	373732	279027	94705	11549934	856065	3340223	11067893	4678387	0.133	0.056	7644926	5826686	1124640	1761928	4910112	4346229	944820	1001588	2734814	1480457	179820	760340	15618942	127309	29	7080666	4469268	649599	206466	3337599	2624	11067864	4678387
2021-04-07	16414307	668056	571688	96368	12092128	893099	3429051	11639581	4774755	0.140	0.057	7644926	5826686	1124640	1761928	4910112	4346229	944820	1001588	2734814	1480457	179820	760340	15981334	432973	29	7535179	4556949	678029	215070	3426344	2707	11639552	4774755
2021-04-08	17113085	698778	611106	87672	12663611	928730	3520715	12250687	4862427	0.147	0.058	7644926	5826686	1124640	1761928	4910112	4346229	944820	1001588	2734814	1480457	179820	760340	16355234	757851	29	8028043	4635568	704688	224042	3517927	2788	12250658	4862427
2021-04-09	17744923	631838	542936	88902	13153858	965297	3625739	12793623	4951329	0.154	0.060	7644926	5826686	1124640	1761928	4910112	4346229	944820	1001588	2734814	1480457	179820	760340	16747569	997354	29	8440904	4712954	729821	235476	3622869	2870	12793594	4951329
2021-04-10	18117500	372577	307521	65056	13402348	988517	3726606	13101144	5016385	0.158	0.060	7644926	5826686	1124640	1761928	4910112	4346229	944820	1001588	2734814	1480457	179820	760340	17087100	1030400	29	8632083	4770265	745359	243158	3723673	2933	13101115	5016385
2021-04-11	18381416	263916	213595	50321	13572718	1007183	3801486	13314739	5066706	0.160	0.061	7644926	5826686	1124640	1761928	4910112	4346229	944820	1001588	2734814	1480457	179820	760340	17345937	1035479	29	8756155	4816563	760078	247105	3798477	3009	13314710	5066706
2021-04-12	18799945	418529	342152	76377	13851582	1036369	3911964	13656892	5143083	0.164	0.062	7644926	5826686	1124640	1761928	4910112	4346229	944820	1001588	2734814	1480457	179820	760340	17715959	1083986	30	8967169	4884413	780791	255578	3908902	3062	13656862	5143083
2021-04-13	19376754	576809	503136	73673	14283861	1063587	4029276	14160028	5216756	0.170	0.063	7644926	5826686	1124640	1761928	4910112	4346229	944820	1001588	2734814	1480457	179820	760340	18096638	1280116	30	9331410	4952451	802568	261019	4026020	3256	14159998	5216756
2021-04-14	20151677	774923	691754	83169	14900320	1097123	4154204	14851782	5299925	0.179	0.064	7644926	5826686	1124640	1761928	4910112	4346229	944820	1001588	2734814	1480457	179820	760340	18497764	1653913	30	9873763	5026557	827599	269524	4150390	3814	14851752	5299925
2021-04-15	20831810	680133	609933	70200	15434271	1133327	4264181	15461716	5370125	0.186	0.065	7644926	5826686	1124640	1761928	4910112	4346229	944820	1001588	2734814	1480457	179820	760340	18882268	1949542	31	10347071	5087200	855191	278136	4259423	4758	15461685	5370125
2021-04-16	21428347	596537	522346	74191	15872391	1165925	4390000	15984062	5444316	0.192	0.065	7644926	5826686	1124640	1761928	4910112	4346229	944820	1001588	2734814	1480457	179820	760340	19283966	2144381	31	10720235	5152156	879359	286566	4384437	5563	15984031	5444316
2021-04-17	21794342	365995	309383	56612	16097272	1188611	4508428	16293445	5500928	0.196	0.066	7644926	5826686	1124640	1761928	4910112	4346229	944820	1001588	2734814	1480457	179820	760340	19628157	2166185	31	10897123	5200149	894908	293703	4501383	7045	16293414	5500928
2021-04-18	22063803	269461	230457	39004	16269315	1203999	4590458	16523902	5539932	0.199	0.067	7644926	5826686	1124640	1761928	4910112	4346229	944820	1001588	2734814	1480457	179820	760340	19893007	2170796	31	11035226	5234089	906398	297601	4582247	8211	16523871	5539932
2021-04-19	22466078	402275	340878	61397	16563148	1236919	4665979	16864781	5601329	0.203	0.067	7644926	5826686	1124640	1761928	4910112	4346229	944820	1001588	2734814	1480457	179820	760340	20250951	2215127	32	11276896	5286252	931401	305518	4656452	9527	16864749	5601329
2021-04-20	23026835	560757	498065	62692	16945119	1276137	4805547	17362846	5664021	0.209	0.068	7644926	5826686	1124640	1761928	4910112	4346229	944820	1001588	2734814	1480457	179820	760340	20617257	2409578	32	11604852	5340267	964022	312115	4793940	11607	17362814	5664021
2021-04-21	23747740	720905	647862	73043	17399369	1317834	5030505	18010708	5737064	0.217	0.069	7644926	5826686	1124640	1761928	4910112	4346229	944820	1001588	2734814	1480457	179820	760340	20999014	2748726	32	11996567	5402802	997659	320175	5016450	14055	18010676	5737064
2021-04-22	24386253	638513	571368	67145	17781132	1361486	5243603	18582076	5804209	0.223	0.070	7644926	5826686	1124640	1761928	4910112	4346229	944820	1001588	2734814	1480457	179820	760340	21370268	3015985	32	12322442	5458690	1033677	327809	5225925	17678	18582044	5804209
2021-04-23	24942433	556180	487300	68880	18134419	1405023	5402959	19069376	5873089	0.229	0.071	7644926	5826686	1124640	1761928	4910112	4346229	944820	1001588	2734814	1480457	179820	760340	21758253	3184180	32	12620882	5513537	1066730	338293	5381732	21227	19069344	5873089
2021-04-24	25308008	365575	306627	58948	18369397	1454362	5484217	19376003	5932037	0.233	0.071	7644926	5826686	1124640	1761928	4910112	4346229	944820	1001588	2734814	1480457	179820	760340	22106917	3201091	32	12814641	5554756	1100695	353667	5460635	23582	19375971	5932037
2021-04-25	25590906	282898	233852	49046	18557170	1488038	5545666	19609855	5981083	0.236	0.072	7644926	5826686	1124640	1761928	4910112	4346229	944820	1001588	2734814	1480457	179820	760340	22384001	3206905	32	12965017	5592153	1124506	363532	5520300	25366	19609823	5981083
2021-04-26	26023808	432902	358937	73965	18875077	1530505	5618125	19968861	6055048	0.240	0.073	7644926	5826686	1124640	1761928	4910112	4346229	944820	1001588	2734814	1480457	179820	760340	22730311	3293497	101	13221408	5653669	1158583	371922	5588769	29356	19968760	6055048
2021-04-27	26809137	785329	693422	91907	19551786	1581999	5674790	20662744	6146955	0.248	0.074	7644926	5826686	1124640	1761928	4910112	4346229	944820	1001588	2734814	1480457	179820	760340	23100760	3708377	562	13820267	5731519	1200953	381046	5640962	33828	20662182	6146955
2021-04-28	27932159	1123022	996053	126969	20560026	1642714	5728140	21659514	6273924	0.260	0.075	7644926	5826686	1124640	1761928	4910112	4346229	944820	1001588	2734814	1480457	179820	760340	23494699	4437460	1279	14719910	5840116	1249131	393583	5689194	38946	21658235	6273924
2021-04-29	28878294	946135	812690	133445	21384399	1706443	5785293	22473084	6407369	0.270	0.077	7644926	5826686	1124640	1761928	4910112	4346229	944820	1001588	2734814	1480457	179820	760340	23882766	4995528	2159	15431997	5952402	1300478	405965	5738450	46843	22470925	6407369
2021-04-30	29681943	803649	666628	137021	22062795	1763699	5852457	23140545	6544390	0.278	0.079	7644926	5826686	1124640	1761928	4910112	4346229	944820	1001588	2734814	1480457	179820	760340	24286569	5395374	2992	15998837	6063958	1342490	421209	5796226	56231	23137553	6544390
2021-05-01	30018216	336273	260027	76246	22315623	1805188	5891839	23403146	6620636	0.281	0.080	7644926	5826686	1124640	1761928	4910112	4346229	944820	1001588	2734814	1480457	179820	760340	24598192	5420024	5566	16190416	6125207	1377573	427615	5829591	62248	23397580	6620636
2021-05-02	30283208	264992	197610	67382	22511204	1842698	5921933	23602563	6688018	0.284	0.080	7644926	5826686	1124640	1761928	4910112	4346229	944820	1001588	2734814	1480457	179820	760340	24855529	5427679	7373	16330253	6180951	1409831	432867	5855106	66827	23595190	6688018
2021-05-03	30734900	451692	335336	116356	22829098	1913280	5983563	23939485	6804374	0.288	0.082	7644926	5826686	1124640	1761928	4910112	4346229	944820	1001588	2734814	1480457	179820	760340	25213361	5521539	8959	16557170	6271928	1467220	446060	5906136	77427	23930526	6804374
2021-05-04	31577842	842942	681207	161735	23455418	1976713	6133791	24623653	6966109	0.296	0.084	7644926	5826686	1124640	1761928	4910112	4346229	944820	1001588	2734814	1480457	179820	760340	25589051	5988791	11920	17051660	6403758	1517412	459301	6042661	91130	24611733	6966109
2021-05-05	32725049	1147207	914911	232296	24306710	2055678	6346271	25543034	7198405	0.307	0.087	7644926	5826686	1124640	1761928	4910112	4346229	944820	1001588	2734814	1480457	179820	760340	26010294	6714755	16390	17717530	6589180	1570873	484805	6238241	108030	25526644	7198405
2021-05-06	33715561	990512	767289	223223	24999411	2147784	6547782	26314517	7421628	0.316	0.089	7644926	5826686	1124640	1761928	4910112	4346229	944820	1001588	2734814	1480457	179820	760340	26425695	7289866	20584	18233058	6766353	1640575	507209	6420300	127482	26293933	7421628
2021-05-07	34605863	890302	652117	238185	25586601	2234476	6760210	26970626	7659813	0.324	0.092	7644926	5826686	1124640	1761928	4910112	4346229	944820	1001588	2734814	1480457	179820	760340	26871981	7733882	24576	18646276	6940325	1696304	538172	6603470	156740	26946050	7659813
2021-05-08	35031628	425765	271691	154074	25854255	2306258	6844822	27244034	7813887	0.328	0.094	7644926	5826686	1124640	1761928	4910112	4346229	944820	1001588	2734814	1480457	179820	760340	27237255	7794373	26293	18801034	7053221	1748251	558007	6668456	176366	27217741	7813887
2021-05-09	35317808	286180	183622	102558	26048153	2362811	6879485	27428722	7916445	0.330	0.095	7644926	5826686	1124640	1761928	4910112	4346229	944820	1001588	2734814	1480457	179820	760340	27512400	7805408	27359	18915661	7132492	1794006	568805	6691696	187789	27401363	7916445
2021-05-10	35907147	589339	395807	193532	26421319	2444600	7010140	27828258	8109977	0.335	0.098	7644926	5826686	1124640	1761928	4910112	4346229	944820	1001588	2734814	1480457	179820	760340	27912841	7994306	31088	19147046	7274273	1853622	590978	6796502	213638	27797170	8109977
2021-05-11	36992988	1085841	797983	287858	27247240	2524496	7186522	28629883	8397835	0.344	0.101	7644926	5826686	1124640	1761928	4910112	4346229	944820	1001588	2734814	1480457	179820	760340	28344987	8648001	34730	19740068	7507172	1911348	613148	6943737	242785	28595153	8397835
2021-05-12	38408837	1415849	1049235	366614	28340528	2616147	7411749	29684801	8764449	0.357	0.105	7644926	5826686	1124640	1761928	4910112	4346229	944820	1001588	2734814	1480457	179820	760340	28804853	9603984	40413	20536916	7803612	1972469	643678	7135003	276746	29644388	8764449
2021-05-13	38838100	429263	268404	160859	28655872	2682919	7456249	29955852	8925308	0.360	0.107	7644926	5826686	1124640	1761928	4910112	4346229	944820	1001588	2734814	1480457	179820	760340	29160637	9677463	43060	20724478	7931394	2024030	658889	7164284	291965	29912792	8925308
2021-05-14	39594599	756499	525975	230524	29201114	2747828	7594802	30489622	9155832	0.367	0.110	7644926	5826686	1124640	1761928	4910112	4346229	944820	1001588	2734814	1480457	179820	760340	29565799	10028800	50855	21089129	8111985	2073761	674067	7275877	318925	30438767	9155832
2021-05-15	39994666	400067	234542	165525	29480160	2808128	7651243	30728444	9321357	0.369	0.112	7644926	5826686	1124640	1761928	4910112	4346229	944820	1001588	2734814	1480457	179820	760340	29918200	10076466	55135	21245814	8234346	2117711	690417	7309784	341459	30673309	9321357
2021-05-16	40277237	282571	160600	121971	29680343	2860868	7676166	30893769	9443328	0.371	0.114	7644926	5826686	1124640	1761928	4910112	4346229	944820	1001588	2734814	1480457	179820	760340	30184766	10092471	59860	21352250	8328093	2160566	700302	7321093	355073	30833909	9443328
2021-05-17	40832533	555296	349278	206018	30018711	2946544	7797661	31252804	9649346	0.376	0.116	7644926	5826686	1124640	1761928	4910112	4346229	944820	1001588	2734814	1480457	179820	760340	30570744	10261789	69617	21545128	8473583	2221829	724715	7416230	381431	31183187	9649346
2021-05-18	41704535	872002	517337	354665	30608340	3047638	7971168	31777913	10004011	0.382	0.120	7644926	5826686	1124640	1761928	4910112	4346229	944820	1001588	2734814	1480457	179820	760340	30987742	10716793	77389	21844502	8763838	2294336	753302	7561686	409482	31700524	10004011
2021-05-19	42802279	1097744	563613	534131	31412504	3147726	8152502	32353684	10538142	0.389	0.127	7644926	5826686	1124640	1761928	4910112	4346229	944820	1001588	2734814	1480457	179820	760340	31405708	11396571	89547	22188502	9224002	2360576	787150	7715059	437443	32264137	10538142
2021-05-20	43749883	947604	455574	492030	32096183	3244199	8309112	32820100	11030172	0.395	0.133	7644926	5826686	1124640	1761928	4910112	4346229	944820	1001588	2734814	1480457	179820	760340	31822369	11927514	100389	22449433	9646750	2426087	818112	7844191	464921	32719711	11030172
2021-05-21	44600992	851109	405968	445141	32692380	3329864	8466479	33237948	11475313	0.400	0.138	7644926	5826686	1124640	1761928	4910112	4346229	944820	1001588	2734814	1480457	179820	760340	32250758	12350234	112269	22671950	10020430	2482459	847405	7971270	495209	33125679	11475313
2021-05-22	45074782	473790	214821	258969	32998503	3399365	8550368	33467046	11734282	0.402	0.141	7644926	5826686	1124640	1761928	4910112	4346229	944820	1001588	2734814	1480457	179820	760340	32595618	12479164	126546	22770358	10228145	2530765	868600	8039377	510991	33340500	11734282
2021-05-23	45359860	285078	124719	160359	33191424	3458753	8574273	33600629	11894641	0.404	0.143	7644926	5826686	1124640	1761928	4910112	4346229	944820	1001588	2734814	1480457	179820	760340	32862575	12497285	135410	22835982	10355442	2575062	883691	8054175	520098	33465219	11894641
2021-05-24	45685831	325971	141122	184849	33427141	3520301	8594938	33749792	12079490	0.406	0.145	7644926	5826686	1124640	1761928	4910112	4346229	944820	1001588	2734814	1480457	179820	760340	33173021	12512810	143451	22918580	10508561	2621614	898687	8066147	528791	33606341	12079490
2021-05-25	46341295	655464	272088	383376	33873782	3599968	8698983	34046991	12462866	0.409	0.150	7644926	5826686	1124640	1761928	4910112	4346229	944820	1001588	2734814	1480457	179820	760340	33569542	12771753	168562	23060284	10813498	2673057	926911	8145088	553895	33878429	12462866
2021-05-26	47520981	1179686	469514	710172	34758763	3682360	8833081	34594720	13173038	0.416	0.158	7644926	5826686	1124640	1761928	4910112	4346229	944820	1001588	2734814	1480457	179820	760340	33985813	13535168	246777	23375101	11383662	2725645	956715	8247197	585884	34347943	13173038
2021-05-27	48561658	1040677	404097	636580	35497813	3771251	8964694	35079940	13809618	0.422	0.166	7644926	5826686	1124640	1761928	4910112	4346229	944820	1001588	2734814	1480457	179820	760340	34404653	14157005	327900	23632908	11864905	2777263	993988	8341869	622825	34752040	13809618
2021-05-28	49464951	903293	356227	547066	36100802	3857328	9095175	35519913	14356684	0.427	0.173	7644926	5826686	1124640	1761928	4910112	4346229	944820	1001588	2734814	1480457	179820	760340	34839985	14624966	411646	23849649	12251153	2827775	1029553	8430843	664332	35108267	14356684
2021-05-29	49875028	410077	151654	258423	36362595	3919868	9153132	35699354	14615107	0.429	0.176	7644926	5826686	1124640	1761928	4910112	4346229	944820	1001588	2734814	1480457	179820	760340	35175653	14699375	439433	23929448	12433147	2864618	1055250	8465855	687277	35259921	14615107
2021-05-30	50158534	283506	97694	185812	36559717	3966872	9181483	35808077	14800919	0.431	0.178	7644926	5826686	1124640	1761928	4910112	4346229	944820	1001588	2734814	1480457	179820	760340	35437341	14721193	450462	23988642	12571075	2891958	1074914	8477015	704468	35357615	14800919
2021-05-31	50705048	546514	178231	368283	36926815	4034227	9251074	36028778	15169202	0.433	0.182	7644926	5826686	1124640	1761928	4910112	4346229	944820	1001588	2734814	1480457	179820	760340	35826086	14878962	492932	24100302	12826513	2919620	1114607	8515924	735150	35535846	15169202
2021-06-01	51693123	988075	399846	588229	37660159	4113961	9341572	36513123	15757431	0.439	0.189	7644926	5826686	1124640	1761928	4910112	4346229	944820	1001588	2734814	1480457	179820	760340	36223688	15469435	577431	24416353	13243806	2949311	1164650	8570028	771544	35935692	15757431
2021-06-02	52940349	1247226	516706	730520	38649006	4186449	9423784	37133508	16487951	0.446	0.198	7644926	5826686	1124640	1761928	4910112	4346229	944820	1001588	2734814	1480457	179820	760340	36630636	16309713	681110	24865667	13783339	2973749	1212700	8612982	810802	36452398	16487951
2021-06-03	53582974	642625	230338	412287	39123896	4250763	9474003	37417048	16900238	0.450	0.203	7644926	5826686	1124640	1761928	4910112	4346229	944820	1001588	2734814	1480457	179820	760340	36993848	16589126	734312	25045441	14078455	3003455	1247308	8633840	840163	36682736	16900238
2021-06-04	54393240	810266	291035	519231	39708862	4321989	9550860	37785300	17419469	0.454	0.209	7644926	5826686	1124640	1761928	4910112	4346229	944820	1001588	2734814	1480457	179820	760340	37401626	16991614	811529	25273323	14435539	3032145	1289844	8668303	882557	36973771	17419469
2021-06-05	54806027	412787	96262	316525	39979949	4388907	9595028	37912176	17735994	0.456	0.213	7644926	5826686	1124640	1761928	4910112	4346229	944820	1001588	2734814	1480457	179820	760340	37750869	17055158	842143	25332400	14647549	3058433	1330474	8679200	915828	37070033	17735994
2021-06-06	55098191	292164	59372	232792	40185645	4429898	9622265	37989788	17968786	0.457	0.216	7644926	5826686	1124640	1761928	4910112	4346229	944820	1001588	2734814	1480457	179820	760340	38013324	17084867	860383	25376282	14809363	3070403	1359495	8682720	939545	37129405	17968786
2021-06-07	55711421	613230	192675	420555	40586889	4514937	9694753	38236922	18389341	0.460	0.221	7644926	5826686	1124640	1761928	4910112	4346229	944820	1001588	2734814	1480457	179820	760340	38387270	17323248	914842	25510288	15076601	3097953	1416984	8713839	980914	37322080	18389341
2021-06-08	56762353	1050932	339558	711374	41431307	4590287	9757678	38644719	19100715	0.465	0.230	7644926	5826686	1124640	1761928	4910112	4346229	944820	1001588	2734814	1480457	179820	760340	38790381	17968865	983081	25791337	15639970	3124179	1466108	8746122	1011556	37661638	19100715
2021-06-09	58181455	1419102	444980	974122	42603468	4677533	9821663	39185409	20074837	0.471	0.241	7644926	5826686	1124640	1761928	4910112	4346229	944820	1001588	2734814	1480457	179820	760340	39218754	18956810	1078791	26175536	16427932	3152561	1524972	8778521	1043142	38106618	20074837
2021-06-10	59369412	1187957	401781	786176	43557425	4767334	9877423	39675629	20861013	0.477	0.251	7644926	5826686	1124640	1761928	4910112	4346229	944820	1001588	2734814	1480457	179820	760340	39655170	19705530	1167230	26518417	17039008	3184574	1582760	8805408	1072015	38508399	20861013
2021-06-11	60428635	1059223	361376	697847	44361855	4856358	9946416	40133781	21558860	0.483	0.259	7644926	5826686	1124640	1761928	4910112	4346229	944820	1001588	2734814	1480457	179820	760340	40098617	20318630	1264006	26822105	17539750	3212776	1643582	8834894	1111522	38869775	21558860
2021-06-12	60863447	434812	123423	311389	44646318	4928115	9989766	40292446	21870249	0.484	0.263	7644926	5826686	1124640	1761928	4910112	4346229	944820	1001588	2734814	1480457	179820	760340	40430332	20420893	1299248	26913768	17732550	3231486	1696629	8847944	1141822	38993198	21870249
2021-06-13	61146419	282972	64686	218286	44826190	4991627	10015565	40370921	22088535	0.485	0.266	7644926	5826686	1124640	1761928	4910112	4346229	944820	1001588	2734814	1480457	179820	760340	40677644	20456247	1313037	26957909	17868281	3247410	1744217	8852565	1163000	39057884	22088535
2021-06-14	61799240	652821	212441	440380	45255202	5092832	10082938	40638593	22528915	0.489	0.271	7644926	5826686	1124640	1761928	4910112	4346229	944820	1001588	2734814	1480457	179820	760340	41087954	20696780	1368268	27129154	18126048	3271020	1821812	8870151	1212787	39270325	22528915
2021-06-15	62842711	1043471	344287	699184	46050602	5197351	10167407	41041963	23228099	0.493	0.279	7644926	5826686	1124640	1761928	4910112	4346229	944820	1001588	2734814	1480457	179820	760340	41541246	21283470	1427351	27425300	18625302	3299543	1897808	8889769	1277638	39614612	23228099
2021-06-16	64219770	1377059	461984	915075	47148814	5303481	10263839	41580232	24143174	0.500	0.290	7644926	5826686	1124640	1761928	4910112	4346229	944820	1001588	2734814	1480457	179820	760340	42015732	22182018	1503636	27829604	19319210	3331701	1971780	8915291	1348548	40076596	24143174
2021-06-17	65362992	1143222	395682	747540	48028583	5406590	10355926	42044171	24890714	0.506	0.299	7644926	5826686	1124640	1761928	4910112	4346229	944820	1001588	2734814	1480457	179820	760340	42485384	22852215	1571893	28173641	19854942	3361067	2045523	8937570	1418356	40472278	24890714
2021-06-18	66351055	988063	341778	646285	48757612	5500641	10452081	42454777	25536999	0.510	0.307	7644926	5826686	1124640	1761928	4910112	4346229	944820	1001588	2734814	1480457	179820	760340	42940460	23382503	1640721	28462375	20295237	3392107	2108534	8959574	1492507	40814056	25536999
2021-06-19	66777766	426711	119379	307332	49030261	5582715	10502927	42595298	25844331	0.512	0.311	7644926	5826686	1124640	1761928	4910112	4346229	944820	1001588	2734814	1480457	179820	760340	43281430	23466988	1661863	28554255	20476006	3413075	2169640	8966105	1536822	40933435	25844331
2021-06-20	67072584	294818	67797	227021	49208947	5654215	10534747	42675907	26071352	0.513	0.313	7644926	5826686	1124640	1761928	4910112	4346229	944820	1001588	2734814	1480457	179820	760340	43546343	23496614	1674675	28603412	20605535	3429103	2225112	8968717	1566030	41001232	26071352
2021-06-21	67700454	627870	207180	420690	49617693	5751634	10620138	42919401	26492042	0.516	0.319	7644926	5826686	1124640	1761928	4910112	4346229	944820	1001588	2734814	1480457	179820	760340	43942663	23726147	1710989	28771779	20845914	3453946	2297688	8982687	1637451	41208412	26492042
2021-06-22	68771839	1071385	370905	700480	50456834	5847429	10722537	43324356	27192522	0.521	0.327	7644926	5826686	1124640	1761928	4910112	4346229	944820	1001588	2734814	1480457	179820	760340	44381344	24354112	1745039	29096011	21360823	3484418	2363011	8998888	1723649	41579317	27192522
2021-06-23	70100383	1328544	482986	845558	51540018	5942995	10837975	43841698	28038080	0.527	0.337	7644926	5826686	1124640	1761928	4910112	4346229	944820	1001588	2734814	1480457	179820	760340	44820951	25237778	1779395	29528770	22011248	3514031	2428964	9019502	1818473	42062303	28038080
2021-06-24	71130242	1029859	484333	545526	52332177	6030037	10948474	44366190	28583606	0.533	0.344	7644926	5826686	1124640	1761928	4910112	4346229	944820	1001588	2734814	1480457	179820	760340	45253361	25830883	1819554	29956802	22375375	3549112	2480925	9040722	1907752	42546636	28583606
2021-06-25	72045090	914848	375296	539552	53020874	6106333	11058315	44781500	29123158	0.538	0.350	7644926	5826686	1124640	1761928	4910112	4346229	944820	1001588	2734814	1480457	179820	760340	45681464	26314646	1859568	30285745	22735129	3575633	2530700	9060554	1997761	42921932	29123158
2021-06-26	72453634	408544	135501	273043	53274729	6175361	11130780	44930197	29396201	0.540	0.353	7644926	5826686	1124640	1761928	4910112	4346229	944820	1001588	2734814	1480457	179820	760340	46025657	26378225	1872764	30389472	22885257	3601181	2574180	9066780	2064000	43057433	29396201
2021-06-27	72745264	291630	89651	201979	53447402	6233439	11187538	45023969	29598180	0.541	0.356	7644926	5826686	1124640	1761928	4910112	4346229	944820	1001588	2734814	1480457	179820	760340	46291214	26403445	1876885	30456463	22990939	3620444	2612995	9070177	2117361	43147084	29598180
2021-06-28	73371088	625824	241405	384419	53845448	6323144	11301262	45289723	29982599	0.545	0.361	7644926	5826686	1124640	1761928	4910112	4346229	944820	1001588	2734814	1480457	179820	760340	46700544	26617843	1901234	30651901	23193547	3652680	2670464	9083908	2217354	43388489	29982599
2021-06-29	74299589	928501	385721	542780	54526385	6415690	11433908	45697816	30525379	0.549	0.367	7644926	5826686	1124640	1761928	4910112	4346229	944820	1001588	2734814	1480457	179820	760340	47128403	27113831	1923606	30993008	23533377	3685584	2730106	9095618	2338290	43774210	30525379
2021-06-30	75316167	1016578	446902	569676	55290247	6509396	11570312	46167324	31095055	0.555	0.374	7644926	5826686	1124640	1761928	4910112	4346229	944820	1001588	2734814	1480457	179820	760340	47555621	27697962	1946212	31390708	23899539	3720311	2789085	9110093	2460219	44221112	31095055
2021-07-01	76294244	978077	449663	528414	56030075	6592434	11703030	46639480	31623469	0.561	0.380	7644926	5826686	1124640	1761928	4910112	4346229	944820	1001588	2734814	1480457	179820	760340	47959129	28268207	1968705	31796372	24233703	3750792	2841642	9123611	2579419	44670775	31623469
2021-07-02	77135991	841747	377088	464659	56676817	6686786	11782071	47038180	32088128	0.566	0.386	7644926	5826686	1124640	1761928	4910112	4346229	944820	1001588	2734814	1480457	179820	760340	48355739	28709971	1990317	32132548	24544269	3782503	2904283	9132812	2649259	45047863	32088128
2021-07-03	77512349	376358	148262	228096	56931583	6766064	11809177	47201650	32316224	0.568	0.389	7644926	5826686	1124640	1761928	4910112	4346229	944820	1001588	2734814	1480457	179820	760340	48665100	28776252	2005525	32253431	24678152	3807091	2958973	9135603	2673574	45196125	32316224
2021-07-04	77785033	272684	92677	180007	57112913	6834203	11823696	47303023	32496231	0.569	0.391	7644926	5826686	1124640	1761928	4910112	4346229	944820	1001588	2734814	1480457	179820	760340	48910265	28803194	2014221	32326227	24786686	3825528	3008675	9137047	2686649	45288802	32496231
2021-07-05	78318868	533835	194944	338891	57498071	6928500	11863226	47512817	32835122	0.571	0.395	7644926	5826686	1124640	1761928	4910112	4346229	944820	1001588	2734814	1480457	179820	760340	49252045	28993153	2029071	32490839	25007232	3851510	3076990	9141397	2721829	45483746	32835122
2021-07-06	79092840	773972	268739	505233	58112343	7027329	11908438	47797215	33340355	0.575	0.401	7644926	5826686	1124640	1761928	4910112	4346229	944820	1001588	2734814	1480457	179820	760340	49592345	29423099	2044730	32729772	25382571	3876771	3150558	9145942	2762496	45752485	33340355
2021-07-07	80083959	991119	322287	668832	58937883	7122666	11959723	48138459	34009187	0.579	0.409	7644926	5826686	1124640	1761928	4910112	4346229	944820	1001588	2734814	1480457	179820	760340	49945235	30056482	2063687	33022084	25915799	3901348	3221318	9151340	2808383	46074772	34009187
2021-07-08	80926510	842551	261679	580872	59617782	7223375	12002283	48419521	34590059	0.582	0.416	7644926	5826686	1124640	1761928	4910112	4346229	944820	1001588	2734814	1480457	179820	760340	50288584	30551427	2083070	33257062	26360720	3923769	3299606	9155620	2846663	46336451	34590059
2021-07-09	81680155	753645	218367	535278	60209370	7321753	12045408	48658442	35125337	0.585	0.422	7644926	5826686	1124640	1761928	4910112	4346229	944820	1001588	2734814	1480457	179820	760340	50633189	30956968	2103624	33453142	26756228	3941618	3380135	9160058	2885350	46554818	35125337
2021-07-10	82022937	342782	95392	247390	60437166	7405913	12066489	48763579	35372727	0.586	0.425	7644926	5826686	1124640	1761928	4910112	4346229	944820	1001588	2734814	1480457	179820	760340	50907062	31025280	2113369	33528980	26908186	3959729	3446184	9161501	2904988	46650210	35372727
2021-07-11	82250671	227734	60939	166795	60582816	7469418	12076775	48832811	35539522	0.587	0.427	7644926	5826686	1124640	1761928	4910112	4346229	944820	1001588	2734814	1480457	179820	760340	51115502	31044204	2121662	33574679	27008137	3974502	3494916	9161968	2914807	46711149	35539522
2021-07-12	82715136	464465	150166	314299	60930314	7548302	12100786	48997049	35853821	0.589	0.431	7644926	5826686	1124640	1761928	4910112	4346229	944820	1001588	2734814	1480457	179820	760340	51381514	31240232	2135734	33694081	27236233	4003395	3544907	9163839	2936947	46861315	35853821
2021-07-13	83471845	756709	179126	577583	61555031	7625904	12135330	49196021	36431404	0.592	0.438	7644926	5826686	1124640	1761928	4910112	4346229	944820	1001588	2734814	1480457	179820	760340	51634964	31739362	2155580	33844979	27710052	4029362	3596542	9166100	2969230	47040441	36431404
2021-07-14	84441881	970036	202208	767828	62383424	7697658	12182419	49421029	37199232	0.594	0.447	7644926	5826686	1124640	1761928	4910112	4346229	944820	1001588	2734814	1480457	179820	760340	51910459	32429200	2178380	34022336	28361088	4050548	3647110	9169765	3012654	47242649	37199232
2021-07-15	85204734	762853	170253	592600	63014379	7768485	12220950	49613822	37791832	0.597	0.454	7644926	5826686	1124640	1761928	4910112	4346229	944820	1001588	2734814	1480457	179820	760340	52167201	32931568	2200920	34170540	28843839	4069724	3698761	9172638	3048312	47412902	37791832
2021-07-16	85859397	654663	150407	504256	63550781	7832632	12252889	49786404	38296088	0.599	0.460	7644926	5826686	1124640	1761928	4910112	4346229	944820	1001588	2734814	1480457	179820	760340	52421306	33328254	2223095	34301824	29248957	4086926	3745706	9174559	3078330	47563309	38296088
2021-07-17	86129968	270571	70661	199910	63724142	7895758	12268526	49875512	38495998	0.600	0.463	7644926	5826686	1124640	1761928	4910112	4346229	944820	1001588	2734814	1480457	179820	760340	52633500	33384580	2241542	34355944	29368198	4102581	3793177	9175445	3093081	47633970	38495998
2021-07-18	86329311	199343	59442	139901	63859324	7937287	12279963	49946149	38635899	0.601	0.465	7644926	5826686	1124640	1761928	4910112	4346229	944820	1001588	2734814	1480457	179820	760340	52804219	33412623	2252737	34405846	29453478	4111846	3825441	9175720	3104243	47693412	38635899
2021-07-19	86707166	377855	91010	286845	64152737	7987747	12299731	50051373	38922744	0.602	0.468	7644926	5826686	1124640	1761928	4910112	4346229	944820	1001588	2734814	1480457	179820	760340	53000033	33592649	2266951	34482593	29670144	4124778	3862969	9177051	3122680	47784422	38922744
2021-07-20	87306961	599795	125813	473982	64668057	8036071	12321605	50191463	39396726	0.604	0.474	7644926	5826686	1124640	1761928	4910112	4346229	944820	1001588	2734814	1480457	179820	760340	53217716	33970767	2281228	34590270	30077787	4140387	3895684	9179578	3142027	47910235	39396726
2021-07-21	88051466	744505	154391	590114	65330058	8082013	12344335	50359686	39986840	0.606	0.481	7644926	5826686	1124640	1761928	4910112	4346229	944820	1001588	2734814	1480457	179820	760340	53450827	34477235	2295060	34730111	30599947	4153342	3928671	9181173	3163162	48064626	39986840
2021-07-22	88661337	609871	120811	489060	65864250	8125326	12363163	50494035	40475900	0.607	0.487	7644926	5826686	1124640	1761928	4910112	4346229	944820	1001588	2734814	1480457	179820	760340	53675582	34857754	2308598	34839457	31024793	4163426	3961900	9182554	3180609	48185437	40475900
2021-07-23	89221442	560105	112970	447135	66345949	8167577	12381670	50624653	40923035	0.609	0.492	7644926	5826686	1124640	1761928	4910112	4346229	944820	1001588	2734814	1480457	179820	760340	53904835	35185498	2326246	34941133	31404816	4173382	3994195	9183892	3197778	48298407	40923035
2021-07-24	89429975	208533	52161	156372	66497779	8205036	12389412	50688316	41079407	0.609	0.494	7644926	5826686	1124640	1761928	4910112	4346229	944820	1001588	2734814	1480457	179820	760340	54057409	35239989	2337748	34985252	31512527	4180660	4024376	9184656	3204756	48350568	41079407
2021-07-25	89553949	123974	31923	92051	66581290	8236473	12392689	50725988	41171458	0.610	0.495	7644926	5826686	1124640	1761928	4910112	4346229	944820	1001588	2734814	1480457	179820	760340	54161539	35258381	2343497	35010802	31570488	4186916	4049557	9184773	3207916	48382491	41171458
2021-07-26	89884922	330973	71063	259910	66849478	8276179	12404973	50807846	41431368	0.611	0.498	7644926	5826686	1124640	1761928	4910112	4346229	944820	1001588	2734814	1480457	179820	760340	54342268	35406924	2354292	35071216	31778262	4196457	4079722	9185881	3219092	48453554	41431368
2021-07-27	90424837	539915	97213	442702	67315020	8318243	12424759	50917582	41874070	0.612	0.503	7644926	5826686	1124640	1761928	4910112	4346229	944820	1001588	2734814	1480457	179820	760340	54545540	35739285	2366815	35158483	32156537	4205115	4113128	9187169	3237590	48550767	41874070
2021-07-28	91099557	674720	120972	553748	67906668	8364758	12448040	51051830	42427818	0.614	0.510	7644926	5826686	1124640	1761928	4910112	4346229	944820	1001588	2734814	1480457	179820	760340	54770104	36185608	2380091	35268831	32637837	4214505	4150253	9188403	3259637	48671739	42427818
2021-07-29	91663015	563458	104258	459200	68392872	8407884	12467749	51170507	42887018	0.615	0.516	7644926	5826686	1124640	1761928	4910112	4346229	944820	1001588	2734814	1480457	179820	760340	54973631	36541536	2394510	35362778	33030094	4223603	4184281	9189616	3278133	48775997	42887018
2021-07-30	92146762	483747	93091	390656	68799270	8452756	12484825	51278999	43277674	0.617	0.520	7644926	5826686	1124640	1761928	4910112	4346229	944820	1001588	2734814	1480457	179820	760340	55177812	36818387	2409911	35445973	33353297	4232437	4220319	9190678	3294147	48869088	43277674
2021-07-31	92337988	191226	46389	144837	68937479	8488476	12490787	51336723	43422511	0.617	0.522	7644926	5826686	1124640	1761928	4910112	4346229	944820	1001588	2734814	1480457	179820	760340	55330544	36856357	2421246	35486065	33451414	4238582	4249894	9190830	3299957	48915477	43422511
2021-08-01	92452836	114848	29962	84886	69019703	8513422	12493029	51372121	43507397	0.618	0.523	7644926	5826686	1124640	1761928	4910112	4346229	944820	1001588	2734814	1480457	179820	760340	55428650	36872662	2426682	35511832	33507871	4242697	4270725	9190910	3302119	48945439	43507397
2021-08-02	92735399	282563	57002	225561	69249799	8546408	12502076	51439557	43732958	0.619	0.526	7644926	5826686	1124640	1761928	4910112	4346229	944820	1001588	2734814	1480457	179820	760340	55589165	36992897	2437116	35563383	33686416	4247582	4298826	9191476	3310600	49002441	43732958
2021-08-03	93168807	433408	73278	360130	69623133	8583167	12513900	51524326	44093088	0.620	0.530	7644926	5826686	1124640	1761928	4910112	4346229	944820	1001588	2734814	1480457	179820	760340	55752782	37259593	2448607	35631588	33991545	4251936	4331231	9192195	3321705	49075719	44093088