date	dosen_kumulativ	dosen_differenz_zum_vortag	dosen_erst_differenz_zum_vortag	dosen_zweit_differenz_zum_vortag	dosen_biontech_kumulativ	dosen_moderna_kumulativ	dosen_astrazeneca_kumulativ	personen_erst_kumulativ	personen_voll_kumulativ	impf_quote_erst	impf_quote_voll	indikation_alter_dosen	indikation_beruf_dosen	indikation_medizinisch_dosen	indikation_pflegeheim_dosen	indikation_alter_erst	indikation_beruf_erst	indikation_medizinisch_erst	indikation_pflegeheim_erst	indikation_alter_voll	indikation_beruf_voll	indikation_medizinisch_voll	indikation_pflegeheim_voll	dosen_dim_kumulativ	dosen_kbv_kumulativ	dosen_johnson_kumulativ	dosen_biontech_erst_kumulativ	dosen_biontech_zweit_kumulativ	dosen_moderna_erst_kumulativ	dosen_moderna_zweit_kumulativ	dosen_astrazeneca_erst_kumulativ	dosen_astrazeneca_zweit_kumulativ	dosen_erst_kumulativ	dosen_zweit_kumulativ
2020-12-27	24094	24094	24081	13	24092	2	0	24081	13	0.000	0.000	10705	8657	1305	12604	10664	8590	1305	12536	41	67	0	68	24094	0	0	24079	13	2	0	0	0	24081	13
2020-12-28	42092	17998	17836	162	42090	2	0	41917	175	0.001	0.000	18621	15788	1991	21344	18580	15721	1991	21276	41	67	0	68	42092	0	0	41915	175	2	0	0	0	41917	175
2020-12-29	92111	50019	49285	734	92108	2	1	91202	909	0.001	0.000	34989	40734	3107	40508	34724	40420	3107	40099	265	314	0	409	92111	0	0	91199	909	2	0	1	0	91202	909
2020-12-30	155606	63495	63357	138	155603	2	1	154559	1047	0.002	0.000	55510	73365	4901	63206	55243	73050	4901	62794	267	315	0	412	155606	0	0	154556	1047	2	0	1	0	154559	1047
2020-12-31	205297	49691	49602	89	205294	2	1	204161	1136	0.002	0.000	72831	96719	6752	83965	72517	96367	6752	83476	314	352	0	489	205297	0	0	204158	1136	2	0	1	0	204161	1136
2021-01-01	230651	25354	25345	9	230640	7	4	229506	1145	0.003	0.000	81208	105449	7830	92301	80894	105097	7830	91812	314	352	0	489	230651	0	0	229496	1144	7	0	3	1	229506	1145
2021-01-02	278601	47950	47664	286	278590	7	4	277170	1431	0.003	0.000	102774	129731	10350	113258	102365	129304	10350	112629	409	427	0	629	278601	0	0	277160	1430	7	0	3	1	277170	1431
2021-01-03	301013	22412	22407	5	301001	8	4	299577	1436	0.004	0.000	113044	140227	11284	123279	112635	139800	11284	122650	409	427	0	629	301013	0	0	299566	1435	8	0	3	1	299577	1436
2021-01-04	346839	45826	45730	96	346826	9	4	345307	1532	0.004	0.000	129646	164913	13951	139091	129237	164486	13951	138462	409	427	0	629	346839	0	0	345295	1531	9	0	3	1	345307	1532
2021-01-05	398809	51970	51633	337	398795	10	4	396940	1869	0.005	0.000	147987	192565	16489	157656	147576	192117	16489	157025	411	448	0	631	398809	0	0	396927	1868	10	0	3	1	396940	1869
2021-01-06	461265	62456	62364	92	461242	16	7	459304	1961	0.006	0.000	169498	225530	19910	180812	169086	225082	19910	180181	412	448	0	631	461265	0	0	459283	1959	16	0	5	2	459304	1961
2021-01-07	515227	53962	53941	21	515199	19	9	513245	1982	0.006	0.000	189172	254868	22957	197233	188758	254418	22957	196600	414	450	0	633	515227	0	0	513219	1980	19	0	7	2	513245	1982
2021-01-08	576883	61656	61548	108	576803	70	10	574793	2090	0.007	0.000	211521	287315	26324	218219	211009	286711	26320	217449	512	604	4	770	576883	0	0	574715	2088	70	0	8	2	574793	2090
2021-01-09	636853	59970	59822	148	636769	73	11	634615	2238	0.008	0.000	237322	313238	29007	243325	236798	312599	29003	242545	524	639	4	780	636853	0	0	634534	2235	73	0	8	3	634615	2238
2021-01-10	672105	35252	35103	149	672013	81	11	669718	2387	0.008	0.000	252455	327794	30379	256315	251929	327151	30375	255535	526	643	4	780	672105	0	0	669630	2383	80	1	8	3	669718	2387
2021-01-11	739603	67498	67396	102	739496	94	13	737114	2489	0.009	0.000	277513	359176	33587	276774	276967	358513	33583	275968	546	663	4	806	739603	0	0	737017	2479	87	7	10	3	737114	2489
2021-01-12	818048	78445	78381	64	817925	109	14	815495	2553	0.010	0.000	305695	401338	36582	301731	305147	400670	36578	300888	548	668	4	843	818048	0	0	815383	2542	102	7	10	4	815495	2553
2021-01-13	929108	111060	110859	201	927816	1278	14	926354	2754	0.011	0.000	345167	458844	40485	337339	344574	458093	40466	336399	593	751	19	940	929108	0	0	925073	2743	1271	7	10	4	926354	2754
2021-01-14	1012537	83429	83207	222	1006096	6427	14	1009561	2976	0.012	0.000	374803	501101	42769	361463	374094	500254	42750	360452	709	847	19	1011	1012537	0	0	1003175	2921	6376	51	10	4	1009561	2976
2021-01-15	1103284	90747	89901	846	1091572	11693	19	1099462	3822	0.013	0.000	408725	545673	46728	389202	407810	544625	46700	387982	915	1048	28	1220	1103284	0	0	1087805	3767	11642	51	15	4	1099462	3822
2021-01-16	1160641	57357	56336	1021	1147249	13372	20	1155798	4843	0.014	0.000	432983	570627	48859	408798	431664	569232	48767	407047	1319	1395	92	1751	1160641	0	0	1142461	4788	13321	51	16	4	1155798	4843
2021-01-17	1208264	47623	29831	17792	1193609	14633	21	1185630	22635	0.014	0.000	453449	591002	50884	428544	444215	583354	50014	417145	9234	7648	870	11399	1208264	0	1	1171030	22579	14582	51	17	4	1185629	22635
2021-01-18	1290172	81908	66168	15740	1271373	18776	22	1251798	38375	0.015	0.000	482728	633883	53106	448900	467235	619730	51700	430238	15493	14153	1406	18662	1290172	0	1	1233056	38317	18723	53	18	4	1251797	38375
2021-01-19	1408976	118804	82360	36444	1386502	22443	30	1334158	74819	0.016	0.001	519765	695968	56714	479843	492669	666683	54375	447938	27096	29285	2339	31905	1408976	0	1	1311745	74757	22386	57	26	4	1334157	74819
2021-01-20	1541378	132402	77816	54586	1516159	25185	33	1411974	129405	0.017	0.002	568076	760039	60957	522078	522876	706310	57505	469463	45200	53729	3452	52615	1541378	0	1	1386816	129343	25128	57	29	4	1411973	129405
2021-01-21	1646362	104984	63672	41312	1618402	27925	34	1475646	170717	0.018	0.002	610150	808503	65406	556195	549621	735602	60889	487988	60529	72901	4517	68207	1646362	0	1	1447749	170653	27867	58	29	5	1475645	170717
2021-01-22	1747988	101626	68052	33574	1717834	30111	42	1543698	204291	0.019	0.002	654049	853889	69013	590642	579902	764987	63599	506975	74147	88902	5414	83667	1747988	0	1	1513612	204222	30048	63	37	5	1543697	204291
2021-01-23	1834569	86581	40466	46115	1804058	30465	45	1584164	250406	0.019	0.003	691767	890989	72414	617916	599855	780966	64783	516268	91912	110023	7631	101648	1834569	0	1	1553722	250336	30401	64	40	5	1584163	250406
2021-01-24	1881867	47298	25464	21834	1851154	30663	49	1609628	272240	0.019	0.003	715655	910067	73331	632982	614016	789814	65130	521524	101639	120253	8201	111458	1881867	0	1	1578984	272170	30599	64	44	5	1609627	272240
2021-01-25	1972908	91041	52277	38764	1940776	32079	52	1661905	311004	0.020	0.004	756375	951632	76827	658117	642321	811974	66847	534304	114054	139658	9980	123813	1972908	0	1	1629845	310931	32012	67	47	5	1661904	311004
2021-01-26	2070444	97536	50634	46902	2036871	33513	59	1712539	357906	0.021	0.004	796572	997196	80614	684405	667753	831436	68195	545278	128819	165760	12419	139127	2070444	0	1	1679043	357828	33441	72	54	5	1712538	357906
2021-01-27	2179802	109358	50821	58537	2144434	35299	67	1763361	416443	0.021	0.005	839834	1049509	85786	715259	691463	852265	70042	556304	148371	197244	15744	158955	2179802	0	2	1728082	416352	35215	84	62	5	1763359	416443
2021-01-28	2272253	92451	46574	45877	2235254	36927	70	1809935	462320	0.022	0.006	877990	1090332	89974	739697	713483	869115	71590	567469	164507	221217	18384	172228	2272253	0	2	1773113	462141	36755	172	65	5	1809933	462320
2021-01-29	2380018	107765	49988	57777	2341532	38407	77	1859923	520097	0.022	0.006	920894	1138243	95507	769100	735839	888487	73819	578309	185055	249756	21688	190791	2380018	0	2	1821615	519917	38234	173	72	5	1859921	520097
2021-01-30	2468021	88003	34361	53642	2428653	39287	79	1894284	573739	0.023	0.007	957412	1174692	99468	796433	752473	901967	75224	586328	204939	272725	24244	210105	2468021	0	2	1855097	573556	39112	175	73	6	1894282	573739
2021-01-31	2524887	56866	25753	31113	2485138	39663	84	1920037	604852	0.023	0.007	982865	1196922	101575	812430	766590	910861	76411	592657	216275	286061	25164	219773	2524887	0	2	1880478	604660	39480	183	77	7	1920035	604852
2021-02-01	2644412	119525	57963	61562	2602404	41871	135	1978000	666414	0.024	0.008	1026174	1260299	105285	839830	787193	944041	78273	602425	238981	316258	27012	237405	2644412	0	2	1936184	666220	41686	185	128	7	1977998	666414
2021-02-02	2776587	132175	64964	67211	2731504	44933	148	2042964	733625	0.025	0.009	1069633	1330364	110479	870030	806216	982089	80866	611659	263417	348275	29613	258371	2776587	0	2	1998074	733430	44747	186	141	7	2042962	733625
2021-02-03	2938519	161932	64084	97848	2887081	51261	174	2107049	831473	0.025	0.010	1128983	1407775	116405	912544	829819	1014401	83062	623312	299164	393374	33343	289232	2938519	0	3	2055810	831271	51069	192	167	7	2107046	831473
2021-02-04	3072401	133882	61729	72153	3015126	57093	179	2168778	903626	0.026	0.011	1177986	1472437	120972	943857	851937	1046473	85311	632945	326049	425964	35661	310912	3072401	0	3	2111705	903421	56898	195	172	7	2168775	903626
2021-02-05	3219219	146818	68903	77915	3155488	63541	187	2237681	981541	0.027	0.012	1232524	1542580	126293	977786	877231	1080338	86905	644262	355293	462242	39388	333524	3219219	0	3	2174287	981201	63212	329	179	8	2237678	981541
2021-02-06	3312993	93774	45428	48346	3246635	66167	188	2283109	1029887	0.027	0.012	1272514	1588658	130853	1003590	896490	1101898	88782	653957	376024	486760	42071	349633	3312993	0	3	2217088	1029547	65838	329	180	8	2283106	1029887
2021-02-07	3366304	53311	28263	25048	3297617	68493	190	2311373	1054935	0.028	0.013	1298155	1609930	133571	1016823	910800	1112720	90015	659435	387355	497210	43556	357388	3366304	0	4	2243024	1054593	68163	330	182	8	2311369	1054935
2021-02-08	3475246	108942	52872	56070	3402707	72316	218	2364246	1111005	0.028	0.013	1350672	1655734	137545	1035599	942269	1129343	91902	666781	408403	526391	45643	368818	3475246	0	5	2292047	1110660	71984	332	210	8	2364241	1111005
2021-02-09	3609267	134021	60196	73825	3533181	75750	331	2424442	1184830	0.029	0.014	1411842	1714380	141993	1058512	978151	1147503	94639	674792	433691	566877	47354	383720	3609267	0	5	2348886	1184295	75228	522	323	8	2424437	1184830
2021-02-10	3763645	154378	77287	77091	3674988	79985	8667	2501729	1261921	0.030	0.015	1478760	1781046	146001	1087933	1017461	1175177	96286	685176	461299	605869	49715	402757	3763645	0	5	2414595	1260393	78482	1503	8647	20	2501724	1261921
2021-02-11	3907403	143758	75242	68516	3795159	87252	24985	2576973	1330437	0.031	0.016	1539776	1848576	151475	1113070	1052428	1208053	98713	694775	487348	640523	52762	418295	3907403	0	7	2469298	1325861	82717	4535	24951	34	2576966	1330437
2021-02-12	4062505	155102	79525	75577	3926738	96550	39207	2656501	1406014	0.032	0.017	1611268	1919253	157751	1138545	1094198	1240389	101429	704318	517070	678864	56322	434227	4062505	0	10	2530352	1396386	87289	9261	38850	357	2656491	1406014
2021-02-13	4169886	107381	61923	45458	4017513	99807	52555	2718425	1451472	0.033	0.017	1667599	1960972	162355	1156080	1129093	1262877	103231	711418	538506	698095	59124	444662	4169886	0	11	2577222	1440291	89001	10806	52191	364	2718414	1451472
2021-02-14	4235093	65207	39494	25713	4073001	102281	59799	2757920	1477185	0.033	0.018	1706122	1983696	163973	1164146	1153761	1276081	104081	714928	552361	707615	59892	449218	4235093	0	12	2608223	1464778	90271	12010	59414	385	2757908	1477185
2021-02-15	4360412	125319	69538	55781	4177596	107547	75256	2827459	1532966	0.034	0.018	1773591	2031897	168008	1183418	1194859	1300739	106358	721524	578732	731158	61650	461894	4360412	0	13	2660050	1517546	92543	15004	74853	403	2827446	1532966
2021-02-16	4494581	134169	77764	56405	4286021	113699	94847	2905224	1589371	0.035	0.019	1839625	2089928	170683	1200400	1236633	1336138	107879	728440	602992	753790	62804	471960	4494581	0	14	2715510	1570511	95268	18431	94432	415	2905210	1589371
2021-02-17	4645343	150762	94458	56304	4408030	121697	115601	2999683	1645675	0.036	0.020	1920033	2147919	175770	1221928	1292995	1368705	110873	736858	627038	779214	64897	485070	4645343	0	15	2784414	1623616	100081	21616	115173	428	2999668	1645675
2021-02-18	4789605	144262	91267	52995	4520225	129920	139444	3090951	1698670	0.037	0.020	1995907	2206102	179208	1240945	1345328	1403985	112659	744258	650579	802117	66549	496687	4789605	0	16	2847160	1673065	104763	25157	139012	432	3090935	1698670
2021-02-19	4947974	158369	102788	55581	4641213	139881	166863	3193740	1754251	0.038	0.021	2076668	2266444	184080	1258305	1402958	1440066	115287	750941	673710	826378	68793	507364	4947974	0	17	2915684	1725529	111714	28167	166325	538	3193723	1754251
2021-02-20	5060045	112071	75801	36270	4727598	144345	188084	3269542	1790521	0.039	0.022	2138268	2310157	187738	1272296	1445964	1469322	117533	755178	692304	840835	70205	517118	5060045	0	18	2966242	1761356	115746	28599	187536	548	3269524	1790521
2021-02-21	5145844	85799	57419	28380	4794106	147986	203733	3326962	1818901	0.040	0.022	2187054	2340674	190304	1282667	1479917	1489494	118664	757407	707137	851180	71640	525260	5145844	0	19	3004536	1789570	119228	28758	203179	554	3326943	1818901
2021-02-22	5301168	155324	97584	57740	4916820	156979	227349	3424547	1876641	0.041	0.023	2266701	2410287	195201	1300517	1538362	1525084	121627	763642	728339	885203	73574	536875	5301168	0	20	3071291	1845529	126453	30526	226783	566	3424527	1876641
2021-02-23	5470820	169652	109168	60484	5050416	164188	256195	3533716	1937125	0.042	0.023	2346910	2483166	200501	1318387	1598211	1563793	124757	771284	748699	919373	75744	547103	5470820	0	21	3146074	1904342	132004	32184	255617	578	3533695	1937125
2021-02-24	5646495	175675	116525	59150	5181830	171798	292845	3650242	1996275	0.044	0.024	2431789	2557990	207079	1337422	1660503	1608669	128907	778912	771286	949321	78172	558510	5646495	0	22	3220042	1961788	137929	33869	292249	596	3650220	1996275
2021-02-25	5835227	188732	129767	58965	5312953	178557	343695	3780009	2055240	0.045	0.025	2514175	2648479	213515	1355541	1722988	1667176	133470	787131	791187	981303	80045	568410	5835227	0	22	3293742	2019211	143159	35398	343086	609	3779987	2055240
2021-02-26	6047684	212457	145562	66895	5453780	187389	406493	3925571	2122135	0.047	0.026	2602819	2749814	220591	1375230	1787946	1735795	138593	794627	814873	1014019	81998	580603	6047684	0	22	3369363	2084417	150375	37014	405811	682	3925549	2122135
2021-02-27	6195404	147720	107828	39892	5546435	191471	457476	4033399	2162027	0.048	0.026	2666475	2822116	227301	1388101	1833818	1790224	143432	799030	832657	1031892	83869	589071	6195404	0	22	3422866	2123569	153725	37746	456786	690	4033377	2162027
2021-02-28	6298240	102836	78770	24066	5607714	195426	495077	4112170	2186093	0.049	0.026	2714700	2875405	231582	1394762	1868893	1834535	146785	801170	845807	1040870	84797	593592	6298240	0	23	3460452	2147262	157327	38099	494368	709	4112147	2186093
2021-03-01	6496475	198235	148371	49864	5737996	205049	553407	4260541	2235957	0.051	0.027	2817221	2953369	239381	1408021	1943445	1896228	153263	806209	873776	1057141	86118	601812	6496475	0	23	3542907	2195089	164929	40120	552682	725	4260518	2235957
2021-03-02	6715280	218805	166706	52099	5877987	215044	622226	4427247	2288056	0.053	0.028	2927307	3047588	248982	1422628	2022735	1971725	160632	812692	904572	1075863	88350	609936	6715280	0	23	3633695	2244292	172050	42994	621479	747	4427224	2288056
2021-03-03	6961599	246319	175792	70527	6035009	229993	696574	4603039	2358583	0.055	0.028	3047976	3148969	260606	1439862	2105531	2048823	170041	819606	942445	1100146	90565	620256	6961599	0	23	3726141	2308868	181123	48870	695752	822	4603016	2358583
2021-03-04	7206277	244678	181837	62841	6176100	244460	785694	4784876	2421424	0.058	0.029	3159240	3258741	272992	1455625	2181653	2136963	180034	825002	977587	1121778	92958	630623	7206277	0	23	3809828	2366272	190197	54263	784828	866	4784853	2421424
2021-03-05	7482111	275834	207293	68541	6325590	257825	898672	4992170	2489965	0.060	0.030	3277185	3383782	287941	1471072	2258903	2242620	191990	830697	1018282	1141162	95951	640375	7482111	0	24	3896788	2428802	197602	60223	897756	916	4992146	2489965
2021-03-06	7683796	201685	153035	48650	6434813	266265	982694	5145205	2538615	0.062	0.031	3366696	3478463	298371	1480590	2314602	2325555	200824	833966	1052094	1152908	97547	646624	7683796	0	24	3959620	2475193	203804	62461	981757	937	5145181	2538615
2021-03-07	7831327	147531	114048	33483	6514553	272919	1043831	5259253	2572098	0.063	0.031	3437978	3544531	306478	1486155	2360956	2383880	208082	835928	1077022	1160651	98396	650227	7831327	0	24	4008233	2506320	208122	64797	1042874	957	5259229	2572098
2021-03-08	8068779	237452	185860	51592	6648458	283874	1136423	5445113	2623690	0.065	0.032	3556806	3640371	322827	1498475	2442587	2468035	222757	841890	1114219	1172336	100070	656585	8068779	0	24	4093950	2554508	215714	68160	1135425	998	5445089	2623690
2021-03-09	8320939	252160	197363	54797	6788509	296657	1235749	5642476	2678487	0.068	0.032	3677710	3742787	340236	1512022	2524321	2558568	238262	848791	1153389	1184219	101974	663231	8320939	0	24	4182741	2605768	225025	71632	1234686	1063	5642452	2678487
2021-03-10	8609266	288327	221288	67039	6947592	308835	1352814	5863765	2745526	0.071	0.033	3808598	3856306	360962	1530389	2606688	2661880	256906	860000	1201910	1194426	104056	670389	8608295	971	25	4278398	2669194	233644	75191	1351698	1116	5863740	2745526
2021-03-11	8893568	284302	223410	60892	7095223	322553	1475767	6087175	2806418	0.073	0.034	3937470	3976178	382106	1544008	2689957	2769533	276555	867677	1247513	1206645	105551	676331	8891942	1626	25	4369543	2725680	243014	79539	1474593	1174	6087150	2806418
2021-03-12	9220049	326481	255620	70861	7246808	339846	1633370	6342795	2877279	0.076	0.035	4071484	4127850	404783	1559463	2770420	2906954	297406	877132	1301064	1220896	107377	682331	9218213	1836	25	4455062	2791746	255714	84132	1631994	1376	6342770	2877279
2021-03-13	9460656	240607	190330	50277	7362818	349415	1748398	6533125	2927556	0.079	0.035	4181046	4240796	425293	1567511	2840453	3011727	316755	881879	1340593	1229069	108538	685632	9458664	1992	25	4522248	2840570	263942	85473	1746910	1488	6533100	2927556
2021-03-14	9630721	170065	134385	35680	7450882	354927	1824887	6667510	2963236	0.080	0.036	4266043	4307307	441408	1570975	2896461	3072888	331859	883676	1369582	1234419	109549	687299	9628719	2002	25	4575628	2875254	268479	86448	1823378	1509	6667485	2963236
2021-03-15	9878380	247659	188434	59225	7603640	367664	1907051	6855944	3022461	0.082	0.036	4400463	4391447	461474	1582289	2984151	3147219	350790	890548	1416312	1244228	110684	691741	9876095	2285	25	4670949	2932691	279517	88147	1905453	1598	6855919	3022461
2021-03-16	10057284	178904	110737	68167	7770279	378914	1908066	6966681	3090628	0.084	0.037	4527474	4426082	473886	1593025	3059300	3169255	361553	895647	1468174	1256827	112333	697378	10054452	2832	25	4771910	2998369	288282	90632	1906464	1602	6966656	3090628
2021-03-17	10262237	204953	124024	80929	7956498	396905	1908809	7090705	3171557	0.085	0.038	4672447	4463838	487350	1605072	3141952	3193652	373040	902175	1530495	1270186	114310	702897	10258788	3449	25	4882012	3074486	301466	95439	1907202	1607	7090680	3171557
2021-03-18	10455780	193543	117951	75592	8130720	415068	1909967	7208656	3247149	0.087	0.039	4812398	4498757	499905	1615322	3222615	3215628	383588	907340	1589783	1283129	116317	707982	10451908	3872	25	4985844	3144876	314428	100640	1908359	1608	7208631	3247149
2021-03-19	10700615	244835	160596	84239	8316202	435856	1948532	7369252	3331388	0.089	0.040	4961948	4563922	518114	1627194	3306761	3267408	399605	914537	1655187	1296514	118509	712657	10696212	4403	25	5093951	3222251	328409	107447	1946867	1665	7369227	3331388
2021-03-20	10920882	220267	166996	53271	8451591	451152	2018114	7536248	3384659	0.091	0.041	5078536	4641917	537715	1633319	3379545	3337212	417708	917920	1698991	1304705	120007	715399	10916155	4727	25	5179932	3271659	339872	111280	2016419	1695	7536223	3384659
2021-03-21	11085380	164498	126307	38191	8553766	460346	2071243	7662555	3422850	0.092	0.041	5171749	4694283	554274	1635819	3440184	3384099	433219	919244	1731565	1310184	121055	716575	11080653	4727	25	5247186	3306580	345822	114524	2069522	1721	7662530	3422850
2021-03-22	11354669	269289	192827	76462	8720255	484156	2150233	7855382	3499312	0.094	0.042	5329624	4766248	576579	1645397	3534739	3445389	453483	925279	1794885	1320859	123096	720118	11348414	6255	25	5344667	3375588	362232	121924	2148458	1775	7855357	3499312
2021-03-23	11655638	300969	216915	84054	8901933	503888	2249792	8072297	3583366	0.097	0.043	5490190	4854892	604288	1656865	3629814	3521119	478432	932910	1860376	1333773	125856	723955	11644395	11243	25	5447320	3454613	376991	126897	2247961	1831	8072272	3583366
2021-03-24	11994885	339247	249642	89605	9102265	536924	2355671	8321939	3672971	0.100	0.044	5664852	4952071	635971	1672375	3732242	3605792	507202	944863	1932610	1346279	128769	727512	11977850	17035	25	5563427	3538838	404721	132203	2353766	1905	8321914	3672971
2021-03-25	12327616	332731	251571	81160	9287822	564611	2475158	8573510	3754131	0.103	0.045	5830941	5060081	670798	1683452	3832663	3703768	539527	951994	1998278	1356313	131271	731458	12304636	22980	25	5673507	3614315	426837	137774	2473141	2017	8573485	3754131
2021-03-26	12701591	373975	285548	88427	9487522	601800	2612243	8859059	3842558	0.107	0.046	6003833	5184282	710463	1698535	3933360	3816071	576057	962322	2070473	1368211	134406	736213	12672297	29294	26	5791583	3695939	457322	144478	2610128	2115	8859033	3842558
2021-03-27	12982831	281240	218904	62336	9637083	629418	2716303	9077964	3904894	0.109	0.047	6147056	5279869	744190	1703356	4023632	3903670	607441	965464	2123424	1376199	136749	737892	12951187	31644	27	5881976	3755107	481830	147588	2714131	2172	9077937	3904894
2021-03-28	13179261	196430	143165	53265	9752453	647922	2778859	9221129	3958159	0.111	0.048	6253046	5333384	768116	1706823	4085867	3950861	629648	967502	2167179	1382523	138468	739321	13147426	31835	27	5947406	3805047	497060	150862	2776636	2223	9221102	3958159
2021-03-29	13484978	305717	217100	88617	9941200	672917	2870834	9438229	4046776	0.113	0.049	6418833	5404751	806706	1716518	4180272	4010842	665103	973637	2238561	1393909	141603	742881	13447195	37783	27	6054410	3886790	515246	157671	2868546	2288	9438202	4046776
2021-03-30	13814028	329050	236447	92603	10159900	697345	2956756	9674676	4139379	0.116	0.050	6591913	5474211	853024	1727240	4280843	4069380	706095	981320	2311070	1404831	146929	745920	13764109	49919	27	6187024	3972876	533217	164128	2954408	2348	9674649	4139379
2021-03-31	14150260	336232	234715	101517	10407399	733387	3009447	9909391	4240896	0.119	0.051	6774517	5538855	899988	1738789	4384637	4121392	747318	988525	2389880	1417463	152670	750264	14084026	66234	27	6341009	4066390	561292	172095	3007063	2384	9909364	4240896
2021-04-01	14476949	326689	235980	90709	10646308	765848	3064766	10145371	4331605	0.122	0.052	6936269	5606629	944397	1747554	4476928	4175958	787230	994147	2459341	1430671	157167	753407	14390636	86313	27	6497148	4149160	585856	179992	3062340	2426	10145344	4331605
2021-04-02	14702671	225722	157742	67980	10825839	780237	3096568	10303113	4399585	0.124	0.053	7067172	5654574	981393	1749910	4552089	4213818	820223	995356	2515083	1440756	161170	754554	14614834	87837	27	6613067	4212772	595904	184333	3094115	2453	10303086	4399585
2021-04-03	14934514	231843	167469	64374	10999986	796041	3138460	10470582	4463959	0.126	0.054	7198861	5698683	1018737	1753036	4633025	4248782	853330	997097	2565836	1449901	165407	755939	14845278	89236	27	6727727	4272259	606859	189182	3135969	2491	10470555	4463959
2021-04-04	15127458	192944	142576	50368	11132185	806103	3189143	10613158	4514327	0.128	0.054	7309766	5731715	1048001	1754173	4704262	4274251	879171	997551	2605504	1457464	168830	756622	15038086	89372	27	6813491	4318694	613031	193072	3186609	2534	10613131	4514327
2021-04-05	15375319	247861	177646	70215	11297178	823966	3254148	10790804	4584542	0.130	0.055	7456036	5770066	1081529	1756372	4794323	4302940	907924	998846	2661713	1467126	173605	757526	15284637	90682	27	6913080	4384098	626114	197852	3251583	2565	10790777	4584542
2021-04-06	15749114	373795	279089	94706	11552138	856192	3340755	11069895	4679248	0.133	0.056	7644926	5826686	1124640	1761928	4910112	4346229	944820	1001588	2734814	1480457	179820	760340	15621805	127309	29	7082097	4470041	649647	206545	3338122	2633	11069866	4679248
2021-04-07	16417208	668094	571724	96370	12094335	893238	3429606	11641619	4775618	0.140	0.057	7644926	5826686	1124640	1761928	4910112	4346229	944820	1001588	2734814	1480457	179820	760340	15984235	432973	29	7536611	4557724	678089	215149	3426890	2716	11641590	4775618
2021-04-08	17116041	698833	611160	87673	12665826	928870	3521316	12252779	4863291	0.147	0.058	7644926	5826686	1124640	1761928	4910112	4346229	944820	1001588	2734814	1480457	179820	760340	16358190	757851	29	8029482	4636344	704748	224122	3518520	2796	12252750	4863291
2021-04-09	17747992	631951	543028	88923	13156095	965461	3626407	12795807	4952214	0.154	0.060	7644926	5826686	1124640	1761928	4910112	4346229	944820	1001588	2734814	1480457	179820	760340	16750638	997354	29	8442345	4713750	729905	235556	3623528	2879	12795778	4952214
2021-04-10	18120579	372587	307531	65056	13404585	988681	3727284	13103338	5017270	0.158	0.060	7644926	5826686	1124640	1761928	4910112	4346229	944820	1001588	2734814	1480457	179820	760340	17090179	1030400	29	8633524	4771061	745443	243238	3724342	2942	13103309	5017270
2021-04-11	18384494	263915	213596	50319	13574954	1007347	3802164	13316934	5067589	0.160	0.061	7644926	5826686	1124640	1761928	4910112	4346229	944820	1001588	2734814	1480457	179820	760340	17349015	1035479	29	8757597	4817357	760162	247185	3799146	3018	13316905	5067589
2021-04-12	18803206	418712	342335	76377	13853821	1036583	3912772	13659270	5143966	0.164	0.062	7644926	5826686	1124640	1761928	4910112	4346229	944820	1001588	2734814	1480457	179820	760340	17719220	1083986	30	8968613	4885208	780926	255657	3909701	3071	13659240	5143966
2021-04-13	19380129	576923	503225	73698	14286125	1063822	4030152	14162495	5217664	0.170	0.063	7644926	5826686	1124640	1761928	4910112	4346229	944820	1001588	2734814	1480457	179820	760340	18100013	1280116	30	9332854	4953271	802724	261098	4026887	3265	14162465	5217664
2021-04-14	20155171	775042	691830	83212	14902636	1097375	4155130	14854325	5300876	0.179	0.064	7644926	5826686	1124640	1761928	4910112	4346229	944820	1001588	2734814	1480457	179820	760340	18501258	1653913	30	9875216	5027420	827772	269603	4151307	3823	14854295	5300876
2021-04-15	20835480	680309	610004	70305	15436703	1133577	4265169	15464330	5371181	0.186	0.065	7644926	5826686	1124640	1761928	4910112	4346229	944820	1001588	2734814	1480457	179820	760340	18885938	1949542	31	10348535	5088168	855362	278215	4260402	4767	15464299	5371181
2021-04-16	21432088	596608	522416	74192	15874828	1166186	4391043	15986746	5445373	0.192	0.065	7644926	5826686	1124640	1761928	4910112	4346229	944820	1001588	2734814	1480457	179820	760340	19287707	2144381	31	10721703	5153125	879541	286645	4385471	5572	15986715	5445373
2021-04-17	21798099	366011	309396	56615	16099710	1188872	4509486	16296142	5501988	0.196	0.066	7644926	5826686	1124640	1761928	4910112	4346229	944820	1001588	2734814	1480457	179820	760340	19631914	2166185	31	10898589	5201121	895090	293782	4502432	7054	16296111	5501988
2021-04-18	22067570	269471	230466	39005	16271749	1204261	4591529	16526608	5540993	0.199	0.067	7644926	5826686	1124640	1761928	4910112	4346229	944820	1001588	2734814	1480457	179820	760340	19896774	2170796	31	11036688	5235061	906580	297681	4583309	8220	16526577	5540993
2021-04-19	22469922	402352	340947	61405	16565582	1237193	4667115	16867556	5602398	0.203	0.067	7644926	5826686	1124640	1761928	4910112	4346229	944820	1001588	2734814	1480457	179820	760340	20254795	2215127	32	11278357	5287225	931589	305604	4657578	9537	16867524	5602398
2021-04-20	23030799	560877	498106	62771	16947558	1276437	4806771	17365663	5665169	0.209	0.068	7644926	5826686	1124640	1761928	4910112	4346229	944820	1001588	2734814	1480457	179820	760340	20621221	2409578	33	11606310	5341248	964165	312272	4795155	11616	17365630	5665169
2021-04-21	23751763	720964	647849	73115	17401811	1318150	5031769	18013512	5738284	0.217	0.069	7644926	5826686	1124640	1761928	4910112	4346229	944820	1001588	2734814	1480457	179820	760340	21003037	2748726	33	11998028	5403783	997746	320404	5017705	14064	18013479	5738284
2021-04-22	24390351	638588	571394	67194	17783578	1361824	5244916	18584906	5805478	0.223	0.070	7644926	5826686	1124640	1761928	4910112	4346229	944820	1001588	2734814	1480457	179820	760340	21374366	3015985	33	12323905	5459673	1033740	328084	5227228	17688	18584873	5805478
2021-04-23	24946623	556272	487339	68933	18136878	1405415	5404297	19072245	5874411	0.229	0.071	7644926	5826686	1124640	1761928	4910112	4346229	944820	1001588	2734814	1480457	179820	760340	21762443	3184180	33	12622347	5514531	1066807	338608	5383058	21239	19072212	5874411
2021-04-24	25312208	365585	306637	58948	18371857	1454752	5485566	19378882	5933359	0.233	0.071	7644926	5826686	1124640	1761928	4910112	4346229	944820	1001588	2734814	1480457	179820	760340	22111117	3201091	33	12816106	5555751	1100771	353981	5461972	23594	19378849	5933359
2021-04-25	25595131	282923	233876	49047	18559631	1488430	5547037	19612758	5982406	0.236	0.072	7644926	5826686	1124640	1761928	4910112	4346229	944820	1001588	2734814	1480457	179820	760340	22388226	3206905	33	12966482	5593149	1124584	363846	5521659	25378	19612725	5982406
2021-04-26	26028170	433039	359055	73984	18877540	1530930	5619597	19971883	6056390	0.240	0.073	7644926	5826686	1124640	1761928	4910112	4346229	944820	1001588	2734814	1480457	179820	760340	22734673	3293497	103	13222871	5654669	1158682	372248	5590227	29370	19971780	6056390
2021-04-27	26813608	785438	693432	92006	19554244	1582437	5676271	20665868	6148396	0.248	0.074	7644926	5826686	1124640	1761928	4910112	4346229	944820	1001588	2734814	1480457	179820	760340	23105231	3708377	656	13821728	5732516	1201055	381382	5642429	33842	20665212	6148396
2021-04-28	27936793	1123185	996093	127092	20562482	1643169	5729654	21662793	6275488	0.260	0.075	7644926	5826686	1124640	1761928	4910112	4346229	944820	1001588	2734814	1480457	179820	760340	23499333	4437460	1488	14721369	5841113	1249244	393925	5690692	38962	21661305	6275488
2021-04-29	28883230	946437	812922	133515	21386890	1707112	5786831	22476624	6409003	0.270	0.077	7644926	5826686	1124640	1761928	4910112	4346229	944820	1001588	2734814	1480457	179820	760340	23887702	4995528	2397	15433470	5953420	1300786	406326	5739971	46860	22474227	6409003
2021-04-30	29687030	803800	666700	137100	22065308	1764418	5854032	23144199	6546103	0.278	0.079	7644926	5826686	1124640	1761928	4910112	4346229	944820	1001588	2734814	1480457	179820	760340	24291656	5395374	3272	16000311	6064997	1342831	421587	5797785	56247	23140927	6546103
2021-05-01	30023311	336281	260029	76252	22318142	1805907	5893416	23406802	6622355	0.281	0.080	7644926	5826686	1124640	1761928	4910112	4346229	944820	1001588	2734814	1480457	179820	760340	24603287	5420024	5846	16191889	6126253	1377914	427993	5831153	62263	23400956	6622355
2021-05-02	30288304	264993	197610	67383	22513721	1843417	5923513	23606219	6689738	0.284	0.080	7644926	5826686	1124640	1761928	4910112	4346229	944820	1001588	2734814	1480457	179820	760340	24860625	5427679	7653	16331722	6181999	1410172	433245	5856672	66841	23598566	6689738
2021-05-03	30740003	451699	335343	116356	22831622	1913998	5985144	23943148	6806094	0.288	0.082	7644926	5826686	1124640	1761928	4910112	4346229	944820	1001588	2734814	1480457	179820	760340	25218464	5521539	9239	16558643	6272979	1467560	446438	5907706	77438	23933909	6806094
2021-05-04	31583040	843037	681295	161742	23457949	1977508	6135382	24627405	6967836	0.296	0.084	7644926	5826686	1124640	1761928	4910112	4346229	944820	1001588	2734814	1480457	179820	760340	25594249	5988791	12201	17053138	6404811	1517826	459682	6044240	91142	24615204	6967836
2021-05-05	32730264	1147224	914915	232309	24309254	2056471	6347868	25546790	7200145	0.307	0.087	7644926	5826686	1124640	1761928	4910112	4346229	944820	1001588	2734814	1480457	179820	760340	26015509	6714755	16671	17719011	6590243	1571284	485187	6239824	108044	25530119	7200145
2021-05-06	33720840	990576	767295	223281	25002013	2148577	6549386	26318278	7423426	0.316	0.089	7644926	5826686	1124640	1761928	4910112	4346229	944820	1001588	2734814	1480457	179820	760340	26430974	7289866	20864	18234539	6767474	1640986	507591	6421889	127497	26297414	7423426
2021-05-07	34611390	890550	652127	238423	25589231	2235270	6761821	26974609	7661849	0.324	0.092	7644926	5826686	1124640	1761928	4910112	4346229	944820	1001588	2734814	1480457	179820	760340	26877508	7733882	25068	18647759	6941472	1696715	538555	6605067	156754	26949541	7661849
2021-05-08	35037165	425775	271695	154080	25856892	2307052	6846436	27248021	7815929	0.328	0.094	7644926	5826686	1124640	1761928	4910112	4346229	944820	1001588	2734814	1480457	179820	760340	27242792	7794373	26785	18802518	7054374	1748662	558390	6670056	176380	27221236	7815929
2021-05-09	35323343	286178	183620	102558	26050784	2363609	6881099	27432707	7918487	0.330	0.095	7644926	5826686	1124640	1761928	4910112	4346229	944820	1001588	2734814	1480457	179820	760340	27517935	7805408	27851	18917138	7133646	1794421	569188	6693297	187802	27404856	7918487
2021-05-10	35912693	589350	395816	193534	26423951	2445397	7011765	27832252	8112021	0.335	0.098	7644926	5826686	1124640	1761928	4910112	4346229	944820	1001588	2734814	1480457	179820	760340	27918387	7994306	31580	19148522	7275429	1854036	591361	6798114	213651	27800672	8112021
2021-05-11	36998556	1085863	798000	287863	27249889	2525294	7188152	28633893	8399884	0.344	0.101	7644926	5826686	1124640	1761928	4910112	4346229	944820	1001588	2734814	1480457	179820	760340	28350555	8648001	35221	19741554	7508335	1911763	613531	6945355	242797	28598672	8399884
2021-05-12	38414548	1415992	1049265	366727	28343193	2616966	7413416	29688910	8766611	0.357	0.105	7644926	5826686	1124640	1761928	4910112	4346229	944820	1001588	2734814	1480457	179820	760340	28810564	9603984	40973	20538399	7804794	1972883	644083	7136655	276761	29647937	8766611
2021-05-13	38843824	429276	268420	160856	28658542	2683738	7457924	29959977	8927467	0.360	0.107	7644926	5826686	1124640	1761928	4910112	4346229	944820	1001588	2734814	1480457	179820	760340	29166361	9677463	43620	20725967	7932575	2024444	659294	7165946	291978	29916357	8927467
2021-05-14	39600361	756537	525998	230539	29203787	2748661	7596498	30493770	9158006	0.367	0.110	7644926	5826686	1124640	1761928	4910112	4346229	944820	1001588	2734814	1480457	179820	760340	29571561	10028800	51415	21090616	8113171	2074177	674484	7277562	318936	30442355	9158006
2021-05-15	40000441	400080	234554	165526	29482844	2808959	7652943	30732604	9323532	0.370	0.112	7644926	5826686	1124640	1761928	4910112	4346229	944820	1001588	2734814	1480457	179820	760340	29923975	10076466	55695	21247309	8235535	2118126	690833	7311474	341469	30676909	9323532
2021-05-16	40283014	282573	160602	121971	29683027	2861699	7677868	30897931	9445503	0.372	0.114	7644926	5826686	1124640	1761928	4910112	4346229	944820	1001588	2734814	1480457	179820	760340	30190543	10092471	60420	21353745	8329282	2160981	700718	7322785	355083	30837511	9445503
2021-05-17	40838324	555310	349292	206018	30021404	2947377	7799366	31256980	9651521	0.376	0.116	7644926	5826686	1124640	1761928	4910112	4346229	944820	1001588	2734814	1480457	179820	760340	30576535	10261789	70177	21546632	8474772	2222247	725130	7417924	381442	31186803	9651521
2021-05-18	41710357	872033	517369	354664	30611052	3048473	7972883	31782121	10006185	0.382	0.120	7644926	5826686	1124640	1761928	4910112	4346229	944820	1001588	2734814	1480457	179820	760340	30993564	10716793	77949	21846024	8765028	2294755	753718	7563393	409490	31704172	10006185
2021-05-19	42808124	1097767	563634	534133	31415226	3148565	8154226	32357913	10540318	0.389	0.127	7644926	5826686	1124640	1761928	4910112	4346229	944820	1001588	2734814	1480457	179820	760340	31411553	11396571	90107	22190030	9225196	2361000	787565	7716776	437450	32267806	10540318
2021-05-20	43755731	947607	455581	492026	32098905	3245037	8310841	32824335	11032344	0.395	0.133	7644926	5826686	1124640	1761928	4910112	4346229	944820	1001588	2734814	1480457	179820	760340	31828217	11927514	100948	22450958	9647947	2426513	818524	7845916	464925	32723387	11032344
2021-05-21	44606888	851157	405987	445170	32695101	3330735	8468223	33242203	11477514	0.400	0.138	7644926	5826686	1124640	1761928	4910112	4346229	944820	1001588	2734814	1480457	179820	760340	32256654	12350234	112829	22673473	10021628	2482890	847845	7973011	495212	33129374	11477514
2021-05-22	45080763	473875	214903	258972	33001302	3400240	8552115	33471383	11736486	0.402	0.141	7644926	5826686	1124640	1761928	4910112	4346229	944820	1001588	2734814	1480457	179820	760340	32601599	12479164	127106	22771956	10229346	2531199	869041	8041122	510993	33344277	11736486
2021-05-23	45365837	285074	124720	160354	33194219	3459628	8576020	33604967	11896840	0.404	0.143	7644926	5826686	1124640	1761928	4910112	4346229	944820	1001588	2734814	1480457	179820	760340	32868552	12497285	135970	22837581	10356638	2575496	884132	8055920	520100	33468997	11896840
2021-05-24	45691813	325976	141123	184853	33429940	3521176	8596686	33754131	12081693	0.406	0.145	7644926	5826686	1124640	1761928	4910112	4346229	944820	1001588	2734814	1480457	179820	760340	33179003	12512810	144011	22920180	10509760	2622048	899128	8067892	528794	33610120	12081693
2021-05-25	46347301	655488	272095	383393	33876584	3600857	8700737	34051338	12465086	0.409	0.150	7644926	5826686	1124640	1761928	4910112	4346229	944820	1001588	2734814	1480457	179820	760340	33575548	12771753	169123	23061883	10814701	2673493	927364	8146839	553898	33882215	12465086
2021-05-26	47527113	1179812	469540	710272	34761604	3683268	8834843	34599153	13175358	0.416	0.158	7644926	5826686	1124640	1761928	4910112	4346229	944820	1001588	2734814	1480457	179820	760340	33991945	13535168	247398	23376715	11384889	2726083	957185	8248957	585886	34351755	13175358
2021-05-27	48567914	1040801	404144	636657	35500720	3772203	8966470	35084420	13812015	0.422	0.166	7644926	5826686	1124640	1761928	4910112	4346229	944820	1001588	2734814	1480457	179820	760340	34410909	14157005	328521	23634555	11866165	2777705	994498	8343639	622831	34755899	13812015
2021-05-28	49471459	903545	356277	547268	36103830	3858375	9096976	35524454	14359283	0.427	0.173	7644926	5826686	1124640	1761928	4910112	4346229	944820	1001588	2734814	1480457	179820	760340	34846493	14624966	412278	23851331	12252499	2828224	1030151	8432621	664355	35112176	14359283
2021-05-29	49881630	410171	151689	258482	36365653	3920974	9154937	35703931	14617765	0.429	0.176	7644926	5826686	1124640	1761928	4910112	4346229	944820	1001588	2734814	1480457	179820	760340	35182255	14699375	440066	23931148	12434505	2865078	1055896	8467639	687298	35263865	14617765
2021-05-30	50165154	283524	97712	185812	36562784	3967987	9183288	35812672	14803577	0.431	0.178	7644926	5826686	1124640	1761928	4910112	4346229	944820	1001588	2734814	1480457	179820	760340	35443961	14721193	451095	23990353	12572431	2892425	1075562	8478799	704489	35361577	14803577
2021-05-31	50711795	546641	178270	368371	36929921	4035418	9252891	36033412	15171948	0.433	0.182	7644926	5826686	1124640	1761928	4910112	4346229	944820	1001588	2734814	1480457	179820	760340	35832833	14878962	493565	24102035	12827886	2920092	1115326	8517720	735171	35539847	15171948
2021-06-01	51699974	988179	399921	588258	37663302	4115214	9343394	36517832	15760206	0.439	0.190	7644926	5826686	1124640	1761928	4910112	4346229	944820	1001588	2734814	1480457	179820	760340	36230539	15469435	578064	24418104	13245198	2949837	1165377	8571827	771567	35939768	15760206
2021-06-02	52947380	1247406	516772	730634	38652216	4187788	9425613	37138303	16490840	0.447	0.198	7644926	5826686	1124640	1761928	4910112	4346229	944820	1001588	2734814	1480457	179820	760340	36637667	16309713	681763	24867459	13784757	2974296	1213492	8614785	810828	36456540	16490840
2021-06-03	53590046	642666	230362	412304	39127148	4252101	9475832	37421867	16903144	0.450	0.203	7644926	5826686	1124640	1761928	4910112	4346229	944820	1001588	2734814	1480457	179820	760340	37000920	16589126	734965	25047259	14079889	3004000	1248101	8635643	840189	36686902	16903144
2021-06-04	54400552	810506	291092	519414	39712334	4323340	9552696	37790176	17422558	0.454	0.209	7644926	5826686	1124640	1761928	4910112	4346229	944820	1001588	2734814	1480457	179820	760340	37408938	16991614	812182	25275191	14437143	3032691	1290649	8670112	882584	36977994	17422558
2021-06-05	54813410	412858	96278	316580	39983446	4390302	9596866	37917068	17739138	0.456	0.213	7644926	5826686	1124640	1761928	4910112	4346229	944820	1001588	2734814	1480457	179820	760340	37758252	17055158	842796	25334282	14649164	3058979	1331323	8681011	915855	37074272	17739138
2021-06-06	55105610	292200	59396	232804	40189174	4431295	9624105	37994704	17971942	0.457	0.216	7644926	5826686	1124640	1761928	4910112	4346229	944820	1001588	2734814	1480457	179820	760340	38020743	17084867	861036	25378186	14810988	3070949	1360346	8684533	939572	37133668	17971942
2021-06-07	55719186	613576	192801	420775	40590699	4516366	9696606	38241984	18392717	0.460	0.221	7644926	5826686	1124640	1761928	4910112	4346229	944820	1001588	2734814	1480457	179820	760340	38395035	17323248	915515	25512300	15078399	3098509	1417857	8715660	980946	37326469	18392717
2021-06-08	56770627	1051441	339896	711545	41435581	4591744	9759548	38650119	19104262	0.465	0.230	7644926	5826686	1124640	1761928	4910112	4346229	944820	1001588	2734814	1480457	179820	760340	38798655	17968865	983754	25793678	15641903	3124740	1467004	8747947	1011601	37666365	19104262
2021-06-09	58190691	1420064	445713	974351	42608636	4678978	9823546	39191609	20078613	0.471	0.241	7644926	5826686	1124640	1761928	4910112	4346229	944820	1001588	2734814	1480457	179820	760340	39227990	18956810	1079531	26178603	16430033	3153124	1525854	8780351	1043195	38112078	20078613
2021-06-10	59379315	1188624	402266	786358	43563235	4768787	9879318	39682319	20864971	0.477	0.251	7644926	5826686	1124640	1761928	4910112	4346229	944820	1001588	2734814	1480457	179820	760340	39665073	19705530	1167975	26521953	17041282	3185144	1583643	8807247	1072071	38514344	20864971
2021-06-11	60439353	1060038	362063	697975	44368478	4857808	9948316	40141158	21562946	0.483	0.259	7644926	5826686	1124640	1761928	4910112	4346229	944820	1001588	2734814	1480457	179820	760340	40109335	20318630	1264751	26826321	17542157	3213350	1644458	8836736	1111580	38876407	21562946
2021-06-12	60874326	434973	123471	311502	44652987	4929676	9991670	40299871	21874448	0.485	0.263	7644926	5826686	1124640	1761928	4910112	4346229	944820	1001588	2734814	1480457	179820	760340	40441211	20420893	1299993	26918029	17734958	3232059	1697617	8849790	1141880	38999878	21874448
2021-06-13	61157313	282987	64705	218282	44832874	4993189	10017469	40378364	22092730	0.486	0.266	7644926	5826686	1124640	1761928	4910112	4346229	944820	1001588	2734814	1480457	179820	760340	40688538	20456247	1313781	26962188	17870686	3247984	1745205	8854411	1163058	39064583	22092730
2021-06-14	61810780	653467	212794	440673	45262512	5094395	10084860	40646390	22533403	0.489	0.271	7644926	5826686	1124640	1761928	4910112	4346229	944820	1001588	2734814	1480457	179820	760340	41099494	20696780	1369013	27133779	18128733	3271597	1822798	8872001	1212859	39277377	22533403
2021-06-15	62855134	1044354	344876	699478	46058661	5198956	10169421	41050349	23232881	0.494	0.279	7644926	5826686	1124640	1761928	4910112	4346229	944820	1001588	2734814	1480457	179820	760340	41553669	21283470	1428096	27430500	18628161	3300124	1898832	8891629	1277792	39622253	23232881
2021-06-16	64233495	1378361	462953	915408	47157943	5305175	10265996	41589587	24148289	0.500	0.290	7644926	5826686	1124640	1761928	4910112	4346229	944820	1001588	2734814	1480457	179820	760340	42029457	22182018	1504381	27835753	19322190	3332286	1972889	8917167	1348829	40085206	24148289
2021-06-17	65377723	1144228	396363	747865	48038542	5408358	10358184	42054208	24896154	0.506	0.299	7644926	5826686	1124640	1761928	4910112	4346229	944820	1001588	2734814	1480457	179820	760340	42500115	22852215	1572639	28180462	19858080	3361651	2046707	8939456	1418728	40481569	24896154
2021-06-18	66366498	988775	342145	646630	48768099	5502480	10454452	42465181	25542784	0.511	0.307	7644926	5826686	1124640	1761928	4910112	4346229	944820	1001588	2734814	1480457	179820	760340	42955903	23382503	1641467	28469544	20298555	3392699	2109781	8961471	1492981	40823714	25542784
2021-06-19	66793343	426845	119520	307325	49040878	5584554	10505302	42605843	25850109	0.512	0.311	7644926	5826686	1124640	1761928	4910112	4346229	944820	1001588	2734814	1480457	179820	760340	43297007	23466988	1662609	28561558	20479320	3413670	2170884	8968006	1537296	40943234	25850109
2021-06-20	67088371	295028	67823	227205	49219654	5656154	10537142	42686478	26077314	0.513	0.314	7644926	5826686	1124640	1761928	4910112	4346229	944820	1001588	2734814	1480457	179820	760340	43562130	23496614	1675421	28610737	20608917	3429701	2226453	8970619	1566523	41011057	26077314
2021-06-21	67716738	628367	207508	420859	49628835	5753574	10622569	42930325	26498173	0.516	0.319	7644926	5826686	1124640	1761928	4910112	4346229	944820	1001588	2734814	1480457	179820	760340	43958947	23726147	1711760	28779419	20849416	3454548	2299026	8984598	1637971	41218565	26498173
2021-06-22	68789273	1072535	371780	700755	50468969	5849387	10725107	43336155	27198928	0.521	0.327	7644926	5826686	1124640	1761928	4910112	4346229	944820	1001588	2734814	1480457	179820	760340	44398778	24354112	1745810	29104491	21364478	3485040	2364347	9000814	1724293	41590345	27198928
2021-06-23	70119063	1329790	484163	845627	51553282	5945006	10840591	43854692	28044555	0.527	0.337	7644926	5826686	1124640	1761928	4910112	4346229	944820	1001588	2734814	1480457	179820	760340	44839631	25237778	1780184	29538348	22014934	3514715	2430291	9021445	1819146	42074508	28044555
2021-06-24	71150480	1031417	485656	545761	52346659	6032155	10951294	44380536	28590316	0.534	0.344	7644926	5826686	1124640	1761928	4910112	4346229	944820	1001588	2734814	1480457	179820	760340	45273599	25830883	1820372	29967573	22379086	3549913	2482242	9042678	1908616	42560164	28590316
2021-06-25	72066680	916200	376599	539601	53036587	6108532	11061174	44797150	29129917	0.539	0.350	7644926	5826686	1124640	1761928	4910112	4346229	944820	1001588	2734814	1480457	179820	760340	45703054	26314646	1860387	30297710	22738877	3576530	2532002	9062523	1998651	42936763	29129917
2021-06-26	72475381	408701	135651	273050	53290594	6177545	11133644	44946012	29402967	0.540	0.354	7644926	5826686	1124640	1761928	4910112	4346229	944820	1001588	2734814	1480457	179820	760340	46047404	26378225	1873598	30401595	22888999	3602065	2575480	9068754	2064890	43072414	29402967
2021-06-27	72767044	291663	89697	201966	53463298	6235624	11190403	45039830	29604933	0.542	0.356	7644926	5826686	1124640	1761928	4910112	4346229	944820	1001588	2734814	1480457	179820	760340	46312994	26403445	1877719	30468626	22994672	3621334	2614290	9072151	2118252	43162111	29604933
2021-06-28	73393497	626453	241907	384546	53861944	6325337	11304147	45306087	29989479	0.545	0.361	7644926	5826686	1124640	1761928	4910112	4346229	944820	1001588	2734814	1480457	179820	760340	46722953	26617843	1902069	30664549	23197395	3653578	2671759	9085891	2218256	43404018	29989479
2021-06-29	74322736	929239	386335	542904	54543573	6417887	11436829	45714800	30532383	0.550	0.367	7644926	5826686	1124640	1761928	4910112	4346229	944820	1001588	2734814	1480457	179820	760340	47151550	27113831	1924447	31006257	23537316	3686490	2731397	9097606	2339223	43790353	30532383
2021-06-30	75340641	1017905	447855	570050	55308553	6511630	11573399	46185267	31102433	0.555	0.374	7644926	5826686	1124640	1761928	4910112	4346229	944820	1001588	2734814	1480457	179820	760340	47580095	27697962	1947059	31404889	23903664	3721226	2790404	9112093	2461306	44238208	31102433
2021-07-01	76319834	979193	450535	528658	56049326	6594776	11706178	46658297	31631091	0.561	0.380	7644926	5826686	1124640	1761928	4910112	4346229	944820	1001588	2734814	1480457	179820	760340	47984719	28268207	1969554	31811392	24237934	3751736	2843040	9125615	2580563	44688743	31631091
2021-07-02	77162574	842740	377829	464911	56696975	6689122	11785311	47057738	32096002	0.566	0.386	7644926	5826686	1124640	1761928	4910112	4346229	944820	1001588	2734814	1480457	179820	760340	48382322	28709971	1991166	32148307	24548668	3783444	2905678	9134821	2650490	45066572	32096002
2021-07-03	77539102	376528	148384	228144	56951884	6768401	11812444	47221329	32324146	0.568	0.389	7644926	5826686	1124640	1761928	4910112	4346229	944820	1001588	2734814	1480457	179820	760340	48691853	28776252	2006373	32269308	24682576	3808035	2960366	9137613	2674831	45214956	32324146
2021-07-04	77812090	272988	92752	180236	57133297	6836540	11826967	47322994	32504382	0.569	0.391	7644926	5826686	1124640	1761928	4910112	4346229	944820	1001588	2734814	1480457	179820	760340	48937322	28803194	2015286	32342170	24791127	3826477	3010063	9139061	2687906	45307708	32504382
2021-07-05	78346250	534160	195163	338997	57518763	6930839	11866510	47533009	32843379	0.572	0.395	7644926	5826686	1124640	1761928	4910112	4346229	944820	1001588	2734814	1480457	179820	760340	49279427	28993153	2030138	32506996	25011767	3852464	3078375	9143411	2723099	45502871	32843379
2021-07-06	79120803	774553	269014	505539	58133596	7029666	11911744	47817682	33348918	0.575	0.401	7644926	5826686	1124640	1761928	4910112	4346229	944820	1001588	2734814	1480457	179820	760340	49620308	29423099	2045797	32746200	25387396	3877726	3151940	9147959	2763785	45771885	33348918
2021-07-07	80112682	991879	322653	669226	58959862	7125014	11963042	48159302	34018144	0.579	0.409	7644926	5826686	1124640	1761928	4910112	4346229	944820	1001588	2734814	1480457	179820	760340	49973958	30056482	2064764	33038854	25921008	3902323	3222691	9153361	2809681	46094538	34018144
2021-07-08	80956012	843330	262039	581291	59640339	7225845	12005671	48440734	34599435	0.582	0.416	7644926	5826686	1124640	1761928	4910112	4346229	944820	1001588	2734814	1480457	179820	760340	50318086	30551427	2084157	33274151	26366188	3924782	3301063	9157644	2848027	46356577	34599435
2021-07-09	81710458	754446	218748	535698	60232517	7324351	12048870	48680045	35135133	0.585	0.422	7644926	5826686	1124640	1761928	4910112	4346229	944820	1001588	2734814	1480457	179820	760340	50663492	30956968	2104720	33470584	26761933	3942656	3381695	9162085	2886785	46575325	35135133
2021-07-10	82053296	342838	95420	247418	60460346	7408513	12069972	48785210	35382551	0.587	0.425	7644926	5826686	1124640	1761928	4910112	4346229	944820	1001588	2734814	1480457	179820	760340	50937421	31025280	2114465	33546447	26913899	3960770	3447743	9163528	2906444	46670745	35382551
2021-07-11	82281040	227744	60953	166791	60606008	7472016	12080258	48854456	35549342	0.587	0.427	7644926	5826686	1124640	1761928	4910112	4346229	944820	1001588	2734814	1480457	179820	760340	51145871	31044204	2122758	33592160	27013848	3975543	3496473	9163995	2916263	46731698	35549342
2021-07-12	82745829	464789	150295	314494	60953810	7550902	12104285	49018825	35863836	0.589	0.431	7644926	5826686	1124640	1761928	4910112	4346229	944820	1001588	2734814	1480457	179820	760340	51412207	31240232	2136832	33711690	27242120	4004437	3546465	9165866	2938419	46881993	35863836
2021-07-13	83503203	757374	179273	578101	61579053	7628504	12138898	49218014	36441937	0.592	0.438	7644926	5826686	1124640	1761928	4910112	4346229	944820	1001588	2734814	1480457	179820	760340	51666322	31739362	2156748	33862734	27716319	4030405	3598099	9168127	2970771	47061266	36441937
2021-07-14	84474061	970858	202428	768430	62408177	7700266	12186021	49443291	37210367	0.595	0.447	7644926	5826686	1124640	1761928	4910112	4346229	944820	1001588	2734814	1480457	179820	760340	51942639	32429200	2179597	34040306	28367871	4051596	3648670	9171792	3014229	47263694	37210367
2021-07-15	85237679	763618	170360	593258	63039871	7771092	12224578	49636192	37803625	0.597	0.455	7644926	5826686	1124640	1761928	4910112	4346229	944820	1001588	2734814	1480457	179820	760340	52200146	32931568	2202138	34188619	28851252	4070770	3700322	9174665	3049913	47434054	37803625
2021-07-16	85893443	655764	150775	504989	63577320	7835272	12256538	49809142	38308614	0.599	0.461	7644926	5826686	1124640	1761928	4910112	4346229	944820	1001588	2734814	1480457	179820	760340	52455352	33328254	2224313	34320267	29257053	4087976	3747296	9176586	3079952	47584829	38308614
2021-07-17	86164223	270780	70690	200090	63750863	7898404	12272187	49898288	38508704	0.600	0.463	7644926	5826686	1124640	1761928	4910112	4346229	944820	1001588	2734814	1480457	179820	760340	52667755	33384580	2242769	34374413	29376450	4103634	3794770	9177472	3094715	47655519	38508704
2021-07-18	86363661	199438	59464	139974	63886095	7939964	12283638	49968947	38648678	0.601	0.465	7644926	5826686	1124640	1761928	4910112	4346229	944820	1001588	2734814	1480457	179820	760340	52838569	33412623	2253964	34424329	29461766	4112905	3827059	9177749	3105889	47714983	38648678
2021-07-19	86741809	378148	91055	287093	64179786	7990425	12303419	50074217	38935771	0.602	0.468	7644926	5826686	1124640	1761928	4910112	4346229	944820	1001588	2734814	1480457	179820	760340	53034676	33592649	2268179	34501120	29678666	4125838	3864587	9179080	3124339	47806038	38935771
2021-07-20	87342212	600403	125887	474516	64695658	8038751	12325345	50214383	39410287	0.604	0.474	7644926	5826686	1124640	1761928	4910112	4346229	944820	1001588	2734814	1480457	179820	760340	53252967	33970767	2282458	34608873	30086785	4141445	3897306	9181607	3143738	47931925	39410287
2021-07-21	88087769	745557	154511	591046	65358704	8084694	12348080	50382727	40001333	0.606	0.481	7644926	5826686	1124640	1761928	4910112	4346229	944820	1001588	2734814	1480457	179820	760340	53487130	34477235	2296291	34748834	30609870	4154400	3930294	9183202	3164878	48086436	40001333
2021-07-22	88698856	611087	120918	490169	65894082	8128019	12366923	50517186	40491502	0.607	0.487	7644926	5826686	1124640	1761928	4910112	4346229	944820	1001588	2734814	1480457	179820	760340	53713101	34857754	2309832	34858275	31035807	4164486	3963533	9184593	3182330	48207354	40491502
2021-07-23	89260684	561828	113087	448741	66377055	8170269	12385475	50648326	40940243	0.609	0.492	7644926	5826686	1124640	1761928	4910112	4346229	944820	1001588	2734814	1480457	179820	760340	53944077	35185498	2327885	34960066	31416989	4174444	3995825	9185931	3199544	48320441	40940243
2021-07-24	89470098	209414	52242	157172	66529420	8207732	12393217	50712412	41097415	0.610	0.494	7644926	5826686	1124640	1761928	4910112	4346229	944820	1001588	2734814	1480457	179820	760340	54097532	35239989	2339729	35004262	31525158	4181726	4026006	9186695	3206522	48372683	41097415
2021-07-25	89594175	124077	31953	92124	66613031	8239173	12396493	50750114	41189539	0.610	0.495	7644926	5826686	1124640	1761928	4910112	4346229	944820	1001588	2734814	1480457	179820	760340	54201765	35258381	2345478	35029838	31583193	4187986	4051187	9186812	3209681	48404636	41189539
2021-07-26	89926483	332308	71254	261054	66882322	8278936	12408778	50832337	41450593	0.611	0.498	7644926	5826686	1124640	1761928	4910112	4346229	944820	1001588	2734814	1480457	179820	760340	54383829	35406924	2356447	35090435	31791887	4197535	4081401	9187920	3220858	48475890	41450593
2021-07-27	90468234	541751	97345	444406	67349441	8321071	12428631	50942326	41894999	0.613	0.504	7644926	5826686	1124640	1761928	4910112	4346229	944820	1001588	2734814	1480457	179820	760340	54588937	35739285	2369091	35177824	32171617	4206201	4114870	9189210	3239421	48573235	41894999
2021-07-28	91145811	677577	121188	556389	67943594	8367782	12451946	51076912	42451388	0.614	0.510	7644926	5826686	1124640	1761928	4910112	4346229	944820	1001588	2734814	1480457	179820	760340	54816358	36185608	2382489	35288363	32655231	4215616	4152166	9190444	3261502	48694423	42451388
2021-07-29	91712895	567084	104523	462561	68432961	8411202	12471724	51195954	42913949	0.616	0.516	7644926	5826686	1124640	1761928	4910112	4346229	944820	1001588	2734814	1480457	179820	760340	55023511	36541536	2397008	35382498	33050463	4224788	4186414	9191660	3280064	48798946	42913949
2021-07-30	92200120	487225	93571	393654	68842044	8456389	12488877	51305327	43307603	0.617	0.521	7644926	5826686	1124640	1761928	4910112	4346229	944820	1001588	2734814	1480457	179820	760340	55231170	36818387	2412810	35466053	33375991	4233736	4222653	9192728	3296149	48892517	43307603
2021-07-31	92393278	193158	46723	146435	68981085	8492178	12494893	51364362	43454038	0.618	0.522	7644926	5826686	1124640	1761928	4910112	4346229	944820	1001588	2734814	1480457	179820	760340	55385834	36856357	2425122	35506442	33474643	4239916	4252262	9192882	3302011	48939240	43454038
2021-08-01	92509305	116027	30260	85767	69063919	8517217	12497208	51400461	43539805	0.618	0.524	7644926	5826686	1124640	1761928	4910112	4346229	944820	1001588	2734814	1480457	179820	760340	55485119	36872662	2430961	35532447	33531472	4244089	4273128	9192964	3304244	48969500	43539805
2021-08-02	92796315	287010	57811	229199	69297607	8550465	12506330	51469224	43769004	0.619	0.526	7644926	5826686	1124640	1761928	4910112	4346229	944820	1001588	2734814	1480457	179820	760340	55650081	36992897	2441913	35584650	33712957	4249126	4301339	9193535	3312795	49027311	43769004
2021-08-03	93246719	450404	75430	374974	69685608	8588336	12518264	51557252	44143978	0.620	0.531	7644926	5826686	1124640	1761928	4910112	4346229	944820	1001588	2734814	1480457	179820	760340	55830694	37259593	2454511	35654549	34031059	4253931	4334405	9194261	3324003	49102741	44143978
2021-08-04	93803119	556400	94624	461776	70183419	8623570	12529513	51663982	44605754	0.621	0.536	7644926	5826686	1124640	1761928	4910112	4346229	944820	1001588	2734814	1480457	179820	760340	56028437	37614993	2466617	35743224	34440195	4259385	4364185	9194756	3334757	49197365	44605754
2021-08-05	94297407	494288	82192	412096	70619170	8661200	12537419	51759175	45017850	0.622	0.541	7644926	5826686	1124640	1761928	4910112	4346229	944820	1001588	2734814	1480457	179820	760340	56223913	37910549	2479618	35819977	34799193	4264220	4396980	9195360	3342059	49279557	45017850
2021-08-06	94682307	384900	72070	312830	70953798	8692471	12544626	51843039	45330680	0.623	0.545	7644926	5826686	1124640	1761928	4910112	4346229	944820	1001588	2734814	1480457	179820	760340	56389557	38127512	2491412	35886922	35066876	4268937	4423534	9195768	3348858	49351627	45330680