date	dosen_kumulativ	dosen_differenz_zum_vortag	dosen_erst_differenz_zum_vortag	dosen_zweit_differenz_zum_vortag	dosen_biontech_kumulativ	dosen_moderna_kumulativ	dosen_astrazeneca_kumulativ	personen_erst_kumulativ	personen_voll_kumulativ	impf_quote_erst	impf_quote_voll	indikation_alter_dosen	indikation_beruf_dosen	indikation_medizinisch_dosen	indikation_pflegeheim_dosen	indikation_alter_erst	indikation_beruf_erst	indikation_medizinisch_erst	indikation_pflegeheim_erst	indikation_alter_voll	indikation_beruf_voll	indikation_medizinisch_voll	indikation_pflegeheim_voll	dosen_dim_kumulativ	dosen_kbv_kumulativ	dosen_johnson_kumulativ	dosen_biontech_erst_kumulativ	dosen_biontech_zweit_kumulativ	dosen_moderna_erst_kumulativ	dosen_moderna_zweit_kumulativ	dosen_astrazeneca_erst_kumulativ	dosen_astrazeneca_zweit_kumulativ	dosen_erst_kumulativ	dosen_zweit_kumulativ
2020-12-27	23453	23453	23436	17	23451	2	0	23436	17	0.000	0.000	10705	8657	1305	12604	10664	8590	1305	12536	41	67	0	68	23453	0	0	23434	17	2	0	0	0	23436	17
2020-12-28	41272	17819	17679	140	41270	2	0	41115	157	0.000	0.000	18621	15788	1991	21344	18580	15721	1991	21276	41	67	0	68	41272	0	0	41113	157	2	0	0	0	41115	157
2020-12-29	90721	49449	48725	724	90718	2	1	89840	881	0.001	0.000	34989	40734	3107	40508	34724	40420	3107	40099	265	314	0	409	90721	0	0	89837	881	2	0	1	0	89840	881
2020-12-30	153511	62790	62662	128	153508	2	1	152502	1009	0.002	0.000	55510	73365	4901	63206	55243	73050	4901	62794	267	315	0	412	153511	0	0	152499	1009	2	0	1	0	152502	1009
2020-12-31	202706	49195	49046	149	202703	2	1	201548	1158	0.002	0.000	72831	96719	6752	83965	72517	96367	6752	83476	314	352	0	489	202706	0	0	201545	1158	2	0	1	0	201548	1158
2021-01-01	227919	25213	25199	14	227908	7	4	226747	1172	0.003	0.000	81208	105449	7830	92301	80894	105097	7830	91812	314	352	0	489	227919	0	0	226737	1171	7	0	3	1	226747	1172
2021-01-02	275574	47655	47369	286	275563	7	4	274116	1458	0.003	0.000	102774	129731	10350	113258	102365	129304	10350	112629	409	427	0	629	275574	0	0	274106	1457	7	0	3	1	274116	1458
2021-01-03	297715	22141	22133	8	297703	8	4	296249	1466	0.004	0.000	113044	140227	11284	123279	112635	139800	11284	122650	409	427	0	629	297715	0	0	296238	1465	8	0	3	1	296249	1466
2021-01-04	343209	45494	45441	53	343196	9	4	341690	1519	0.004	0.000	129646	164913	13951	139091	129237	164486	13951	138462	409	427	0	629	343209	0	0	341678	1518	9	0	3	1	341690	1519
2021-01-05	394906	51697	51413	284	394892	10	4	393103	1803	0.005	0.000	147987	192565	16489	157656	147576	192117	16489	157025	411	448	0	631	394906	0	0	393090	1802	10	0	3	1	393103	1803
2021-01-06	457143	62237	62226	11	457121	16	6	455329	1814	0.005	0.000	169498	225530	19910	180812	169086	225082	19910	180181	412	448	0	631	457143	0	0	455308	1813	16	0	5	1	455329	1814
2021-01-07	510939	53796	53775	21	510913	19	7	509104	1835	0.006	0.000	189172	254868	22957	197233	188758	254418	22957	196600	414	450	0	633	510939	0	0	509079	1834	19	0	6	1	509104	1835
2021-01-08	572621	61682	61348	334	572543	70	8	570452	2169	0.007	0.000	211521	287315	26324	218219	211009	286711	26320	217449	512	604	4	770	572621	0	0	570375	2168	70	0	7	1	570452	2169
2021-01-09	632322	59701	59553	148	632241	73	8	630005	2317	0.008	0.000	237322	313238	29007	243325	236798	312599	29003	242545	524	639	4	780	632322	0	0	629925	2316	73	0	7	1	630005	2317
2021-01-10	667424	35102	34952	150	667335	81	8	664957	2467	0.008	0.000	252455	327794	30379	256315	251929	327151	30375	255535	526	643	4	780	667424	0	0	664870	2465	80	1	7	1	664957	2467
2021-01-11	734751	67327	67220	107	734648	93	10	732177	2574	0.009	0.000	277513	359176	33587	276774	276967	358513	33583	275968	546	663	4	806	734751	0	0	732082	2566	86	7	9	1	732177	2574
2021-01-12	812793	78042	77975	67	812675	108	10	810152	2641	0.010	0.000	305695	401338	36582	301731	305147	400670	36578	300888	548	668	4	843	812793	0	0	810042	2633	101	7	9	1	810152	2641
2021-01-13	923228	110435	110233	202	921940	1278	10	920385	2843	0.011	0.000	345167	458844	40485	337339	344574	458093	40466	336399	593	751	19	940	923228	0	0	919105	2835	1271	7	9	1	920385	2843
2021-01-14	1006056	82828	82638	190	999626	6420	10	1003023	3033	0.012	0.000	374803	501101	42769	361463	374094	500254	42750	360452	709	847	19	1011	1006056	0	0	996645	2981	6369	51	9	1	1003023	3033
2021-01-15	1096228	90172	89322	850	1084531	11682	15	1092345	3883	0.013	0.000	408725	545673	46728	389202	407810	544625	46700	387982	915	1048	28	1220	1096228	0	0	1080700	3831	11631	51	14	1	1092345	3883
2021-01-16	1153384	57156	56134	1022	1140006	13362	16	1148479	4905	0.014	0.000	432983	570627	48859	408798	431664	569232	48767	407047	1319	1395	92	1751	1153384	0	0	1135153	4853	13311	51	15	1	1148479	4905
2021-01-17	1201458	48074	30303	17771	1186820	14621	17	1178782	22676	0.014	0.000	453449	591002	50884	428544	444215	583354	50014	417145	9234	7648	870	11399	1201458	0	0	1164196	22624	14570	51	16	1	1178782	22676
2021-01-18	1283288	81830	66039	15791	1264508	18762	18	1244821	38467	0.015	0.000	482728	633883	53106	448900	467235	619730	51700	430238	15493	14153	1406	18662	1283288	0	0	1226095	38413	18709	53	17	1	1244821	38467
2021-01-19	1402257	118969	82529	36440	1379807	22424	26	1327350	74907	0.016	0.001	519765	695968	56714	479843	492669	666683	54375	447938	27096	29285	2339	31905	1402257	0	0	1304958	74849	22367	57	25	1	1327350	74907
2021-01-20	1534766	132509	77971	54538	1509572	25165	29	1405321	129445	0.017	0.002	568076	760039	60957	522078	522876	706310	57505	469463	45200	53729	3452	52615	1534766	0	0	1380185	129387	25108	57	28	1	1405321	129445
2021-01-21	1640105	105339	64070	41269	1612176	27900	29	1469391	170714	0.018	0.002	610150	808503	65406	556195	549621	735602	60889	487988	60529	72901	4517	68207	1640105	0	0	1441521	170655	27842	58	28	1	1469391	170714
2021-01-22	1741843	101738	68282	33456	1711720	30086	37	1537673	204170	0.018	0.002	654049	853889	69013	590642	579902	764987	63599	506975	74147	88902	5414	83667	1741843	0	0	1507613	204107	30024	62	36	1	1537673	204170
2021-01-23	1828562	86719	40712	46007	1798081	30441	40	1578385	250177	0.019	0.003	691767	890989	72414	617916	599855	780966	64783	516268	91912	110023	7631	101648	1828562	0	0	1547968	250113	30378	63	39	1	1578385	250177
2021-01-24	1876047	47485	25654	21831	1845363	30640	44	1604039	272008	0.019	0.003	715655	910067	73331	632982	614016	789814	65130	521524	101639	120253	8201	111458	1876047	0	0	1573419	271944	30577	63	43	1	1604039	272008
2021-01-25	1967002	90955	52285	38670	1934900	32055	47	1656324	310678	0.020	0.004	756375	951632	76827	658117	642321	811974	66847	534304	114054	139658	9980	123813	1967002	0	0	1624289	310611	31989	66	46	1	1656324	310678
2021-01-26	2064422	97420	50602	46818	2030877	33491	54	1706926	357496	0.021	0.004	796572	997196	80614	684405	667753	831436	68195	545278	128819	165760	12419	139127	2064422	0	0	1673453	357424	33420	71	53	1	1706926	357496
2021-01-27	2173554	109132	50677	58455	2138214	35278	62	1757603	415951	0.021	0.005	839834	1049509	85786	715259	691463	852265	70042	556304	148371	197244	15744	158955	2173554	0	0	1722346	415868	35196	82	61	1	1757603	415951
2021-01-28	2265749	92195	46300	45895	2228778	36906	65	1803903	461846	0.022	0.006	877990	1090332	89974	739697	713483	869115	71590	567469	164507	221217	18384	172228	2265749	0	0	1767103	461675	36736	170	64	1	1803903	461846
2021-01-29	2373140	107391	49928	57463	2334684	38385	71	1853831	519309	0.022	0.006	920894	1138243	95507	769100	735839	888487	73819	578309	185055	249756	21688	190791	2373140	0	0	1815547	519137	38214	171	70	1	1853831	519309
2021-01-30	2461248	88108	34443	53665	2421911	39264	73	1888274	572974	0.023	0.007	957412	1174692	99468	796433	752473	901967	75224	586328	204939	272725	24244	210105	2461248	0	0	1849112	572799	39091	173	71	2	1888274	572974
2021-01-31	2518219	56971	25853	31118	2478501	39640	78	1914127	604092	0.023	0.007	982865	1196922	101575	812430	766590	910861	76411	592657	216275	286061	25164	219773	2518219	0	0	1874593	603908	39459	181	75	3	1914127	604092
2021-02-01	2637910	119691	57956	61735	2595931	41850	129	1972083	665827	0.024	0.008	1026174	1260299	105285	839830	787193	944041	78273	602425	238981	316258	27012	237405	2637910	0	0	1930291	665640	41666	184	126	3	1972083	665827
2021-02-02	2769968	132058	64759	67299	2724920	44906	142	2036842	733126	0.024	0.009	1069633	1330364	110479	870030	806216	982089	80866	611659	263417	348275	29613	258371	2769968	0	0	1991982	732938	44721	185	139	3	2036842	733126
2021-02-03	2931134	161166	63612	97554	2879732	51233	168	2100455	830680	0.025	0.010	1128983	1407775	116405	912544	829819	1014401	83062	623312	299164	393374	33343	289232	2931134	0	1	2049247	830485	51042	191	165	3	2100454	830680
2021-02-04	3064260	133126	61290	71836	3007024	57062	173	2161745	902516	0.026	0.011	1177986	1472437	120972	943857	851937	1046473	85311	632945	326049	425964	35661	310912	3064260	0	1	2104706	902318	56868	194	170	3	2161744	902516
2021-02-05	3210717	146457	69009	77448	3147021	63515	180	2230754	979964	0.027	0.012	1232524	1542580	126293	977786	877231	1080338	86905	644262	355293	462242	39388	333524	3210717	0	1	2167390	979631	63187	328	176	4	2230753	979964
2021-02-06	3304332	93615	45349	48266	3238009	66141	181	2276103	1028230	0.027	0.012	1272514	1588658	130853	1003590	896490	1101898	88782	653957	376024	486760	42071	349633	3304332	0	1	2210112	1027897	65813	328	177	4	2276102	1028230
2021-02-07	3357608	53276	28221	25055	3288956	68468	183	2304324	1053285	0.028	0.013	1298155	1609930	133571	1016823	910800	1112720	90015	659435	387355	497210	43556	357388	3357608	0	1	2236005	1052951	68139	329	179	4	2304323	1053285
2021-02-08	3466490	108882	52978	55904	3393990	72289	210	2357302	1109189	0.028	0.013	1350672	1655734	137545	1035599	942269	1129343	91902	666781	408403	526391	45643	368818	3466490	0	1	2285136	1108854	71959	330	206	4	2357301	1109189
2021-02-09	3600521	134031	60213	73818	3524475	75722	323	2417515	1183007	0.029	0.014	1411842	1714380	141993	1058512	978151	1147503	94639	674792	433691	566877	47354	383720	3600521	0	1	2341993	1182482	75202	520	319	4	2417514	1183007
2021-02-10	3754715	154194	77376	76818	3666159	79953	8602	2494891	1259825	0.030	0.015	1478760	1781046	146001	1087933	1017461	1175177	96286	685176	461299	605869	49715	402757	3754715	0	1	2407851	1258308	78452	1501	8587	15	2494890	1259825
2021-02-11	3898314	143599	75121	68478	3786217	87217	24877	2570014	1328303	0.031	0.016	1539776	1848576	151475	1113070	1052428	1208053	98713	694775	487348	640523	52762	418295	3898314	0	3	2462473	1323744	82687	4530	24851	26	2570011	1328303
2021-02-12	4053443	155129	79492	75637	3917889	96514	39034	2649509	1403940	0.032	0.017	1611268	1919253	157751	1138545	1094198	1240389	101429	704318	517070	678864	56322	434227	4053443	0	6	2523559	1394330	87258	9256	38686	348	2649503	1403940
2021-02-13	4160660	107217	61768	45449	4008653	99771	52229	2711278	1449389	0.033	0.017	1667599	1960972	162355	1156080	1129093	1262877	103231	711418	538506	698095	59124	444662	4160660	0	7	2570427	1438226	88970	10801	51874	355	2711271	1449389
2021-02-14	4225889	65229	39514	25715	4064184	102246	59451	2750793	1475104	0.033	0.018	1706122	1983696	163973	1164146	1153761	1276081	104081	714928	552361	707615	59892	449218	4225889	0	8	2601470	1462714	90240	12006	59075	376	2750785	1475104
2021-02-15	4351147	125258	69522	55736	4168808	107473	74857	2820316	1530840	0.034	0.018	1773591	2031897	168008	1183418	1194859	1300739	106358	721524	578732	731158	61650	461894	4351147	0	9	2653333	1515475	92510	14963	74464	393	2820307	1530840
2021-02-16	4485160	134013	77667	56346	4277211	113541	94398	2897984	1587186	0.035	0.019	1839625	2089928	170683	1200400	1236633	1336138	107879	728440	602992	753790	62804	471960	4485160	0	10	2708753	1568458	95227	18314	93994	404	2897974	1587186
2021-02-17	4635752	150592	94314	56278	4399136	121537	115068	2992299	1643464	0.036	0.020	1920033	2147919	175770	1221928	1292995	1368705	110873	736858	627038	779214	64897	485070	4635752	0	11	2777598	1621538	100037	21500	114653	415	2992288	1643464
2021-02-18	4779887	144135	91159	52976	4511320	129758	138797	3083459	1696440	0.037	0.020	1995907	2206102	179208	1240945	1345328	1403985	112659	744258	650579	802117	66549	496687	4779887	0	12	2840353	1670967	104716	25042	138378	419	3083447	1696440
2021-02-19	4937969	158082	102643	55439	4632128	139715	166113	3186103	1751879	0.038	0.021	2076668	2266444	184080	1258305	1402958	1440066	115287	750941	673710	826378	68793	507364	4937969	0	13	2908838	1723290	111663	28052	165589	524	3186090	1751879
2021-02-20	5049912	111943	75691	36252	4718469	144173	187256	3261795	1788131	0.039	0.022	2138268	2310157	187738	1272296	1445964	1469322	117533	755178	692304	840835	70205	517118	5049912	0	14	2959370	1759099	115688	28485	186723	533	3261781	1788131
2021-02-21	5135624	85712	57348	28364	4784940	147802	202867	3319144	1816495	0.040	0.022	2187054	2340674	190304	1282667	1479917	1489494	118664	757407	707137	851180	71640	525260	5135624	0	15	2997642	1787298	119158	28644	202329	538	3319129	1816495
2021-02-22	5290656	155032	97595	57437	4907482	156785	226373	3416740	1873932	0.041	0.023	2266701	2410287	195201	1300517	1538362	1525084	121627	763642	728339	885203	73574	536875	5290656	0	16	3064527	1842955	126373	30412	225824	549	3416724	1873932
2021-02-23	5460011	169355	108963	60392	5041006	163888	255100	3525704	1934324	0.042	0.023	2346910	2483166	200501	1318387	1598211	1563793	124757	771284	748699	919373	75744	547103	5460011	0	17	3139330	1901676	131817	32071	254540	560	3525687	1934324
2021-02-24	5635430	175419	116299	59120	5172293	171491	291628	3642004	1993444	0.044	0.024	2431789	2557990	207079	1337422	1660503	1608669	128907	778912	771286	949321	78172	558510	5635430	0	18	3213199	1959094	137734	33757	291053	575	3641986	1993444
2021-02-25	5824113	188683	129552	59131	5303529	178247	342319	3771556	2052575	0.045	0.025	2514175	2648479	213515	1355541	1722988	1667176	133470	787131	791187	981303	80045	568410	5824113	0	18	3286844	2016685	142961	35286	341733	586	3771538	2052575
2021-02-26	6036149	212036	145193	66843	5444098	187087	404946	3916749	2119418	0.047	0.025	2602819	2749814	220591	1375230	1787946	1735795	138593	794627	814873	1014019	81998	580603	6036149	0	18	3362265	2081833	150177	36910	404289	657	3916731	2119418
2021-02-27	6183775	147626	107733	39893	5536744	191158	455855	4024482	2159311	0.048	0.026	2666475	2822116	227301	1388101	1833818	1790224	143432	799030	832657	1031892	83869	589071	6183775	0	18	3415759	2120985	153516	37642	455189	666	4024464	2159311
2021-02-28	6286503	102728	78664	24064	5597975	195104	493405	4103147	2183375	0.049	0.026	2714700	2875405	231582	1394762	1868893	1834535	146785	801170	845807	1040870	84797	593592	6286503	0	19	3453297	2144678	157110	37994	492721	684	4103128	2183375
2021-03-01	6484414	197911	148136	49775	5728065	204694	551636	4251283	2233150	0.051	0.027	2817221	2953369	239381	1408021	1943445	1896228	153263	806209	873776	1057141	86118	601812	6484414	0	19	3535648	2192417	164678	40016	550938	698	4251264	2233150
2021-03-02	6702944	218530	166432	52098	5867851	214685	620389	4417715	2285248	0.053	0.027	2927307	3047588	248982	1422628	2022735	1971725	160632	812692	904572	1075863	88350	609936	6702944	0	19	3626230	2241621	171793	42892	619673	716	4417696	2285248
2021-03-03	6948922	245978	175757	70221	6024650	229623	694630	4593472	2355469	0.055	0.028	3047976	3148969	260606	1439862	2105531	2048823	170041	819606	942445	1100146	90565	620256	6948922	0	19	3718757	2305893	180855	48768	693841	789	4593453	2355469
2021-03-04	7193199	244277	181471	62806	6165682	244087	783411	4774943	2418275	0.057	0.029	3159240	3258741	272992	1455625	2181653	2136963	180034	825002	977587	1121778	92958	630623	7193199	0	19	3802419	2363263	189923	54164	782582	829	4774924	2418275
2021-03-05	7468648	275449	206946	68503	6315159	257449	896020	4981890	2486778	0.060	0.030	3277185	3383782	287941	1471072	2258903	2242620	191990	830697	1018282	1141162	95951	640375	7468648	0	20	3889403	2425756	197324	60125	895143	877	4981870	2486778
2021-03-06	7670236	201588	152938	48650	6424414	265875	979927	5134828	2535428	0.062	0.030	3366696	3478463	298371	1480590	2314602	2325555	200824	833966	1052094	1152908	97547	646624	7670236	0	20	3952265	2472149	203511	62364	979032	895	5134808	2535428
2021-03-07	7817715	147479	113999	33480	6504177	272518	1041000	5248827	2568908	0.063	0.031	3437978	3544531	306478	1486155	2360956	2383880	208082	835928	1077022	1160651	98396	650227	7817715	0	20	4000903	2503274	207817	64701	1040087	913	5248807	2568908
2021-03-08	8055056	237341	185749	51592	6638112	283441	1133483	5434576	2620500	0.065	0.032	3556806	3640371	322827	1498475	2442587	2468035	222757	841890	1114219	1172336	100070	656585	8055056	0	20	4086650	2551462	215377	68064	1132529	954	5434556	2620500
2021-03-09	8307105	252049	197203	54846	6778165	296214	1232706	5631779	2675346	0.068	0.032	3677710	3742787	340236	1512022	2524321	2558568	238262	848791	1153389	1184219	101974	663231	8307105	0	20	4175390	2602775	224677	71537	1231692	1014	5631759	2675346
2021-03-10	8595067	287962	220924	67038	6937153	308209	1349684	5852704	2742384	0.070	0.033	3808598	3856306	360962	1530389	2606688	2661880	256906	860000	1201910	1194426	104056	670389	8594096	971	21	4270952	2666201	233115	75094	1348616	1068	5852683	2742384
2021-03-11	8879092	284025	223141	60884	7084793	321924	1472354	6075845	2803268	0.073	0.034	3937470	3976178	382106	1544008	2689957	2769533	276555	867677	1247513	1206645	105551	676331	8877466	1626	21	4362115	2722678	242481	79443	1471228	1126	6075824	2803268
2021-03-12	9205324	326232	255376	70856	7236355	339213	1629735	6331221	2874124	0.076	0.035	4071484	4127850	404783	1559463	2770420	2906954	297406	877132	1301064	1220896	107377	682331	9203488	1836	21	4447618	2788737	255172	84041	1628410	1325	6331200	2874124
2021-03-13	9445816	240492	190215	50277	7352386	348762	1744647	6521436	2924401	0.078	0.035	4181046	4240796	425293	1567511	2840453	3011727	316755	881879	1340593	1229069	108538	685632	9443824	1992	21	4514823	2837563	263380	85382	1743212	1435	6521415	2924401
2021-03-14	9615720	169904	134254	35650	7440369	354271	1821059	6655690	2960051	0.080	0.036	4266043	4307307	441408	1570975	2896461	3072888	331859	883676	1369582	1234419	109549	687299	9613718	2002	21	4568153	2872216	267914	86357	1819602	1457	6655669	2960051
2021-03-15	9863339	247619	188385	59234	7593149	366984	1903185	6844075	3019285	0.082	0.036	4400463	4391447	461474	1582289	2984151	3147219	350790	890548	1416312	1244228	110684	691741	9861054	2285	21	4663495	2929654	278920	88064	1901639	1546	6844054	3019285
2021-03-16	10042207	178868	110731	68137	7759779	378209	1904198	6954806	3087422	0.084	0.037	4527474	4426082	473886	1593025	3059300	3169255	361553	895647	1468174	1256827	112333	697378	10039375	2832	21	4764476	2995303	287660	90549	1902649	1549	6954785	3087422
2021-03-17	10247169	204962	124073	80889	7946019	396184	1904945	7078879	3168311	0.085	0.038	4672447	4463838	487350	1605072	3141952	3193652	373040	902175	1530495	1270186	114310	702897	10243720	3449	21	4874639	3071380	300828	95356	1903391	1554	7078858	3168311
2021-03-18	10440532	193363	117927	75436	8120097	414310	1906104	7196806	3243747	0.087	0.039	4812398	4498757	499905	1615322	3222615	3215628	383588	907340	1589783	1283129	116317	707982	10436660	3872	21	4978482	3141615	313754	100556	1904549	1555	7196785	3243747
2021-03-19	10685318	244786	160667	84119	8305606	435062	1944629	7357473	3327866	0.088	0.040	4961948	4563922	518114	1627194	3306761	3267408	399605	914537	1655187	1296514	118509	712657	10680915	4403	21	5086705	3218901	327730	107332	1943017	1612	7357452	3327866
2021-03-20	10905547	220229	166974	53255	8441027	450335	2014164	7524447	3381121	0.090	0.041	5078536	4641917	537715	1633319	3379545	3337212	417708	917920	1698991	1304705	120007	715399	10900820	4727	21	5172730	3268297	339175	111160	2012521	1643	7524426	3381121
2021-03-21	11070081	164534	126351	38183	8543297	459533	2067230	7650798	3419304	0.092	0.041	5171749	4694283	554274	1635819	3440184	3384099	433219	919244	1731565	1310184	121055	716575	11065354	4727	21	5240086	3303211	345129	114404	2065562	1668	7650777	3419304
2021-03-22	11339250	269169	192784	76385	8709792	483303	2146134	7843582	3495689	0.094	0.042	5329624	4766248	576579	1645397	3534739	3445389	453483	925279	1794885	1320859	123096	720118	11332995	6255	21	5337651	3372141	361497	121806	2144413	1721	7843561	3495689
2021-03-23	11639764	300514	216771	83743	8891211	502937	2245595	8060353	3579432	0.097	0.043	5490190	4854892	604288	1656865	3629814	3521119	478432	932910	1860376	1333773	125856	723955	11628521	11243	21	5440297	3450914	376216	126721	2243819	1776	8060332	3579432
2021-03-24	11978574	338810	249214	89596	9091251	535927	2351375	8309567	3669028	0.100	0.044	5664852	4952071	635971	1672375	3732242	3605792	507202	944863	1932610	1346279	128769	727512	11961539	17035	21	5556115	3535136	403900	132027	2349531	1844	8309546	3669028
2021-03-25	12311065	332491	251352	81139	9276681	563572	2470791	8560919	3750167	0.103	0.045	5830941	5060081	670798	1683452	3832663	3703768	539527	951994	1998278	1356313	131271	731458	12288085	22980	21	5666087	3610594	425973	137599	2468838	1953	8560898	3750167
2021-03-26	12684547	373482	285100	88382	9476101	600678	2607747	8846019	3838549	0.106	0.046	6003833	5184282	710463	1698535	3933360	3816071	576057	962322	2070473	1368211	134406	736213	12655253	29294	21	5783912	3692189	456381	144297	2605705	2042	8845998	3838549
2021-03-27	12965680	281133	218805	62328	9625638	628290	2711730	9064825	3900877	0.109	0.047	6147056	5279869	744190	1703356	4023632	3903670	607441	965464	2123424	1376199	136749	737892	12934036	31644	22	5874287	3751351	480882	147408	2709634	2096	9064803	3900877
2021-03-28	13162000	196320	143070	53250	9740967	646775	2774234	9207897	3954127	0.111	0.048	6253046	5333384	768116	1706823	4085867	3950861	629648	967502	2167179	1382523	138468	739321	13130165	31835	24	5939693	3801274	496094	150681	2772086	2148	9207873	3954127
2021-03-29	13467377	305377	216819	88558	9929638	671638	2866077	9424716	4042685	0.113	0.049	6418833	5404751	806706	1716518	4180272	4010842	665103	973637	2238561	1393909	141603	742881	13429594	37783	24	6046670	3882968	514154	157484	2863868	2209	9424692	4042685
2021-03-30	13796366	328989	236462	92527	10148341	696044	2951957	9661178	4135212	0.116	0.050	6591913	5474211	853024	1727240	4280843	4069380	706095	981320	2311070	1404831	146929	745920	13746447	49919	24	6179332	3969009	532133	163911	2949689	2268	9661154	4135212
2021-03-31	14132593	336227	234748	101479	10395881	732080	3004608	9895926	4236691	0.119	0.051	6774517	5538855	899988	1738789	4384637	4121392	747318	988525	2389880	1417463	152670	750264	14066359	66234	24	6333391	4062490	560207	171873	3002304	2304	9895902	4236691
2021-04-01	14458957	326364	235837	90527	10634553	764512	3059868	10131763	4327218	0.122	0.052	6936269	5606629	944397	1747554	4476928	4175958	787230	994147	2459341	1430671	157167	753407	14372644	86313	24	6489475	4145078	584742	179770	3057522	2346	10131739	4327218
2021-04-02	14684634	225677	157718	67959	10814094	778894	3091622	10289481	4395177	0.124	0.053	7067172	5654574	981393	1749910	4552089	4213818	820223	995356	2515083	1440756	161170	754554	14596797	87837	24	6605426	4208668	594782	184112	3089249	2373	10289457	4395177
2021-04-03	14916346	231712	167405	64307	10988142	794707	3133473	10456886	4459484	0.126	0.054	7198861	5698683	1018737	1753036	4633025	4248782	853330	997097	2565836	1449901	165407	755939	14827110	89236	24	6720051	4268091	605749	188958	3131062	2411	10456862	4459484
2021-04-04	15109311	192965	142607	50358	11120380	804784	3184123	10599493	4509842	0.127	0.054	7309766	5731715	1048001	1754173	4704262	4274251	879171	997551	2605504	1457464	168830	756622	15019939	89372	24	6805865	4314515	611935	192849	3181669	2454	10599469	4509842
2021-04-05	15357100	247789	177621	70168	11285361	822667	3249048	10777114	4580010	0.130	0.055	7456036	5770066	1081529	1756372	4794323	4302940	907924	998846	2661713	1467126	173605	757526	15266418	90682	24	6905488	4379873	625039	197628	3246563	2485	10777090	4580010
2021-04-06	15730736	373636	278972	94664	11540249	854878	3335585	11056086	4674674	0.133	0.056	7644926	5826686	1124640	1761928	4910112	4346229	944820	1001588	2734814	1480457	179820	760340	15603427	127309	24	7074470	4465779	648560	206318	3333032	2553	11056062	4674674
2021-04-07	16398506	667770	571482	96288	12082272	891823	3424387	11627568	4770962	0.140	0.057	7644926	5826686	1124640	1761928	4910112	4346229	944820	1001588	2734814	1480457	179820	760340	15965533	432973	24	7528816	4553456	676975	214848	3421753	2634	11627544	4770962
2021-04-08	17096818	698312	610788	87524	12653396	927372	3516026	12238356	4858486	0.147	0.058	7644926	5826686	1124640	1761928	4910112	4346229	944820	1001588	2734814	1480457	179820	760340	16338967	757851	24	8021403	4631993	703617	223755	3513312	2714	12238332	4858486
2021-04-09	17728191	631373	542502	88871	13143280	963890	3620997	12780858	4947357	0.154	0.059	7644926	5826686	1124640	1761928	4910112	4346229	944820	1001588	2734814	1480457	179820	760340	16730837	997354	24	8433929	4709351	728705	235185	3618200	2797	12780834	4947357
2021-04-10	18100573	372382	307328	65054	13391586	987141	3721822	13088186	5012411	0.157	0.060	7644926	5826686	1124640	1761928	4910112	4346229	944820	1001588	2734814	1480457	179820	760340	17070173	1030400	24	8624923	4766663	744276	242865	3718963	2859	13088162	5012411
2021-04-11	18364360	263787	213466	50321	13561885	1005805	3796646	13301652	5062732	0.160	0.061	7644926	5826686	1124640	1761928	4910112	4346229	944820	1001588	2734814	1480457	179820	760340	17328881	1035479	24	8748923	4812962	758994	246811	3793711	2935	13301628	5062732
2021-04-12	18782615	418255	341894	76361	13840549	1034999	3907042	13643547	5139093	0.164	0.062	7644926	5826686	1124640	1761928	4910112	4346229	944820	1001588	2734814	1480457	179820	760340	17698629	1083986	25	8959741	4880808	779728	255271	3904053	2989	13643522	5139093
2021-04-13	19359127	576512	502872	73640	14272651	1062199	4024252	14146419	5212733	0.170	0.063	7644926	5826686	1124640	1761928	4910112	4346229	944820	1001588	2734814	1480457	179820	760340	18079011	1280116	25	9323834	4948817	801490	260709	4021070	3182	14146394	5212733
2021-04-14	20133816	774689	691540	83149	14888976	1095737	4149078	14837959	5295882	0.178	0.064	7644926	5826686	1124640	1761928	4910112	4346229	944820	1001588	2734814	1480457	179820	760340	18479903	1653913	25	9866069	5022907	826526	269211	4145339	3739	14837934	5295882
2021-04-15	20813555	679739	609749	69990	15422626	1131941	4258962	15447709	5365872	0.186	0.065	7644926	5826686	1124640	1761928	4910112	4346229	944820	1001588	2734814	1480457	179820	760340	18864013	1949542	26	10339281	5083345	854121	277820	4254281	4681	15447683	5365872
2021-04-16	21409649	596094	522051	74043	15860564	1164417	4384642	15969760	5439915	0.192	0.065	7644926	5826686	1124640	1761928	4910112	4346229	944820	1001588	2734814	1480457	179820	760340	19265268	2144381	26	10712301	5148263	878274	286143	4379159	5483	15969734	5439915
2021-04-17	21775418	365769	309150	56619	16085379	1187032	4502981	16278910	5496534	0.196	0.066	7644926	5826686	1124640	1761928	4910112	4346229	944820	1001588	2734814	1480457	179820	760340	19609233	2166185	26	10889118	5196261	893753	293279	4496013	6968	16278884	5496534
2021-04-18	22044664	269246	230245	39001	16257344	1202412	4584882	16509155	5535535	0.199	0.067	7644926	5826686	1124640	1761928	4910112	4346229	944820	1001588	2734814	1480457	179820	760340	19873868	2170796	26	11027143	5230201	905241	297171	4576745	8137	16509129	5535535
2021-04-19	22446215	401551	340189	61362	16550711	1235296	4660181	16849345	5596897	0.203	0.067	7644926	5826686	1124640	1761928	4910112	4346229	944820	1001588	2734814	1480457	179820	760340	20231088	2215127	27	11268386	5282325	930207	305089	4650725	9456	16849318	5596897
2021-04-20	23005755	559540	496888	62652	16931886	1274351	4799491	17346233	5659549	0.209	0.068	7644926	5826686	1124640	1761928	4910112	4346229	944820	1001588	2734814	1480457	179820	760340	20596177	2409578	27	11595586	5336300	962668	311683	4787952	11539	17346206	5659549
2021-04-21	23725842	720087	647084	73003	17385664	1315962	5024189	17993317	5732552	0.216	0.069	7644926	5826686	1124640	1761928	4910112	4346229	944820	1001588	2734814	1480457	179820	760340	20977116	2748726	27	11986859	5398805	996233	319729	5010198	13991	17993290	5732552
2021-04-22	24363634	637792	570682	67110	17766887	1359530	5237190	18563999	5799662	0.223	0.070	7644926	5826686	1124640	1761928	4910112	4346229	944820	1001588	2734814	1480457	179820	760340	21347649	3015985	27	12312228	5454659	1032174	327356	5219570	17620	18563972	5799662
2021-04-23	24919241	555607	486805	68802	18119826	1403044	5396335	19050813	5868464	0.229	0.071	7644926	5826686	1124640	1761928	4910112	4346229	944820	1001588	2734814	1480457	179820	760340	21735061	3184180	36	12610413	5509413	1065207	337837	5375157	21178	19050777	5868464
2021-04-24	25284393	365152	306188	58964	18354709	1452375	5477271	19357003	5927428	0.233	0.071	7644926	5826686	1124640	1761928	4910112	4346229	944820	1001588	2734814	1480457	179820	760340	22083302	3201091	38	12804075	5550634	1099163	353212	5453727	23544	19356965	5927428
2021-04-25	25566958	282565	233491	49074	18542399	1486046	5538475	19590494	5976502	0.236	0.072	7644926	5826686	1124640	1761928	4910112	4346229	944820	1001588	2734814	1480457	179820	760340	22360053	3206905	38	12954358	5588041	1122966	363080	5513132	25343	19590456	5976502
2021-04-26	25999251	432293	358323	73970	18860192	1528507	5610433	19948898	6050472	0.240	0.073	7644926	5826686	1124640	1761928	4910112	4346229	944820	1001588	2734814	1480457	179820	760340	22705754	3293497	119	13210647	5649545	1157038	371469	5581094	29339	19948779	6050472
2021-04-27	26784066	784815	692945	91870	19536672	1580036	5666774	20642308	6142342	0.248	0.074	7644926	5826686	1124640	1761928	4910112	4346229	944820	1001588	2734814	1480457	179820	760340	23075689	3708377	584	13809335	5727337	1199443	380593	5632946	33828	20641724	6142342
2021-04-28	27906439	1122373	995577	126796	20544790	1640603	5719733	21638614	6269138	0.260	0.075	7644926	5826686	1124640	1761928	4910112	4346229	944820	1001588	2734814	1480457	179820	760340	23468979	4437460	1313	14708882	5835908	1247628	392975	5680791	38942	21637301	6269138
2021-04-29	28851947	945508	812117	133391	21369092	1704238	5776417	22451618	6402529	0.270	0.077	7644926	5826686	1124640	1761928	4910112	4346229	944820	1001588	2734814	1480457	179820	760340	23856419	4995528	2200	15420946	5948146	1298879	405359	5729593	46824	22449418	6402529
2021-04-30	29654973	803026	666040	136986	22047333	1761470	5843131	23118497	6539515	0.278	0.079	7644926	5826686	1124640	1761928	4910112	4346229	944820	1001588	2734814	1480457	179820	760340	24259599	5395374	3039	15987678	6059655	1340869	420601	5786911	56220	23115458	6539515
2021-05-01	29991019	336046	259779	76267	22300186	1802970	5882247	23380853	6615782	0.281	0.080	7644926	5826686	1124640	1761928	4910112	4346229	944820	1001588	2734814	1480457	179820	760340	24570995	5420024	5616	16179277	6120909	1375960	427010	5820000	62247	23375237	6615782
2021-05-02	30255906	264887	197504	67383	22495756	1840479	5912250	23580162	6683165	0.284	0.080	7644926	5826686	1124640	1761928	4910112	4346229	944820	1001588	2734814	1480457	179820	760340	24828227	5427679	7421	16319105	6176651	1408217	432262	5845419	66831	23572741	6683165
2021-05-03	30707581	451675	335312	116363	22813677	1911092	5973802	23917063	6799528	0.288	0.082	7644926	5826686	1124640	1761928	4910112	4346229	944820	1001588	2734814	1480457	179820	760340	25186042	5521539	9010	16546061	6267616	1465633	445459	5896359	77443	23908053	6799528
2021-05-04	31550105	842524	680828	161696	23439972	1974210	6123955	24600849	6961224	0.296	0.084	7644926	5826686	1124640	1761928	4910112	4346229	944820	1001588	2734814	1480457	179820	760340	25561314	5988791	11968	17040568	6399404	1515512	458698	6032801	91154	24588881	6961224
2021-05-05	32696443	1146338	914667	231671	24290539	2053221	6336234	25519997	7192895	0.307	0.086	7644926	5826686	1124640	1761928	4910112	4346229	944820	1001588	2734814	1480457	179820	760340	25981688	6714755	16449	17706326	6584213	1569022	484199	6228200	108034	25503548	7192895
2021-05-06	33686019	989576	766873	222703	24982610	2145148	6537615	26291067	7415598	0.316	0.089	7644926	5826686	1124640	1761928	4910112	4346229	944820	1001588	2734814	1480457	179820	760340	26396153	7289866	20646	18221728	6760882	1638563	506585	6410130	127485	26270421	7415598
2021-05-07	34575472	889453	651812	237641	25569201	2231889	6749882	26946733	7653239	0.324	0.092	7644926	5826686	1124640	1761928	4910112	4346229	944820	1001588	2734814	1480457	179820	760340	26841590	7733882	24500	18634740	6934461	1694339	537550	6593154	156728	26922233	7653239
2021-05-08	35001449	425977	271914	154063	25837048	2303666	6834517	27220365	7807302	0.327	0.094	7644926	5826686	1124640	1761928	4910112	4346229	944820	1001588	2734814	1480457	179820	760340	27207076	7794373	26218	18789690	7047358	1746288	557378	6658169	176348	27194147	7807302
2021-05-09	35287605	286156	183644	102512	26030989	2360229	6869103	27405075	7909814	0.330	0.095	7644926	5826686	1124640	1761928	4910112	4346229	944820	1001588	2734814	1480457	179820	760340	27482197	7805408	27284	18904369	7126620	1792056	568173	6681366	187737	27377791	7909814
2021-05-10	35876654	589049	395600	193449	26404144	2441967	6999529	27804405	8103263	0.334	0.097	7644926	5826686	1124640	1761928	4910112	4346229	944820	1001588	2734814	1480457	179820	760340	27882348	7994306	31014	19135800	7268344	1851633	590334	6785958	213571	27773391	8103263
2021-05-11	36961507	1084853	797620	287233	27229398	2521841	7175661	28605618	8390496	0.344	0.101	7644926	5826686	1124640	1761928	4910112	4346229	944820	1001588	2734814	1480457	179820	760340	28313506	8648001	34607	19728678	7500720	1909353	612488	6932980	242681	28571011	8390496
2021-05-12	38376186	1414679	1048812	365867	28321872	2613487	7400633	29660017	8756363	0.357	0.105	7644926	5826686	1124640	1761928	4910112	4346229	944820	1001588	2734814	1480457	179820	760340	28772202	9603984	40194	20525301	7796571	1970489	642998	7124033	276600	29619823	8756363
2021-05-13	38805494	429308	268474	160834	28637307	2680264	7445078	29931142	8917197	0.360	0.107	7644926	5826686	1124640	1761928	4910112	4346229	944820	1001588	2734814	1480457	179820	760340	29128031	9677463	42845	20712979	7924328	2022057	658207	7153261	291817	29888297	8917197
2021-05-14	39561782	756288	525910	230378	29182534	2745126	7583495	30464834	9147575	0.366	0.110	7644926	5826686	1124640	1761928	4910112	4346229	944820	1001588	2734814	1480457	179820	760340	29532982	10028800	50627	21077696	8104838	2071762	673364	7264749	318746	30414207	9147575
2021-05-15	39961846	400064	234540	165524	29461647	2805421	7639869	30703656	9313099	0.369	0.112	7644926	5826686	1124640	1761928	4910112	4346229	944820	1001588	2734814	1480457	179820	760340	29885380	10076466	54909	21234457	8227190	2115704	689717	7298586	341283	30648747	9313099
2021-05-16	40244399	282553	160572	121981	29661863	2858143	7664757	30868955	9435080	0.371	0.113	7644926	5826686	1124640	1761928	4910112	4346229	944820	1001588	2734814	1480457	179820	760340	30151928	10092471	59636	21340923	8320940	2158541	699602	7309855	354902	30809319	9435080
2021-05-17	40799660	555261	349270	205991	30000232	2943801	7786232	31227984	9641071	0.375	0.116	7644926	5826686	1124640	1761928	4910112	4346229	944820	1001588	2734814	1480457	179820	760340	30537871	10261789	69395	21533835	8466397	2219780	724021	7404974	381258	31158589	9641071
2021-05-18	41670651	870991	517032	353959	30589076	3044868	7959540	31752788	9995030	0.382	0.120	7644926	5826686	1124640	1761928	4910112	4346229	944820	1001588	2734814	1480457	179820	760340	30953858	10716793	77167	21833091	8755985	2292272	752596	7550258	409282	31675621	9995030
2021-05-19	42767387	1096736	563320	533416	31392494	3144929	8140680	32328225	10528446	0.389	0.127	7644926	5826686	1124640	1761928	4910112	4346229	944820	1001588	2734814	1480457	179820	760340	31370816	11396571	89284	22177011	9215483	2358491	786438	7703439	437241	32238941	10528446
2021-05-20	43713613	946226	455266	490960	32075042	3241372	8297071	32794335	11019406	0.394	0.132	7644926	5826686	1124640	1761928	4910112	4346229	944820	1001588	2734814	1480457	179820	760340	31786099	11927514	100128	22437806	9637236	2423991	817381	7832410	464661	32694207	11019406
2021-05-21	44563489	849876	405590	444286	32670466	3327009	8454065	33211746	11463692	0.399	0.138	7644926	5826686	1124640	1761928	4910112	4346229	944820	1001588	2734814	1480457	179820	760340	32213255	12350234	111949	22660192	10010274	2480383	846626	7959222	494843	33099797	11463692
2021-05-22	45037303	473814	214848	258966	32976704	3396517	8537864	33440863	11722658	0.402	0.141	7644926	5826686	1124640	1761928	4910112	4346229	944820	1001588	2734814	1480457	179820	760340	32558139	12479164	126218	22758716	10217988	2528690	867827	8027239	510625	33314645	11722658
2021-05-23	45322527	285224	124843	160381	33169754	3455928	8561767	33574566	11883039	0.404	0.143	7644926	5826686	1124640	1761928	4910112	4346229	944820	1001588	2734814	1480457	179820	760340	32825242	12497285	135078	22824451	10345303	2573001	882927	8042036	519731	33439488	11883039
2021-05-24	45648687	326160	141310	184850	33405659	3517482	8582426	33723918	12067889	0.405	0.145	7644926	5826686	1124640	1761928	4910112	4346229	944820	1001588	2734814	1480457	179820	760340	33135877	12512810	143120	22907238	10498421	2619559	897923	8054001	528425	33580798	12067889
2021-05-25	46303078	654391	271870	382521	33851525	3597151	8686177	34020893	12450410	0.409	0.150	7644926	5826686	1124640	1761928	4910112	4346229	944820	1001588	2734814	1480457	179820	760340	33531325	12771753	168225	23048953	10802572	2671001	926150	8132714	553463	33852668	12450410
2021-05-26	47481454	1178376	469183	709193	34735626	3679494	8819886	34568299	13159603	0.416	0.158	7644926	5826686	1124640	1761928	4910112	4346229	944820	1001588	2734814	1480457	179820	760340	33946286	13535168	246448	23363717	11371909	2723533	955961	8234601	585285	34321851	13159603
2021-05-27	48520921	1039467	403615	635852	35473647	3768388	8951333	35053019	13795455	0.421	0.166	7644926	5826686	1124640	1761928	4910112	4346229	944820	1001588	2734814	1480457	179820	760340	34363916	14157005	327553	23621185	11852462	2775151	993237	8329130	622203	34725466	13795455
2021-05-28	49422883	901962	355942	546020	36075770	3854443	9081383	35492695	14341475	0.427	0.172	7644926	5826686	1124640	1761928	4910112	4346229	944820	1001588	2734814	1480457	179820	760340	34797917	14624966	411287	23837834	12237936	2825693	1028750	8417881	663502	35081408	14341475
2021-05-29	49832818	409935	151728	258207	36337443	3917048	9139252	35672211	14599682	0.429	0.176	7644926	5826686	1124640	1761928	4910112	4346229	944820	1001588	2734814	1480457	179820	760340	35133443	14699375	439075	23917741	12419702	2862595	1054453	8452800	686452	35233136	14599682
2021-05-30	50116280	283462	97788	185674	36534585	3964066	9167533	35781020	14785356	0.430	0.178	7644926	5826686	1124640	1761928	4910112	4346229	944820	1001588	2734814	1480457	179820	760340	35395087	14721193	450096	23977026	12557559	2889943	1074123	8463955	703578	35330924	14785356
2021-05-31	50662753	546473	178414	368059	36901854	4031293	9237038	36001906	15153415	0.433	0.182	7644926	5826686	1124640	1761928	4910112	4346229	944820	1001588	2734814	1480457	179820	760340	35783791	14878962	492568	24088898	12812956	2917600	1113693	8502840	734198	35509338	15153415
2021-06-01	51649691	986938	400237	586701	37634820	4110520	9327296	36486630	15740116	0.439	0.189	7644926	5826686	1124640	1761928	4910112	4346229	944820	1001588	2734814	1480457	179820	760340	36180256	15469435	577055	24405618	13229202	2947056	1163464	8556901	770395	35909575	15740116
2021-06-02	52895287	1245596	516596	729000	38622462	4182714	9409383	37106899	16469116	0.446	0.198	7644926	5826686	1124640	1761928	4910112	4346229	944820	1001588	2734814	1480457	179820	760340	36585574	16309713	680728	24854976	13767486	2971385	1211329	8599810	809573	36426171	16469116
2021-06-03	53537126	641839	230490	411349	39096972	4246722	9459498	37390595	16880465	0.450	0.203	7644926	5826686	1124640	1761928	4910112	4346229	944820	1001588	2734814	1480457	179820	760340	36948000	16589126	733934	25035106	14061866	3000900	1245822	8620655	838843	36656661	16880465
2021-06-04	54346298	809172	290604	518568	39681086	4317781	9536284	37758412	17399033	0.454	0.209	7644926	5826686	1124640	1761928	4910112	4346229	944820	1001588	2734814	1480457	179820	760340	37354684	16991614	811147	25262787	14418299	3029390	1288391	8655088	881196	36947265	17399033
2021-06-05	54758488	412190	96059	316131	39952181	4384084	9580464	37885083	17715164	0.456	0.213	7644926	5826686	1124640	1761928	4910112	4346229	944820	1001588	2734814	1480457	179820	760340	37703330	17055158	841759	25321871	14630310	3055459	1328625	8665994	914470	37043324	17715164
2021-06-06	55050789	292301	59469	232832	40157962	4425069	9607783	37962768	17947996	0.456	0.216	7644926	5826686	1124640	1761928	4910112	4346229	944820	1001588	2734814	1480457	179820	760340	37965922	17084867	859975	25365790	14792172	3067398	1357671	8669605	938178	37102793	17947996
2021-06-07	55662591	611802	191251	420551	40558199	4509769	9680223	38208444	18368547	0.459	0.221	7644926	5826686	1124640	1761928	4910112	4346229	944820	1001588	2734814	1480457	179820	760340	38338440	17323248	914400	25498818	15059381	3094542	1415227	8700684	979539	37294044	18368547
2021-06-08	56707192	1044601	333441	711160	41396854	4584726	9742982	38610115	19079707	0.464	0.229	7644926	5826686	1124640	1761928	4910112	4346229	944820	1001588	2734814	1480457	179820	760340	38735220	17968865	982630	25774150	15622704	3120462	1464264	8732873	1010109	37627485	19079707
2021-06-09	58118471	1411279	437597	973682	42561766	4671521	9806813	39143453	20053389	0.471	0.241	7644926	5826686	1124640	1761928	4910112	4346229	944820	1001588	2734814	1480457	179820	760340	39155770	18956810	1078371	26151410	16410356	3148482	1523039	8765190	1041623	38065082	20053389
2021-06-10	59296540	1178069	392278	785791	43506344	4760953	9862433	39624170	20839180	0.476	0.251	7644926	5826686	1124640	1761928	4910112	4346229	944820	1001588	2734814	1480457	179820	760340	39582298	19705530	1166810	26485298	17021046	3180110	1580843	8791952	1070481	38457360	20839180
2021-06-11	60346384	1049844	352405	697439	44302345	4849693	9930811	40073300	21536619	0.482	0.259	7644926	5826686	1124640	1761928	4910112	4346229	944820	1001588	2734814	1480457	179820	760340	40016366	20318630	1263535	26780823	17521522	3207966	1641727	8820976	1109835	38809765	21536619
2021-06-12	60778819	432435	121185	311250	44584565	4921375	9974119	40229710	21847869	0.484	0.263	7644926	5826686	1124640	1761928	4910112	4346229	944820	1001588	2734814	1480457	179820	760340	40345704	20420893	1298760	26870308	17714257	3226595	1694780	8834047	1140072	38930950	21847869
2021-06-13	61061337	282518	64476	218042	44764003	4984846	9999982	40307932	22065911	0.485	0.265	7644926	5826686	1124640	1761928	4910112	4346229	944820	1001588	2734814	1480457	179820	760340	40592562	20456247	1312506	26914247	17849756	3242453	1742393	8838726	1161256	38995426	22065911
2021-06-14	61708004	646667	206921	439746	45187017	5085935	10067334	40570065	22505657	0.488	0.271	7644926	5826686	1124640	1761928	4910112	4346229	944820	1001588	2734814	1480457	179820	760340	40996718	20696780	1367718	27080171	18106846	3265883	1820052	8856293	1211041	39202347	22505657
2021-06-15	62742131	1034127	335906	698221	45973302	5190308	10151766	40965008	23203878	0.493	0.279	7644926	5826686	1124640	1761928	4910112	4346229	944820	1001588	2734814	1480457	179820	760340	41440666	21283470	1426755	27368136	18605166	3294229	1896079	8875888	1275878	39538253	23203878
2021-06-16	64108455	1366324	452718	913606	47061549	5296010	10247932	41493935	24117484	0.499	0.290	7644926	5826686	1124640	1761928	4910112	4346229	944820	1001588	2734814	1480457	179820	760340	41904417	22182018	1502964	27763417	19298132	3326187	1969823	8901367	1346565	39990971	24117484
2021-06-17	65239596	1131141	385007	746134	47929874	5398629	10339881	41947190	24863618	0.504	0.299	7644926	5826686	1124640	1761928	4910112	4346229	944820	1001588	2734814	1480457	179820	760340	42361988	22852215	1571212	28097053	19832821	3355314	2043315	8923611	1416270	40375978	24863618
2021-06-18	66217361	977765	333030	644735	48649323	5492216	10435841	42348989	25508353	0.509	0.307	7644926	5826686	1124640	1761928	4910112	4346229	944820	1001588	2734814	1480457	179820	760340	42806766	23382503	1639981	28377159	20272164	3386243	2105973	8945606	1490235	40709008	25508353
2021-06-19	66641676	424315	116981	307334	48919816	5574044	10486700	42487105	25815687	0.511	0.310	7644926	5826686	1124640	1761928	4910112	4346229	944820	1001588	2734814	1480457	179820	760340	43145340	23466988	1661116	28466894	20452922	3406943	2167101	8952152	1534548	40825989	25815687
2021-06-20	66935382	293706	67103	226603	49097658	5645263	10518535	42567018	26042290	0.512	0.313	7644926	5826686	1124640	1761928	4910112	4346229	944820	1001588	2734814	1480457	179820	760340	43409141	23496614	1673926	28515430	20582228	3422886	2222377	8954776	1563759	40893092	26042290
2021-06-21	67557673	622291	202325	419966	49501441	5742289	10603767	42805593	26462256	0.515	0.318	7644926	5826686	1124640	1761928	4910112	4346229	944820	1001588	2734814	1480457	179820	760340	43799882	23726147	1710176	28679130	20822311	3447578	2294711	8968709	1635058	41095417	26462256
2021-06-22	68620067	1062394	362813	699581	50332188	5837801	10706024	43202284	27161837	0.519	0.327	7644926	5826686	1124640	1761928	4910112	4346229	944820	1001588	2734814	1480457	179820	760340	44229572	24354112	1744054	28995494	21336694	3477861	2359940	8984875	1721149	41458230	27161837
2021-06-23	69938997	1318930	474704	844226	51406705	5933166	10821217	43710843	28006063	0.526	0.337	7644926	5826686	1124640	1761928	4910112	4346229	944820	1001588	2734814	1480457	179820	760340	44659565	25237778	1777909	29420218	21986487	3507395	2425771	9005321	1815896	41932934	28006063
2021-06-24	70957636	1018639	474636	544003	52188949	6019847	10931605	44224805	28550066	0.532	0.343	7644926	5826686	1124640	1761928	4910112	4346229	944820	1001588	2734814	1480457	179820	760340	45080755	25830883	1817235	29838630	22350319	3542423	2477424	9026517	1905088	42407570	28550066
2021-06-25	71862750	905114	367398	537716	52869202	6095943	11041017	44631556	29087782	0.537	0.350	7644926	5826686	1124640	1761928	4910112	4346229	944820	1001588	2734814	1480457	179820	760340	45499124	26314646	1856588	30159777	22709425	3568901	2527042	9046290	1994727	42774968	29087782
2021-06-26	72266398	403648	132204	271444	53119509	6164695	11112683	44776683	29359226	0.538	0.353	7644926	5826686	1124640	1761928	4910112	4346229	944820	1001588	2734814	1480457	179820	760340	45838421	26378225	1869511	30260478	22859031	3594194	2570501	9052500	2060183	42907172	29359226
2021-06-27	72556899	290501	88883	201618	53291419	6222620	11169228	44869687	29560844	0.540	0.355	7644926	5826686	1124640	1761928	4910112	4346229	944820	1001588	2734814	1480457	179820	760340	46102849	26403445	1873632	30326842	22964577	3613306	2609314	9055907	2113321	42996055	29560844
2021-06-28	73177430	620531	237301	383230	53684693	6312244	11282751	45131098	29944074	0.543	0.360	7644926	5826686	1124640	1761928	4910112	4346229	944820	1001588	2734814	1480457	179820	760340	46506886	26617843	1897742	30518227	23166466	3645476	2666768	9069653	2213098	43233356	29944074
2021-06-29	74097700	920270	380443	539827	54358716	6404246	11415025	45533512	30483901	0.547	0.367	7644926	5826686	1124640	1761928	4910112	4346229	944820	1001588	2734814	1480457	179820	760340	46926514	27113831	1919713	30854123	23504593	3678313	2725933	9081363	2333662	43613799	30483901
2021-06-30	75104585	1006885	439915	566970	55114327	6497411	11550905	45995656	31050871	0.553	0.373	7644926	5826686	1124640	1761928	4910112	4346229	944820	1001588	2734814	1480457	179820	760340	47344039	27697962	1941942	31244840	23869487	3713025	2784386	9095849	2455056	44053714	31050871
2021-07-01	76074356	969771	443778	525993	55846774	6579971	11683464	46461639	31576864	0.559	0.380	7644926	5826686	1124640	1761928	4910112	4346229	944820	1001588	2734814	1480457	179820	760340	47739241	28268207	1964147	31644667	24202107	3743445	2836526	9109380	2574084	44497492	31576864
2021-07-02	76906781	832425	371296	461129	56485495	6673880	11762134	46854060	32037993	0.563	0.385	7644926	5826686	1124640	1761928	4910112	4346229	944820	1001588	2734814	1480457	179820	760340	48126529	28709971	1985272	31975057	24510438	3775149	2898731	9118582	2643552	44868788	32037993
2021-07-03	77280549	373768	146748	227020	56738072	6753118	11789220	47015675	32265013	0.565	0.388	7644926	5826686	1124640	1761928	4910112	4346229	944820	1001588	2734814	1480457	179820	760340	48433300	28776252	2000139	32094448	24643624	3799709	2953409	9121379	2667841	45015536	32265013
2021-07-04	77552889	272340	92548	179792	56919153	6821265	11803754	47116801	32444805	0.567	0.390	7644926	5826686	1124640	1761928	4910112	4346229	944820	1001588	2734814	1480457	179820	760340	48678121	28803194	2008717	32167090	24752063	3818158	3003107	9122836	2680918	45108084	32444805
2021-07-05	78081741	528852	192607	336245	57300195	6914895	11843184	47324158	32781050	0.569	0.394	7644926	5826686	1124640	1761928	4910112	4346229	944820	1001588	2734814	1480457	179820	760340	49014918	28993153	2023467	32329405	24970790	3844097	3070798	9127189	2715995	45300691	32781050
2021-07-06	78847440	765699	265561	500138	57907446	7012837	11888259	47605150	33281188	0.572	0.400	7644926	5826686	1124640	1761928	4910112	4346229	944820	1001588	2734814	1480457	179820	760340	49346945	29423099	2038898	32565253	25342193	3869251	3143586	9131748	2756511	45566252	33281188
2021-07-07	79825028	977588	316566	661022	58721300	7107057	11939383	47940106	33942210	0.576	0.408	7644926	5826686	1124640	1761928	4910112	4346229	944820	1001588	2734814	1480457	179820	760340	49686304	30056482	2057288	32852030	25869270	3893698	3213359	9137090	2802293	45882818	33942210
2021-07-08	80651324	826296	255953	570343	59387868	7206351	11981717	48214159	34512553	0.580	0.415	7644926	5826686	1124640	1761928	4910112	4346229	944820	1001588	2734814	1480457	179820	760340	50013398	30551427	2075388	33081519	26306349	3915948	3290403	9141304	2840413	46138771	34512553
2021-07-09	81382405	731081	210636	520445	59960906	7302327	12024298	48444281	35032998	0.582	0.421	7644926	5826686	1124640	1761928	4910112	4346229	944820	1001588	2734814	1480457	179820	760340	50335439	30956968	2094874	33270190	26690716	3933592	3368735	9145625	2878673	46349407	35032998
2021-07-10	81717585	335180	93014	242166	60183351	7385390	12044816	48546449	35275164	0.584	0.424	7644926	5826686	1124640	1761928	4910112	4346229	944820	1001588	2734814	1480457	179820	760340	50601710	31025280	2104028	33343787	26839564	3951669	3433721	9146965	2897851	46442421	35275164
2021-07-11	81939305	221720	59134	162586	60325952	7447339	12054884	48612685	35437750	0.585	0.426	7644926	5826686	1124640	1761928	4910112	4346229	944820	1001588	2734814	1480457	179820	760340	50804136	31044204	2111130	33388017	26937935	3966107	3481232	9147431	2907453	46501555	35437750