date	dosen_kumulativ	dosen_differenz_zum_vortag	dosen_erst_differenz_zum_vortag	dosen_zweit_differenz_zum_vortag	dosen_biontech_kumulativ	dosen_moderna_kumulativ	dosen_astrazeneca_kumulativ	personen_erst_kumulativ	personen_voll_kumulativ	impf_quote_erst	impf_quote_voll	indikation_alter_dosen	indikation_beruf_dosen	indikation_medizinisch_dosen	indikation_pflegeheim_dosen	indikation_alter_erst	indikation_beruf_erst	indikation_medizinisch_erst	indikation_pflegeheim_erst	indikation_alter_voll	indikation_beruf_voll	indikation_medizinisch_voll	indikation_pflegeheim_voll	dosen_dim_kumulativ	dosen_kbv_kumulativ	dosen_johnson_kumulativ	dosen_biontech_erst_kumulativ	dosen_biontech_zweit_kumulativ	dosen_moderna_erst_kumulativ	dosen_moderna_zweit_kumulativ	dosen_astrazeneca_erst_kumulativ	dosen_astrazeneca_zweit_kumulativ	dosen_erst_kumulativ	dosen_zweit_kumulativ
2020-12-27	24099	24099	24086	13	24097	2	0	24086	13	0.000	0.000	10705	8657	1305	12604	10664	8590	1305	12536	41	67	0	68	24099	0	0	24084	13	2	0	0	0	24086	13
2020-12-28	42066	17967	17805	162	42064	2	0	41891	175	0.001	0.000	18621	15788	1991	21344	18580	15721	1991	21276	41	67	0	68	42066	0	0	41889	175	2	0	0	0	41891	175
2020-12-29	92093	50027	49293	734	92090	2	1	91184	909	0.001	0.000	34989	40734	3107	40508	34724	40420	3107	40099	265	314	0	409	92093	0	0	91181	909	2	0	1	0	91184	909
2020-12-30	155581	63488	63349	139	155578	2	1	154533	1048	0.002	0.000	55510	73365	4901	63206	55243	73050	4901	62794	267	315	0	412	155581	0	0	154530	1048	2	0	1	0	154533	1048
2020-12-31	205275	49694	49605	89	205272	2	1	204138	1137	0.002	0.000	72831	96719	6752	83965	72517	96367	6752	83476	314	352	0	489	205275	0	0	204135	1137	2	0	1	0	204138	1137
2021-01-01	230619	25344	25335	9	230608	7	4	229473	1146	0.003	0.000	81208	105449	7830	92301	80894	105097	7830	91812	314	352	0	489	230619	0	0	229463	1145	7	0	3	1	229473	1146
2021-01-02	278572	47953	47667	286	278561	7	4	277140	1432	0.003	0.000	102774	129731	10350	113258	102365	129304	10350	112629	409	427	0	629	278572	0	0	277130	1431	7	0	3	1	277140	1432
2021-01-03	300981	22409	22404	5	300969	8	4	299544	1437	0.004	0.000	113044	140227	11284	123279	112635	139800	11284	122650	409	427	0	629	300981	0	0	299533	1436	8	0	3	1	299544	1437
2021-01-04	346800	45819	45723	96	346787	9	4	345267	1533	0.004	0.000	129646	164913	13951	139091	129237	164486	13951	138462	409	427	0	629	346800	0	0	345255	1532	9	0	3	1	345267	1533
2021-01-05	398770	51970	51633	337	398756	10	4	396900	1870	0.005	0.000	147987	192565	16489	157656	147576	192117	16489	157025	411	448	0	631	398770	0	0	396887	1869	10	0	3	1	396900	1870
2021-01-06	461225	62455	62363	92	461202	16	7	459263	1962	0.006	0.000	169498	225530	19910	180812	169086	225082	19910	180181	412	448	0	631	461225	0	0	459242	1960	16	0	5	2	459263	1962
2021-01-07	515189	53964	53942	22	515162	19	8	513205	1984	0.006	0.000	189172	254868	22957	197233	188758	254418	22957	196600	414	450	0	633	515189	0	0	513180	1982	19	0	6	2	513205	1984
2021-01-08	576843	61654	61546	108	576764	70	9	574751	2092	0.007	0.000	211521	287315	26324	218219	211009	286711	26320	217449	512	604	4	770	576843	0	0	574674	2090	70	0	7	2	574751	2092
2021-01-09	636808	59965	59818	147	636726	73	9	634569	2239	0.008	0.000	237322	313238	29007	243325	236798	312599	29003	242545	524	639	4	780	636808	0	0	634489	2237	73	0	7	2	634569	2239
2021-01-10	672036	35228	35079	149	671946	81	9	669648	2388	0.008	0.000	252455	327794	30379	256315	251929	327151	30375	255535	526	643	4	780	672036	0	0	669561	2385	80	1	7	2	669648	2388
2021-01-11	739535	67499	67397	102	739430	94	11	737045	2490	0.009	0.000	277513	359176	33587	276774	276967	358513	33583	275968	546	663	4	806	739535	0	0	736949	2481	87	7	9	2	737045	2490
2021-01-12	817803	78268	78204	64	817682	109	12	815249	2554	0.010	0.000	305695	401338	36582	301731	305147	400670	36578	300888	548	668	4	843	817803	0	0	815138	2544	102	7	9	3	815249	2554
2021-01-13	928526	110723	110522	201	927236	1278	12	925771	2755	0.011	0.000	345167	458844	40485	337339	344574	458093	40466	336399	593	751	19	940	928526	0	0	924491	2745	1271	7	9	3	925771	2755
2021-01-14	1011642	83116	82894	222	1005206	6424	12	1008665	2977	0.012	0.000	374803	501101	42769	361463	374094	500254	42750	360452	709	847	19	1011	1011642	0	0	1002283	2923	6373	51	9	3	1008665	2977
2021-01-15	1102102	90460	89614	846	1090396	11689	17	1098279	3823	0.013	0.000	408725	545673	46728	389202	407810	544625	46700	387982	915	1048	28	1220	1102102	0	0	1086627	3769	11638	51	14	3	1098279	3823
2021-01-16	1159435	57333	56312	1021	1146049	13368	18	1154591	4844	0.014	0.000	432983	570627	48859	408798	431664	569232	48767	407047	1319	1395	92	1751	1159435	0	0	1141259	4790	13317	51	15	3	1154591	4844
2021-01-17	1206992	47557	29785	17772	1192343	14629	19	1184377	22616	0.014	0.000	453449	591002	50884	428544	444215	583354	50014	417145	9234	7648	870	11399	1206992	0	1	1169782	22561	14578	51	16	3	1184376	22616
2021-01-18	1288898	81906	66163	15743	1270106	18771	20	1250540	38359	0.015	0.000	482728	633883	53106	448900	467235	619730	51700	430238	15493	14153	1406	18662	1288898	0	1	1231804	38302	18718	53	17	3	1250539	38359
2021-01-19	1407696	118798	82345	36453	1385234	22433	28	1332885	74812	0.016	0.001	519765	695968	56714	479843	492669	666683	54375	447938	27096	29285	2339	31905	1407696	0	1	1310483	74751	22376	57	25	3	1332884	74812
2021-01-20	1539873	132177	77604	54573	1514666	25175	31	1410489	129385	0.017	0.002	568076	760039	60957	522078	522876	706310	57505	469463	45200	53729	3452	52615	1539873	0	1	1385342	129324	25118	57	28	3	1410488	129385
2021-01-21	1644856	104983	63662	41321	1616907	27915	33	1474151	170706	0.018	0.002	610150	808503	65406	556195	549621	735602	60889	487988	60529	72901	4517	68207	1644856	0	1	1446264	170643	27857	58	29	4	1474150	170706
2021-01-22	1746346	101490	68033	33457	1716202	30102	41	1542184	204163	0.019	0.002	654049	853889	69013	590642	579902	764987	63599	506975	74147	88902	5414	83667	1746346	0	1	1512107	204095	30039	63	37	4	1542183	204163
2021-01-23	1832778	86432	40429	46003	1802277	30456	44	1582613	250166	0.019	0.003	691767	890989	72414	617916	599855	780966	64783	516268	91912	110023	7631	101648	1832778	0	1	1552180	250097	30392	64	40	4	1582612	250166
2021-01-24	1880067	47289	25455	21834	1849364	30654	48	1608068	272000	0.019	0.003	715655	910067	73331	632982	614016	789814	65130	521524	101639	120253	8201	111458	1880067	0	1	1577433	271931	30590	64	44	4	1608067	272000
2021-01-25	1971110	91043	52273	38770	1938988	32070	51	1660341	310770	0.020	0.004	756375	951632	76827	658117	642321	811974	66847	534304	114054	139658	9980	123813	1971110	0	1	1628290	310698	32003	67	47	4	1660340	310770
2021-01-26	2068644	97534	50628	46906	2035080	33505	58	1710969	357676	0.021	0.004	796572	997196	80614	684405	667753	831436	68195	545278	128819	165760	12419	139127	2068644	0	1	1677480	357600	33434	71	54	4	1710968	357676
2021-01-27	2178025	109381	50788	58593	2142667	35291	66	1761757	416269	0.021	0.005	839834	1049509	85786	715259	691463	852265	70042	556304	148371	197244	15744	158955	2178025	0	1	1726486	416181	35208	83	62	4	1761756	416269
2021-01-28	2270316	92291	46373	45918	2233327	36919	69	1808130	462187	0.022	0.006	877990	1090332	89974	739697	713483	869115	71590	567469	164507	221217	18384	172228	2270316	0	1	1771316	462011	36748	171	65	4	1808129	462187
2021-01-29	2378080	107764	49982	57782	2339604	38399	76	1858112	519969	0.022	0.006	920894	1138243	95507	769100	735839	888487	73819	578309	185055	249756	21688	190791	2378080	0	1	1819812	519792	38227	172	72	4	1858111	519969
2021-01-30	2466090	88010	34358	53652	2426732	39279	78	1892470	573621	0.023	0.007	957412	1174692	99468	796433	752473	901967	75224	586328	204939	272725	24244	210105	2466090	0	1	1853291	573441	39105	174	73	5	1892469	573621
2021-01-31	2522957	56867	25751	31116	2483218	39655	83	1918221	604737	0.023	0.007	982865	1196922	101575	812430	766590	910861	76411	592657	216275	286061	25164	219773	2522957	0	1	1878670	604548	39473	182	77	6	1918220	604737
2021-02-01	2642483	119526	57968	61558	2600484	41864	134	1976189	666295	0.024	0.008	1026174	1260299	105285	839830	787193	944041	78273	602425	238981	316258	27012	237405	2642483	0	1	1934380	666104	41680	184	128	6	1976188	666295
2021-02-02	2774492	132009	64792	67217	2729419	44925	147	2040981	733512	0.025	0.009	1069633	1330364	110479	870030	806216	982089	80866	611659	263417	348275	29613	258371	2774492	0	1	1996099	733320	44740	185	141	6	2040980	733512
2021-02-03	2935532	161040	63521	97519	2884104	51253	173	2104503	831031	0.025	0.010	1128983	1407775	116405	912544	829819	1014401	83062	623312	299164	393374	33343	289232	2935532	0	2	2053272	830832	51062	191	167	6	2104501	831031
2021-02-04	3068623	133091	61195	71896	3011357	57086	178	2165698	902927	0.026	0.011	1177986	1472437	120972	943857	851937	1046473	85311	632945	326049	425964	35661	310912	3068623	0	2	2108632	902725	56892	194	172	6	2165696	902927
2021-02-05	3215061	146438	68900	77538	3151337	63536	186	2234598	980465	0.027	0.012	1232524	1542580	126293	977786	877231	1080338	86905	644262	355293	462242	39388	333524	3215061	0	2	2171209	980128	63208	328	179	7	2234596	980465
2021-02-06	3308725	93664	45375	48289	3242374	66162	187	2279973	1028754	0.027	0.012	1272514	1588658	130853	1003590	896490	1101898	88782	653957	376024	486760	42071	349633	3308725	0	2	2213957	1028417	65834	328	180	7	2279971	1028754
2021-02-07	3362028	53303	28251	25052	3293349	68488	189	2308224	1053806	0.028	0.013	1298155	1609930	133571	1016823	910800	1112720	90015	659435	387355	497210	43556	357388	3362028	0	2	2239881	1053468	68159	329	182	7	2308222	1053806
2021-02-08	3470874	108846	52864	55982	3398347	72309	216	2361088	1109788	0.028	0.013	1350672	1655734	137545	1035599	942269	1129343	91902	666781	408403	526391	45643	368818	3470874	0	2	2288898	1109449	71979	330	209	7	2361086	1109788
2021-02-09	3604927	134053	60195	73858	3528853	75743	329	2421283	1183646	0.029	0.014	1411842	1714380	141993	1058512	978151	1147503	94639	674792	433691	566877	47354	383720	3604927	0	2	2345736	1183117	75223	520	322	7	2421281	1183646
2021-02-10	3759095	154168	77321	76847	3670455	79978	8660	2498604	1260493	0.030	0.015	1478760	1781046	146001	1087933	1017461	1175177	96286	685176	461299	605869	49715	402757	3759095	0	2	2411484	1258971	78477	1501	8641	19	2498602	1260493
2021-02-11	3902797	143702	75205	68497	3790576	87243	24974	2573811	1328990	0.031	0.016	1539776	1848576	151475	1113070	1052428	1208053	98713	694775	487348	640523	52762	418295	3902797	0	4	2466154	1324422	82712	4531	24941	33	2573807	1328990
2021-02-12	4057953	155156	79514	75642	3922210	96540	39196	2653328	1404632	0.032	0.017	1611268	1919253	157751	1138545	1094198	1240389	101429	704318	517070	678864	56322	434227	4057953	0	7	2527198	1395012	87284	9256	38839	357	2653321	1404632
2021-02-13	4165321	107368	61924	45444	4012970	99797	52546	2715253	1450076	0.033	0.017	1667599	1960972	162355	1156080	1129093	1262877	103231	711418	538506	698095	59124	444662	4165321	0	8	2574067	1438903	88996	10801	52182	364	2715245	1450076
2021-02-14	4230530	65209	39494	25715	4068459	102271	59791	2754748	1475791	0.033	0.018	1706122	1983696	163973	1164146	1153761	1276081	104081	714928	552361	707615	59892	449218	4230530	0	9	2605067	1463392	90266	12005	59406	385	2754739	1475791
2021-02-15	4355794	125264	69523	55741	4173038	107500	75246	2824272	1531532	0.034	0.018	1773591	2031897	168008	1183418	1194859	1300739	106358	721524	578732	731158	61650	461894	4355794	0	10	2656880	1516158	92538	14962	74844	402	2824262	1531532
2021-02-16	4489849	134055	77706	56349	4281426	113619	94793	2901979	1587881	0.035	0.019	1839625	2089928	170683	1200400	1236633	1336138	107879	728440	602992	753790	62804	471960	4489849	0	11	2712326	1569100	95263	18356	94379	414	2901968	1587881
2021-02-17	4640577	150728	94426	56302	4403432	121617	115516	2996406	1644183	0.036	0.020	1920033	2147919	175770	1221928	1292995	1368705	110873	736858	627038	779214	64897	485070	4640577	0	12	2781229	1622203	100075	21542	115090	426	2996394	1644183
2021-02-18	4784802	144225	91242	52983	4515613	129841	139335	3087649	1697166	0.037	0.020	1995907	2206102	179208	1240945	1345328	1403985	112659	744258	650579	802117	66549	496687	4784802	0	13	2843974	1671639	104757	25084	138905	430	3087636	1697166
2021-02-19	4943085	158283	102755	55528	4636534	139801	166736	3190405	1752694	0.038	0.021	2076668	2266444	184080	1258305	1402958	1440066	115287	750941	673710	826378	68793	507364	4943085	0	14	2912484	1724050	111707	28094	166200	536	3190391	1752694
2021-02-20	5055129	112044	75793	36251	4722892	144265	187957	3266199	1788945	0.039	0.022	2138268	2310157	187738	1272296	1445964	1469322	117533	755178	692304	840835	70205	517118	5055129	0	15	2963034	1759858	115739	28526	187411	546	3266184	1788945
2021-02-21	5140921	85792	57419	28373	4789395	147906	203604	3323619	1817318	0.040	0.022	2187054	2340674	190304	1282667	1479917	1489494	118664	757407	707137	851180	71640	525260	5140921	0	16	3001330	1788065	119221	28685	203052	552	3323603	1817318
2021-02-22	5296149	155228	97542	57686	4912052	156900	227180	3421162	1875004	0.041	0.023	2266701	2410287	195201	1300517	1538362	1525084	121627	763642	728339	885203	73574	536875	5296149	0	17	3068082	1843970	126447	30453	226616	564	3421145	1875004
2021-02-23	5465756	169607	109120	60487	5045617	164109	256012	3530283	1935491	0.042	0.023	2346910	2483166	200501	1318387	1598211	1563793	124757	771284	748699	919373	75744	547103	5465756	0	18	3142831	1902786	131998	32111	255436	576	3530265	1935491
2021-02-24	5641370	175614	116479	59135	5176968	171720	292663	3646763	1994626	0.044	0.024	2431789	2557990	207079	1337422	1660503	1608669	128907	778912	771286	949321	78172	558510	5641370	0	19	3216752	1960216	137923	33797	292069	594	3646744	1994626
2021-02-25	5830111	188741	129752	58989	5308103	178480	343509	3776515	2053615	0.045	0.025	2514175	2648479	213515	1355541	1722988	1667176	133470	787131	791187	981303	80045	568410	5830111	0	19	3290440	2017663	143154	35326	342902	607	3776496	2053615
2021-02-26	6042409	212298	145465	66833	5448767	187313	406310	3921980	2120448	0.047	0.025	2602819	2749814	220591	1375230	1787946	1735795	138593	794627	814873	1014019	81998	580603	6042409	0	19	3365961	2082806	150370	36943	405630	680	3921961	2120448
2021-02-27	6190130	147721	107827	39894	5541424	191395	457292	4029807	2160342	0.048	0.026	2666475	2822116	227301	1388101	1833818	1790224	143432	799030	832657	1031892	83869	589071	6190130	0	19	3419464	2121960	153720	37675	456604	688	4029788	2160342
2021-02-28	6292961	102831	78770	24061	5602700	195348	494893	4108578	2184403	0.049	0.026	2714700	2875405	231582	1394762	1868893	1834535	146785	801170	845807	1040870	84797	593592	6292961	0	20	3457050	2145650	157321	38027	494187	706	4108558	2184403
2021-03-01	6491064	198103	148277	49826	5732847	204972	553225	4256855	2234229	0.051	0.027	2817221	2953369	239381	1408021	1943445	1896228	153263	806209	873776	1057141	86118	601812	6491064	0	20	3539408	2193439	164923	40049	552504	721	4256835	2234229
2021-03-02	6709637	218573	166473	52100	5872605	214962	622050	4423328	2286329	0.053	0.027	2927307	3047588	248982	1422628	2022735	1971725	160632	812692	904572	1075863	88350	609936	6709637	0	20	3629962	2242643	172038	42924	621308	742	4423308	2286329
2021-03-03	6955625	245988	175774	70214	6029298	229911	696396	4599102	2356543	0.055	0.028	3047976	3148969	260606	1439862	2105531	2048823	170041	819606	942445	1100146	90565	620256	6955625	0	20	3722392	2306906	181111	48800	695579	817	4599082	2356543
2021-03-04	7200079	244454	181628	62826	6170321	244381	785357	4780730	2419369	0.057	0.029	3159240	3258741	272992	1455625	2181653	2136963	180034	825002	977587	1121778	92958	630623	7200079	0	20	3806028	2364293	190185	54196	784497	860	4780710	2419369
2021-03-05	7475676	275597	207089	68508	6319763	257746	898146	4987820	2487877	0.060	0.030	3277185	3383782	287941	1471072	2258903	2242620	191990	830697	1018282	1141162	95951	640375	7475676	0	21	3892972	2426791	197590	60156	897237	909	4987799	2487877
2021-03-06	7677355	201679	153030	48649	6428985	266186	982163	5140850	2536526	0.062	0.030	3366696	3478463	298371	1480590	2314602	2325555	200824	833966	1052094	1152908	97547	646624	7677355	0	21	3955804	2473181	203792	62394	981233	930	5140829	2536526
2021-03-07	7824888	147533	114046	33487	6508724	272842	1043301	5254896	2570013	0.063	0.031	3437978	3544531	306478	1486155	2360956	2383880	208082	835928	1077022	1160651	98396	650227	7824888	0	21	4004413	2504311	208111	64731	1042351	950	5254875	2570013
2021-03-08	8062339	237451	185859	51592	6642630	283797	1135891	5440755	2621605	0.065	0.032	3556806	3640371	322827	1498475	2442587	2468035	222757	841890	1114219	1172336	100070	656585	8062339	0	21	4090131	2552499	215703	68094	1134900	991	5440734	2621605
2021-03-09	8314547	252208	197361	54847	6782728	296582	1235216	5638116	2676452	0.068	0.032	3677710	3742787	340236	1512022	2524321	2558568	238262	848791	1153389	1184219	101974	663231	8314547	0	21	4178919	2603809	225015	71567	1234161	1055	5638095	2676452
2021-03-10	8602835	288288	221250	67038	6941784	308760	1352269	5859367	2743490	0.070	0.033	3808598	3856306	360962	1530389	2606688	2661880	256906	860000	1201910	1194426	104056	670389	8601864	971	22	4274549	2667235	233635	75125	1351161	1108	5859345	2743490
2021-03-11	8887070	284235	223344	60891	7089415	322478	1475155	6082711	2804381	0.073	0.034	3937470	3976178	382106	1544008	2689957	2769533	276555	867677	1247513	1206645	105551	676331	8885444	1626	22	4365694	2723721	243005	79473	1473990	1165	6082689	2804381
2021-03-12	9213524	326454	255597	70857	7240991	339772	1632739	6338308	2875238	0.076	0.035	4071484	4127850	404783	1559463	2770420	2906954	297406	877132	1301064	1220896	107377	682331	9211688	1836	22	4451208	2789783	255706	84066	1631372	1367	6338286	2875238
2021-03-13	9454112	240588	190308	50280	7357004	349339	1747747	6528616	2925518	0.079	0.035	4181046	4240796	425293	1567511	2840453	3011727	316755	881879	1340593	1229069	108538	685632	9452120	1992	22	4518394	2838610	263932	85407	1746268	1479	6528594	2925518
2021-03-14	9624125	170013	134351	35662	7445020	354851	1824232	6662967	2961180	0.080	0.036	4266043	4307307	441408	1570975	2896461	3072888	331859	883676	1369582	1234419	109549	687299	9622123	2002	22	4571744	2873276	268469	86382	1822732	1500	6662945	2961180
2021-03-15	9871772	247647	188423	59224	7597771	367588	1906391	6851390	3020404	0.082	0.036	4400463	4391447	461474	1582289	2984151	3147219	350790	890548	1416312	1244228	110684	691741	9869487	2285	22	4667060	2930711	279506	88082	1904802	1589	6851368	3020404
2021-03-16	10050669	178897	110733	68164	7764399	378840	1907408	6962123	3088568	0.084	0.037	4527474	4426082	473886	1593025	3059300	3169255	361553	895647	1468174	1256827	112333	697378	10047837	2832	22	4768013	2996386	288273	90567	1905815	1593	6962101	3088568
2021-03-17	10255596	204927	124033	80894	7950597	396827	1908150	7086156	3169462	0.085	0.038	4672447	4463838	487350	1605072	3141952	3193652	373040	902175	1530495	1270186	114310	702897	10252147	3449	22	4878129	3072468	301453	95374	1906552	1598	7086134	3169462
2021-03-18	10449068	193472	117899	75573	8124754	414984	1909308	7204055	3245035	0.087	0.039	4812398	4498757	499905	1615322	3222615	3215628	383588	907340	1589783	1283129	116317	707982	10445196	3872	22	4981914	3142840	314410	100574	1907709	1599	7204033	3245035
2021-03-19	10693756	244688	160534	84154	8310116	435772	1947846	7364589	3329189	0.089	0.040	4961948	4563922	518114	1627194	3306761	3267408	399605	914537	1655187	1296514	118509	712657	10689353	4403	22	5089985	3220131	328392	107380	1946190	1656	7364567	3329189
2021-03-20	10914010	220254	166989	53265	8445489	451067	2017432	7531578	3382454	0.091	0.041	5078536	4641917	537715	1633319	3379545	3337212	417708	917920	1698991	1304705	120007	715399	10909283	4727	22	5175958	3269531	339853	111214	2015745	1687	7531556	3382454
2021-03-21	11078501	164491	126302	38189	8547665	460256	2070558	7657880	3420643	0.092	0.041	5171749	4694283	554274	1635819	3440184	3384099	433219	919244	1731565	1310184	121055	716575	11073774	4727	22	5243215	3304450	345798	114458	2068845	1713	7657858	3420643
2021-03-22	11347640	269139	192750	76389	8714061	484045	2149512	7850630	3497032	0.094	0.042	5329624	4766248	576579	1645397	3534739	3445389	453483	925279	1794885	1320859	123096	720118	11341385	6255	22	5340678	3373383	362185	121860	2147745	1767	7850608	3497032
2021-03-23	11648323	300683	216842	83841	8895508	503736	2249057	8067472	3580873	0.097	0.043	5490190	4854892	604288	1656865	3629814	3521119	478432	932910	1860376	1333773	125856	723955	11637080	11243	22	5443313	3452195	376903	126833	2247234	1823	8067450	3580873
2021-03-24	11987351	339028	249419	89609	9095656	536762	2354911	8316891	3670482	0.100	0.044	5664852	4952071	635971	1672375	3732242	3605792	507202	944863	1932610	1346279	128769	727512	11970316	17035	22	5559233	3536423	404623	132139	2353013	1898	8316869	3670482
2021-03-25	12319953	332602	251451	81151	9281141	564425	2474365	8568342	3751633	0.103	0.045	5830941	5060081	670798	1683452	3832663	3703768	539527	951994	1998278	1356313	131271	731458	12296973	22980	22	5669249	3611892	426715	137710	2472356	2009	8568320	3751633
2021-03-26	12693701	373748	285345	88403	9480686	601586	2611407	8853687	3840036	0.106	0.046	6003833	5184282	710463	1698535	3933360	3816071	576057	962322	2070473	1368211	134406	736213	12664407	29294	22	5787186	3693500	457172	144414	2609307	2100	8853665	3840036
2021-03-27	12974921	281220	218889	62331	9630246	629203	2715449	9072577	3902367	0.109	0.047	6147056	5279869	744190	1703356	4023632	3903670	607441	965464	2123424	1376199	136749	737892	12943277	31644	23	5877580	3752666	481679	147524	2713295	2154	9072554	3902367
2021-03-28	13171300	196379	143116	53263	9745591	647706	2777980	9215693	3955630	0.111	0.048	6253046	5333384	768116	1706823	4085867	3950861	629648	967502	2167179	1382523	138468	739321	13139465	31835	23	5942988	3802603	496908	150798	2775774	2206	9215670	3955630
2021-03-29	13476752	305452	216883	88569	9934263	672605	2869861	9432576	4044199	0.113	0.049	6418833	5404751	806706	1716518	4180272	4010842	665103	973637	2238561	1393909	141603	742881	13438969	37783	23	6049955	3884308	515004	157601	2867594	2267	9432553	4044199
2021-03-30	13805707	328955	236393	92562	10152910	696991	2955783	9668969	4136761	0.116	0.050	6591913	5474211	853024	1727240	4280843	4069380	706095	981320	2311070	1404831	146929	745920	13755788	49919	23	6182526	3970384	532964	164027	2953456	2327	9668946	4136761
2021-03-31	14141876	336169	234665	101504	10400371	733027	3008455	9903634	4238265	0.119	0.051	6774517	5538855	899988	1738789	4384637	4121392	747318	988525	2389880	1417463	152670	750264	14075642	66234	23	6336485	4063886	561034	171993	3006092	2363	9903611	4238265
2021-04-01	14468478	326602	235896	90706	10639230	765477	3063748	10139530	4328971	0.122	0.052	6936269	5606629	944397	1747554	4476928	4175958	787230	994147	2459341	1430671	157167	753407	14382165	86313	23	6492576	4146654	585587	179890	3061344	2404	10139507	4328971
2021-04-02	14694144	225666	157699	67967	10818737	779863	3095521	10297229	4396938	0.124	0.053	7067172	5654574	981393	1749910	4552089	4213818	820223	995356	2515083	1440756	161170	754554	14606307	87837	23	6608484	4210253	595632	184231	3093090	2431	10297206	4396938
2021-04-03	14925963	231819	167460	64359	10992870	795663	3137407	10464689	4461297	0.126	0.054	7198861	5698683	1018737	1753036	4633025	4248782	853330	997097	2565836	1449901	165407	755939	14836727	89236	23	6723142	4269728	606586	189077	3134938	2469	10464666	4461297
2021-04-04	15118897	192934	142566	50368	11125066	805725	3188083	10607255	4511665	0.128	0.054	7309766	5731715	1048001	1754173	4704262	4274251	879171	997551	2605504	1457464	168830	756622	15029525	89372	23	6808904	4316162	612757	192968	3185571	2512	10607232	4511665
2021-04-05	15366675	247778	177596	70182	11290019	823585	3253048	10784851	4581847	0.130	0.055	7456036	5770066	1081529	1756372	4794323	4302940	907924	998846	2661713	1467126	173605	757526	15275993	90682	23	6908486	4381533	625837	197748	3250505	2543	10784828	4581847
2021-04-06	15740379	373704	279002	94702	11544960	855797	3339599	11063853	4676549	0.133	0.056	7644926	5826686	1124640	1761928	4910112	4346229	944820	1001588	2734814	1480457	179820	760340	15613070	127309	23	7077486	4467474	649356	206441	3336988	2611	11063830	4676549
2021-04-07	16408278	667899	571554	96345	12087038	892801	3428416	11635407	4772894	0.140	0.057	7644926	5826686	1124640	1761928	4910112	4346229	944820	1001588	2734814	1480457	179820	760340	15975305	432973	23	7531886	4555152	677776	215025	3425722	2694	11635384	4772894
2021-04-08	17106864	698586	610922	87664	12658332	928428	3520081	12246329	4860558	0.147	0.058	7644926	5826686	1124640	1761928	4910112	4346229	944820	1001588	2734814	1480457	179820	760340	16349013	757851	23	8024571	4633761	704429	223999	3517306	2775	12246306	4860558
2021-04-09	17738458	631594	542719	88875	13148334	964994	3625107	12789048	4949433	0.154	0.060	7644926	5826686	1124640	1761928	4910112	4346229	944820	1001588	2734814	1480457	179820	760340	16741104	997354	23	8437213	4711121	729562	235432	3622250	2857	12789025	4949433
2021-04-10	18111031	372573	307522	65051	13396819	988216	3725973	13096570	5014484	0.157	0.060	7644926	5826686	1124640	1761928	4910112	4346229	944820	1001588	2734814	1480457	179820	760340	17080631	1030400	23	8628390	4768429	745103	243113	3723054	2919	13096547	5014484
2021-04-11	18374947	263916	213595	50321	13567188	1006882	3800854	13310165	5064805	0.160	0.061	7644926	5826686	1124640	1761928	4910112	4346229	944820	1001588	2734814	1480457	179820	760340	17339468	1035479	23	8752461	4814727	759822	247060	3797859	2995	13310142	5064805
2021-04-12	18793470	418523	342147	76376	13846041	1036068	3911337	13652313	5141181	0.164	0.062	7644926	5826686	1124640	1761928	4910112	4346229	944820	1001588	2734814	1480457	179820	760340	17709484	1083986	24	8963466	4882575	780535	255533	3908288	3049	13652289	5141181
2021-04-13	19370220	576750	503091	73659	14278291	1063282	4028623	14155404	5214840	0.170	0.063	7644926	5826686	1124640	1761928	4910112	4346229	944820	1001588	2734814	1480457	179820	760340	18090104	1280116	24	9327692	4950599	802308	260974	4025380	3243	14155380	5214840
2021-04-14	20145084	774864	691707	83157	14894714	1096819	4153527	14847111	5297997	0.179	0.064	7644926	5826686	1124640	1761928	4910112	4346229	944820	1001588	2734814	1480457	179820	760340	18491171	1653913	24	9870020	5024694	827341	269478	4149726	3801	14847087	5297997
2021-04-15	20825174	680090	609916	70174	15428628	1133023	4263498	15457028	5368171	0.186	0.065	7644926	5826686	1124640	1761928	4910112	4346229	944820	1001588	2734814	1480457	179820	760340	18875632	1949542	25	10343316	5085312	854934	278089	4258753	4745	15457003	5368171
2021-04-16	21421611	596437	522318	74119	15866714	1165558	4389314	15979346	5442290	0.192	0.065	7644926	5826686	1124640	1761928	4910112	4346229	944820	1001588	2734814	1480457	179820	760340	19277230	2144381	25	10716457	5150257	879098	286460	4383766	5548	15979321	5442290
2021-04-17	21787597	365986	309377	56609	16091587	1188242	4507743	16288723	5498899	0.196	0.066	7644926	5826686	1124640	1761928	4910112	4346229	944820	1001588	2734814	1480457	179820	760340	19621412	2166185	25	10893339	5198248	894648	293594	4500711	7032	16288698	5498899
2021-04-18	22057013	269416	230420	38996	16263622	1203625	4589741	16519143	5537895	0.199	0.067	7644926	5826686	1124640	1761928	4910112	4346229	944820	1001588	2734814	1480457	179820	760340	19886217	2170796	25	11031436	5232186	906140	297485	4581542	8199	16519118	5537895
2021-04-19	22459204	402191	340829	61362	16557373	1236544	4665261	16859973	5599257	0.203	0.067	7644926	5826686	1124640	1761928	4910112	4346229	944820	1001588	2734814	1480457	179820	760340	20244077	2215127	26	11273061	5284312	931142	305402	4655744	9517	16859947	5599257
2021-04-20	23019852	560648	498000	62648	16939297	1275761	4804768	17357973	5661905	0.209	0.068	7644926	5826686	1124640	1761928	4910112	4346229	944820	1001588	2734814	1480457	179820	760340	20610274	2409578	26	11601009	5338288	963764	311997	4793174	11594	17357947	5661905
2021-04-21	23740631	720779	647764	73015	17393490	1317453	5029662	18005737	5734920	0.217	0.069	7644926	5826686	1124640	1761928	4910112	4346229	944820	1001588	2734814	1480457	179820	760340	20991905	2748726	26	11992695	5400795	997399	320054	5015617	14045	18005711	5734920
2021-04-22	24379058	638427	571306	67121	17775186	1361102	5242744	18577043	5802041	0.223	0.070	7644926	5826686	1124640	1761928	4910112	4346229	944820	1001588	2734814	1480457	179820	760340	21363073	3015985	26	12318523	5456663	1033419	327683	5225075	17669	18577017	5802041
2021-04-23	24935118	556060	487215	68845	18128395	1404634	5402063	19064258	5870886	0.229	0.071	7644926	5826686	1124640	1761928	4910112	4346229	944820	1001588	2734814	1480457	179820	760340	21750938	3184180	26	12616921	5511474	1066469	338165	5380842	21221	19064232	5870886
2021-04-24	25300649	365531	306582	58949	18363368	1453974	5483281	19370840	5929835	0.233	0.071	7644926	5826686	1124640	1761928	4910112	4346229	944820	1001588	2734814	1480457	179820	760340	22099558	3201091	26	12810674	5552694	1100435	353539	5459705	23576	19370814	5929835
2021-04-25	25583509	282860	233812	49048	18551137	1487651	5544695	19604652	5978883	0.236	0.072	7644926	5826686	1124640	1761928	4910112	4346229	944820	1001588	2734814	1480457	179820	760340	22376604	3206905	26	12961043	5590094	1124246	363405	5519337	25358	19604626	5978883
2021-04-26	26016371	432862	358909	73953	18869011	1530123	5617142	19963630	6052836	0.240	0.073	7644926	5826686	1124640	1761928	4910112	4346229	944820	1001588	2734814	1480457	179820	760340	22722874	3293497	95	13217414	5651597	1158328	371795	5587793	29349	19963535	6052836
2021-04-27	26801618	785247	693380	91867	19545659	1581615	5673788	20657471	6144703	0.248	0.074	7644926	5826686	1124640	1761928	4910112	4346229	944820	1001588	2734814	1480457	179820	760340	23093241	3708377	556	13816251	5729408	1200699	380916	5639965	33823	20656915	6144703
2021-04-28	27924322	1122704	995916	126788	20553860	1642147	5727042	21654104	6271491	0.260	0.075	7644926	5826686	1124640	1761928	4910112	4346229	944820	1001588	2734814	1480457	179820	760340	23486862	4437460	1273	14715882	5837978	1248849	393298	5688100	38942	21652831	6271491
2021-04-29	28870160	945838	812438	133400	21378121	1705754	5784131	22467423	6404891	0.270	0.077	7644926	5826686	1124640	1761928	4910112	4346229	944820	1001588	2734814	1480457	179820	760340	23874632	4995528	2154	15427901	5950220	1300075	405679	5737293	46838	22465269	6404891
2021-04-30	29673632	803472	666454	137018	22056486	1763007	5851151	23134711	6541909	0.278	0.079	7644926	5826686	1124640	1761928	4910112	4346229	944820	1001588	2734814	1480457	179820	760340	24278258	5395374	2988	15994719	6061767	1342087	420920	5794917	56234	23131723	6541909
2021-05-01	30009723	336091	259833	76258	22309300	1804494	5890367	23397118	6618167	0.281	0.080	7644926	5826686	1124640	1761928	4910112	4346229	944820	1001588	2734814	1480457	179820	760340	24589699	5420024	5562	16186282	6123018	1377167	427327	5828107	62260	23391556	6618167
2021-05-02	30274647	264924	197542	67382	22504872	1842006	5920399	23596468	6685549	0.284	0.080	7644926	5826686	1124640	1761928	4910112	4346229	944820	1001588	2734814	1480457	179820	760340	24846968	5427679	7370	16326113	6178759	1409428	432578	5853557	66842	23589098	6685549
2021-05-03	30726172	451525	335177	116348	22822747	1912585	5981884	23933231	6801897	0.288	0.082	7644926	5826686	1124640	1761928	4910112	4346229	944820	1001588	2734814	1480457	179820	760340	25204633	5521539	8956	16553024	6269723	1466810	445775	5904441	77443	23924275	6801897
2021-05-04	31568703	842531	680836	161695	23449022	1975723	6132042	24617027	6963592	0.296	0.084	7644926	5826686	1124640	1761928	4910112	4346229	944820	1001588	2734814	1480457	179820	760340	25579912	5988791	11916	17047509	6401513	1516710	459013	6040892	91150	24605111	6963592
2021-05-05	32715295	1146592	914649	231943	24299820	2054679	6344409	25536147	7195535	0.307	0.087	7644926	5826686	1124640	1761928	4910112	4346229	944820	1001588	2734814	1480457	179820	760340	26000540	6714755	16387	17713236	6586584	1570169	484510	6236355	108054	25519760	7195535
2021-05-06	33705335	990040	766899	223141	24992366	2146572	6545816	26307240	7418676	0.316	0.089	7644926	5826686	1124640	1761928	4910112	4346229	944820	1001588	2734814	1480457	179820	760340	26415469	7289866	20581	18228674	6763692	1639673	506899	6418312	127504	26286659	7418676
2021-05-07	34595120	889785	651839	237946	25579302	2233257	6758125	26962934	7656622	0.324	0.092	7644926	5826686	1124640	1761928	4910112	4346229	944820	1001588	2734814	1480457	179820	760340	26861238	7733882	24436	18641732	6937570	1695396	537861	6601370	156755	26938498	7656622
2021-05-08	35020826	425706	271650	154056	25846948	2305026	6842698	27236302	7810678	0.327	0.094	7644926	5826686	1124640	1761928	4910112	4346229	944820	1001588	2734814	1480457	179820	760340	27226453	7794373	26154	18796492	7050456	1747339	557687	6666317	176381	27210148	7810678
2021-05-09	35306938	286112	183560	102552	26040833	2361575	6877310	27420928	7913230	0.330	0.095	7644926	5826686	1124640	1761928	4910112	4346229	944820	1001588	2734814	1480457	179820	760340	27501530	7805408	27220	18911112	7129721	1793092	568483	6689504	187806	27393708	7913230
2021-05-10	35896070	589132	395657	193475	26413956	2443264	7007901	27820314	8106705	0.335	0.097	7644926	5826686	1124640	1761928	4910112	4346229	944820	1001588	2734814	1480457	179820	760340	27901764	7994306	30949	19142501	7271455	1852624	590640	6794240	213661	27789365	8106705
2021-05-11	36981733	1085663	797867	287796	27239825	2523145	7184179	28621816	8394501	0.344	0.101	7644926	5826686	1124640	1761928	4910112	4346229	944820	1001588	2734814	1480457	179820	760340	28333732	8648001	34584	19735507	7504318	1910341	612804	6941384	242795	28587232	8394501
2021-05-12	38397240	1415507	1049084	366423	28332948	2614782	7409343	29676483	8760924	0.357	0.105	7644926	5826686	1124640	1761928	4910112	4346229	944820	1001588	2734814	1480457	179820	760340	28793256	9603984	40167	20532260	7800688	1971465	643317	7132591	276752	29636316	8760924
2021-05-13	38826446	429206	268385	160821	28648259	2681552	7453821	29947515	8921745	0.360	0.107	7644926	5826686	1124640	1761928	4910112	4346229	944820	1001588	2734814	1480457	179820	760340	29148983	9677463	42814	20719819	7928440	2023027	658525	7161855	291966	29904701	8921745
2021-05-14	39582760	756314	525907	230407	29193398	2746451	7592301	30481218	9152152	0.367	0.110	7644926	5826686	1124640	1761928	4910112	4346229	944820	1001588	2734814	1480457	179820	760340	29553960	10028800	50610	21084451	8108947	2072756	673695	7273401	318900	30430608	9152152
2021-05-15	39982778	400018	234496	165522	29472425	2806752	7648711	30719994	9317674	0.369	0.112	7644926	5826686	1124640	1761928	4910112	4346229	944820	1001588	2734814	1480457	179820	760340	29906312	10076466	54890	21241127	8231298	2116704	690048	7307273	341438	30665104	9317674
2021-05-16	40265340	282562	160588	121974	29672601	2859489	7673634	30885308	9439648	0.371	0.114	7644926	5826686	1124640	1761928	4910112	4346229	944820	1001588	2734814	1480457	179820	760340	30172869	10092471	59616	21347560	8325041	2159556	699933	7318576	355058	30825692	9439648
2021-05-17	40820533	555193	349216	205977	30010908	2945166	7795085	31244282	9645625	0.376	0.116	7644926	5826686	1124640	1761928	4910112	4346229	944820	1001588	2734814	1480457	179820	760340	30558744	10261789	69374	21540421	8470487	2220816	724350	7413671	381414	31174908	9645625
2021-05-18	41692367	871834	517258	354576	30600446	3046251	7968523	31769313	10000201	0.382	0.120	7644926	5826686	1124640	1761928	4910112	4346229	944820	1001588	2734814	1480457	179820	760340	30975574	10716793	77147	21839794	8760652	2293324	752927	7559048	409475	31692166	10000201
2021-05-19	42789853	1097486	563507	533979	31404487	3146329	8149771	32344939	10534180	0.389	0.127	7644926	5826686	1124640	1761928	4910112	4346229	944820	1001588	2734814	1480457	179820	760340	31393282	11396571	89266	22183779	9220708	2359568	786761	7712326	437445	32255673	10534180
2021-05-20	43736811	946958	455474	491484	32087594	3242795	8306314	32811255	11025664	0.395	0.133	7644926	5826686	1124640	1761928	4910112	4346229	944820	1001588	2734814	1480457	179820	760340	31809297	11927514	100108	22444692	9642902	2425077	817718	7841378	464936	32711147	11025664
2021-05-21	44587335	850524	405770	444754	32683458	3328418	8463528	33228848	11470418	0.400	0.138	7644926	5826686	1124640	1761928	4910112	4346229	944820	1001588	2734814	1480457	179820	760340	32237101	12350234	111931	22667159	10016299	2481448	846970	7968310	495218	33116917	11470418
2021-05-22	45061054	473719	214726	258993	32989555	3397921	8547368	33457853	11729411	0.402	0.141	7644926	5826686	1124640	1761928	4910112	4346229	944820	1001588	2734814	1480457	179820	760340	32581890	12479164	126210	22765525	10224030	2529753	868168	8036365	511003	33331643	11729411
2021-05-23	45346133	285079	124710	160369	33182489	3457308	8571259	33591430	11889780	0.404	0.143	7644926	5826686	1124640	1761928	4910112	4346229	944820	1001588	2734814	1480457	179820	760340	32848848	12497285	135077	22831156	10351333	2574049	883259	8051148	520111	33456353	11889780
2021-05-24	45672081	325948	141114	184834	33418186	3518858	8591917	33740587	12074614	0.406	0.145	7644926	5826686	1124640	1761928	4910112	4346229	944820	1001588	2734814	1480457	179820	760340	33159271	12512810	143120	22913753	10504433	2620602	898256	8063112	528805	33597467	12074614
2021-05-25	46327342	655261	272006	383255	33864729	3598527	8695853	34037706	12457869	0.409	0.150	7644926	5826686	1124640	1761928	4910112	4346229	944820	1001588	2734814	1480457	179820	760340	33555589	12771753	168233	23055448	10809281	2672046	926481	8141979	553874	33869473	12457869
2021-05-26	47506787	1179445	469418	710027	34749552	3680922	8829872	34585332	13167896	0.416	0.158	7644926	5826686	1124640	1761928	4910112	4346229	944820	1001588	2734814	1480457	179820	760340	33971619	13535168	246441	23370242	11379310	2724629	956293	8244020	585852	34338891	13167896
2021-05-27	48547273	1040486	403986	636500	35488529	3769780	8961407	35070434	13804396	0.422	0.166	7644926	5826686	1124640	1761928	4910112	4346229	944820	1001588	2734814	1480457	179820	760340	34390268	14157005	327557	23628035	11860494	2776220	993560	8338622	622785	34742877	13804396
2021-05-28	49450151	902878	356039	546839	36091310	3855847	9091690	35510220	14351235	0.427	0.173	7644926	5826686	1124640	1761928	4910112	4346229	944820	1001588	2734814	1480457	179820	760340	34825185	14624966	411304	23844710	12246600	2826734	1029113	8427472	664218	35098916	14351235
2021-05-29	49859913	409762	151572	258190	36352856	3918387	9149579	35689579	14609425	0.429	0.176	7644926	5826686	1124640	1761928	4910112	4346229	944820	1001588	2734814	1480457	179820	760340	35160538	14699375	439091	23924495	12428361	2863578	1054809	8462415	687164	35250488	14609425
2021-05-30	50143335	283422	97672	185750	36549914	3965393	9177910	35798278	14795175	0.430	0.178	7644926	5826686	1124640	1761928	4910112	4346229	944820	1001588	2734814	1480457	179820	760340	35422142	14721193	450118	23983691	12566223	2890916	1074477	8473553	704357	35348160	14795175
2021-05-31	50689501	546166	178154	368012	36916895	4032617	9247401	36018902	15163187	0.433	0.182	7644926	5826686	1124640	1761928	4910112	4346229	944820	1001588	2734814	1480457	179820	760340	35810539	14878962	492588	24095319	12821576	2918574	1114043	8512421	734980	35526314	15163187
2021-06-01	51676819	987318	399666	587652	37649918	4112035	9337779	36503067	15750839	0.439	0.189	7644926	5826686	1124640	1761928	4910112	4346229	944820	1001588	2734814	1480457	179820	760340	36207384	15469435	577087	24411277	13238641	2948217	1163818	8566486	771293	35925980	15750839
2021-06-02	52922913	1246094	516502	729592	38638045	4184228	9419882	37123240	16480431	0.446	0.198	7644926	5826686	1124640	1761928	4910112	4346229	944820	1001588	2734814	1480457	179820	760340	36613200	16309713	680758	24860483	13777562	2972602	1211626	8609397	810485	36442482	16480431
2021-06-03	53565113	642200	230301	411899	39112738	4248393	9470019	37406746	16892330	0.450	0.203	7644926	5826686	1124640	1761928	4910112	4346229	944820	1001588	2734814	1480457	179820	760340	36975987	16589126	733963	25040240	14072498	3002301	1246092	8630242	839777	36672783	16892330
2021-06-04	54375209	810096	290945	519151	39697569	4319613	9546848	37774907	17411481	0.454	0.209	7644926	5826686	1124640	1761928	4910112	4346229	944820	1001588	2734814	1480457	179820	760340	37383595	16991614	811179	25268063	14429506	3030987	1288626	8664678	882170	36963728	17411481
2021-06-05	54787911	412702	96211	316491	39968611	4386528	9590983	37901728	17727972	0.456	0.213	7644926	5826686	1124640	1761928	4910112	4346229	944820	1001588	2734814	1480457	179820	760340	37732753	17055158	841789	25327131	14641480	3057266	1329262	8675542	915441	37059939	17727972
2021-06-06	55080069	292158	59354	232804	40174301	4427521	9618216	37979324	17960776	0.457	0.216	7644926	5826686	1124640	1761928	4910112	4346229	944820	1001588	2734814	1480457	179820	760340	37995202	17084867	860031	25370999	14803302	3069235	1358286	8679059	939157	37119293	17960776
2021-06-07	55692818	612749	192271	420478	40575121	4512566	9690674	38226021	18381254	0.460	0.221	7644926	5826686	1124640	1761928	4910112	4346229	944820	1001588	2734814	1480457	179820	760340	38368667	17323248	914457	25504638	15070483	3096773	1415793	8710153	980521	37311564	18381254
2021-06-08	56741007	1048189	336956	711233	41416994	4587814	9753506	38631213	19092487	0.465	0.230	7644926	5826686	1124640	1761928	4910112	4346229	944820	1001588	2734814	1480457	179820	760340	38769035	17968865	982693	25783172	15633822	3122965	1464849	8742383	1011123	37648520	19092487
2021-06-09	58156687	1415680	441727	973953	42586004	4674839	9817441	39168650	20066440	0.471	0.241	7644926	5826686	1124640	1761928	4910112	4346229	944820	1001588	2734814	1480457	179820	760340	39193986	18956810	1078403	26164264	16421740	3151230	1523609	8774753	1042688	38090247	20066440
2021-06-10	59340584	1183897	397778	786119	43536058	4764560	9873125	39654866	20852559	0.477	0.251	7644926	5826686	1124640	1761928	4910112	4346229	944820	1001588	2734814	1480457	179820	760340	39626342	19705530	1166841	26503305	17032753	3183156	1581404	8801564	1071561	38488025	20852559
2021-06-11	60395148	1054564	356938	697626	44336373	4853524	9941687	40108527	21550185	0.482	0.259	7644926	5826686	1124640	1761928	4910112	4346229	944820	1001588	2734814	1480457	179820	760340	40065130	20318630	1263564	26803071	17533302	3211251	1642273	8830641	1111046	38844963	21550185
2021-06-12	60828779	433631	122346	311285	44619785	4925178	9985016	40266109	21861470	0.484	0.263	7644926	5826686	1124640	1761928	4910112	4346229	944820	1001588	2734814	1480457	179820	760340	40395664	20420893	1298800	26893771	17726014	3229874	1695304	8843664	1141352	38967309	21861470
2021-06-13	61111662	282883	64553	218330	44799624	4988633	10010815	40344452	22079800	0.485	0.265	7644926	5826686	1124640	1761928	4910112	4346229	944820	1001588	2734814	1480457	179820	760340	40642887	20456247	1312590	26937845	17861779	3245734	1742899	8848283	1162532	39031862	22079800
2021-06-14	61761420	649758	209436	440322	45225800	5089688	10078125	40609105	22520122	0.488	0.271	7644926	5826686	1124640	1761928	4910112	4346229	944820	1001588	2734814	1480457	179820	760340	41050134	20696780	1367807	27106311	18119489	3269176	1820512	8865811	1212314	39241298	22520122
2021-06-15	62800642	1039222	340362	698860	46017224	5194011	10162563	41008504	23218982	0.493	0.279	7644926	5826686	1124640	1761928	4910112	4346229	944820	1001588	2734814	1480457	179820	760340	41499177	21283470	1426844	27398770	18618454	3297493	1896518	8885397	1277166	39581660	23218982
2021-06-16	64172725	1372083	457230	914853	47110828	5299854	10258954	41541979	24133835	0.500	0.290	7644926	5826686	1124640	1761928	4910112	4346229	944820	1001588	2734814	1480457	179820	760340	41968687	22182018	1503089	27798579	19312249	3329435	1970419	8910876	1348078	40038890	24133835
2021-06-17	65310432	1137707	390231	747476	47985308	5402796	10350982	42000467	24881311	0.505	0.299	7644926	5826686	1124640	1761928	4910112	4346229	944820	1001588	2734814	1480457	179820	760340	42432824	22852215	1571346	28137412	19847896	3358590	2044206	8933119	1417863	40429121	24881311
2021-06-18	66293815	983383	337467	645916	48710184	5496465	10447032	42406722	25527227	0.510	0.307	7644926	5826686	1124640	1761928	4910112	4346229	944820	1001588	2734814	1480457	179820	760340	42883220	23382503	1640134	28421986	20288198	3389519	2106946	8955083	1491949	40766588	25527227
2021-06-19	66719518	425703	118322	307381	48982090	5578300	10497858	42546180	25834608	0.512	0.311	7644926	5826686	1124640	1761928	4910112	4346229	944820	1001588	2734814	1480457	179820	760340	43223182	23466988	1661270	28513088	20469002	3410231	2168069	8961591	1536267	40884910	25834608
2021-06-20	67013961	294443	67503	226940	49160613	5649595	10529673	42626493	26061548	0.513	0.313	7644926	5826686	1124640	1761928	4910112	4346229	944820	1001588	2734814	1480457	179820	760340	43487720	23496614	1674080	28562054	20598559	3426160	2223435	8964199	1565474	40952413	26061548
2021-06-21	67639061	625100	204718	420382	49567033	5746719	10614966	42867474	26481930	0.515	0.318	7644926	5826686	1124640	1761928	4910112	4346229	944820	1001588	2734814	1480457	179820	760340	43881270	23726147	1710343	28728138	20838895	3450860	2295859	8978133	1636833	41157131	26481930
2021-06-22	68706393	1067332	367014	700318	50402512	5842315	10717294	43268417	27182248	0.520	0.327	7644926	5826686	1124640	1761928	4910112	4346229	944820	1001588	2734814	1480457	179820	760340	44315898	24354112	1744272	29048716	21353796	3481136	2361179	8994293	1723001	41524145	27182248
2021-06-23	70030450	1324057	478653	845404	51481586	5937848	10832531	43781283	28027652	0.526	0.337	7644926	5826686	1124640	1761928	4910112	4346229	944820	1001588	2734814	1480457	179820	760340	44751018	25237778	1778485	29477371	22004215	3510706	2427142	9014721	1817810	42002798	28027652
2021-06-24	71055341	1024891	479636	545255	52269150	6024871	10942944	44300810	28572907	0.533	0.344	7644926	5826686	1124640	1761928	4910112	4346229	944820	1001588	2734814	1480457	179820	760340	45178460	25830883	1818376	29900771	22368379	3545764	2479107	9035899	1907045	42482434	28572907
2021-06-25	71966410	911069	371861	539208	52954514	6101078	11052689	44712424	29112115	0.538	0.350	7644926	5826686	1124640	1761928	4910112	4346229	944820	1001588	2734814	1480457	179820	760340	45602784	26314646	1858129	30226386	22728128	3572254	2528824	9055655	1997034	42854295	29112115
2021-06-26	72374019	407609	134666	272943	53207551	6170096	11125131	44860202	29385058	0.539	0.353	7644926	5826686	1124640	1761928	4910112	4346229	944820	1001588	2734814	1480457	179820	760340	45946042	26378225	1871241	30329327	22878224	3597786	2572310	9061848	2063283	42988961	29385058
2021-06-27	72665536	291517	89461	202056	53380128	6228160	11181886	44953784	29587114	0.541	0.356	7644926	5826686	1124640	1761928	4910112	4346229	944820	1001588	2734814	1480457	179820	760340	46211486	26403445	1875362	30396164	22983964	3617024	2611136	9065234	2116652	43078422	29587114
2021-06-28	73289010	623474	239603	383871	53775978	6317844	11295580	45217633	29970985	0.544	0.360	7644926	5826686	1124640	1761928	4910112	4346229	944820	1001588	2734814	1480457	179820	760340	46618466	26617843	1899608	30589835	23186143	3649238	2668606	9078952	2216628	43318025	29970985
2021-06-29	74214374	925364	383326	542038	54454125	6410376	11428198	45623026	30513023	0.549	0.367	7644926	5826686	1124640	1761928	4910112	4346229	944820	1001588	2734814	1480457	179820	760340	47043188	27113831	1921675	30928603	23525522	3682110	2728266	9090638	2337560	43701351	30513023
2021-06-30	75226694	1012320	443376	568944	55214134	6504069	11564432	46088786	31081967	0.554	0.374	7644926	5826686	1124640	1761928	4910112	4346229	944820	1001588	2734814	1480457	179820	760340	47466148	27697962	1944059	31322814	23891320	3716821	2787248	9105092	2459340	44144727	31081967
2021-07-01	76201068	974374	447050	527324	55950502	6587085	11697118	46558140	31609291	0.560	0.380	7644926	5826686	1124640	1761928	4910112	4346229	944820	1001588	2734814	1480457	179820	760340	47865953	28268207	1966363	31725898	24224604	3747282	2839803	9118597	2578521	44591777	31609291
2021-07-02	77039233	838165	374739	463426	56594072	6681397	11776129	46954151	32072717	0.565	0.386	7644926	5826686	1124640	1761928	4910112	4346229	944820	1001588	2734814	1480457	179820	760340	48258981	28709971	1987635	32059786	24534286	3778949	2902448	9127781	2648348	44966516	32072717
2021-07-03	77414897	375664	147919	227745	56848358	6760632	11803223	47117119	32300462	0.567	0.388	7644926	5826686	1124640	1761928	4910112	4346229	944820	1001588	2734814	1480457	179820	760340	48567648	28776252	2002684	32180384	24667974	3803487	2957145	9130564	2672659	45114435	32300462
2021-07-04	77687425	272528	92604	179924	57029649	6828769	11817745	47218301	32480386	0.568	0.391	7644926	5826686	1124640	1761928	4910112	4346229	944820	1001588	2734814	1480457	179820	760340	48812657	28803194	2011262	32253119	24776530	3821910	3006859	9132010	2685735	45207039	32480386
2021-07-05	78219740	532315	194020	338295	57413365	6923019	11857246	47427169	32818681	0.570	0.395	7644926	5826686	1124640	1761928	4910112	4346229	944820	1001588	2734814	1480457	179820	760340	49152917	28993153	2026110	32416839	24996526	3847875	3075144	9136345	2720901	45401059	32818681
2021-07-06	78990800	771060	267659	503401	58025036	7021728	11902402	47710352	33322082	0.574	0.401	7644926	5826686	1124640	1761928	4910112	4346229	944820	1001588	2734814	1480457	179820	760340	49490305	29423099	2041634	32654730	25370306	3873110	3148618	9140878	2761524	45668718	33322082
2021-07-07	79978344	987544	321161	666383	58847290	7117046	11953647	48050240	33988465	0.578	0.409	7644926	5826686	1124640	1761928	4910112	4346229	944820	1001588	2734814	1480457	179820	760340	49839620	30056482	2060361	32945926	25901364	3897677	3219369	9146276	2807371	45989879	33988465
2021-07-08	80817205	838861	260835	578026	59523902	7217727	11996186	48330104	34566491	0.581	0.416	7644926	5826686	1124640	1761928	4910112	4346229	944820	1001588	2734814	1480457	179820	760340	50179279	30551427	2079390	33180097	26343805	3920075	3297652	9150542	2845644	46250714	34566491
2021-07-09	81566367	749162	217525	531637	60111467	7315991	12039204	48567944	35098128	0.584	0.422	7644926	5826686	1124640	1761928	4910112	4346229	944820	1001588	2734814	1480457	179820	760340	50519401	30956968	2099705	33375386	26736081	3937874	3378117	9154979	2884225	46468239	35098128
2021-07-10	81908256	341889	95267	246622	60338629	7400065	12060242	48672826	35344750	0.585	0.425	7644926	5826686	1124640	1761928	4910112	4346229	944820	1001588	2734814	1480457	179820	760340	50792381	31025280	2109320	33451125	26887504	3955976	3444089	9156405	2903837	46563506	35344750
2021-07-11	82135960	227704	60921	166783	60484256	7463566	12070525	48742040	35511533	0.586	0.427	7644926	5826686	1124640	1761928	4910112	4346229	944820	1001588	2734814	1480457	179820	760340	51000791	31044204	2117613	33496812	26987444	3970744	3492822	9156871	2913654	46624427	35511533
2021-07-12	82598166	462206	149780	312426	60829885	7542142	12094478	48905868	35823959	0.588	0.431	7644926	5826686	1124640	1761928	4910112	4346229	944820	1001588	2734814	1480457	179820	760340	51264544	31240232	2131661	33615873	27214012	3999611	3542531	9158723	2935755	46774207	35823959
2021-07-13	83352355	754189	178550	575639	61452198	7619726	12128999	49104189	36399598	0.590	0.438	7644926	5826686	1124640	1761928	4910112	4346229	944820	1001588	2734814	1480457	179820	760340	51515474	31739362	2151432	33766225	27685973	4025568	3594158	9160964	2968035	46952757	36399598
2021-07-14	84318043	965688	201346	764342	62277055	7691150	12175983	49327958	37163940	0.593	0.447	7644926	5826686	1124640	1761928	4910112	4346229	944820	1001588	2734814	1480457	179820	760340	51786621	32429200	2173855	33942794	28334261	4046712	3644438	9164597	3011386	47154103	37163940
2021-07-15	85073204	755161	168971	586190	62901457	7761487	12214451	49518883	37750130	0.595	0.454	7644926	5826686	1124640	1761928	4910112	4346229	944820	1001588	2734814	1480457	179820	760340	52035671	32931568	2195809	34089779	28811678	4065873	3695614	9167422	3047029	47323074	37750130
2021-07-16	85718145	644941	148696	496245	63430086	7824791	12246176	49688862	38246375	0.597	0.460	7644926	5826686	1124640	1761928	4910112	4346229	944820	1001588	2734814	1480457	179820	760340	52280054	33328254	2217092	34219589	29210497	4082918	3741873	9169263	3076913	47471770	38246375
2021-07-17	85984015	265870	69875	195995	63601254	7887649	12261712	49775045	38442370	0.598	0.462	7644926	5826686	1124640	1761928	4910112	4346229	944820	1001588	2734814	1480457	179820	760340	52487547	33384580	2233400	34273031	29328223	4098498	3789151	9170116	3091596	47541645	38442370
2021-07-18	86180601	196586	58875	137711	63735697	7928280	12272972	49844172	38580081	0.599	0.464	7644926	5826686	1124640	1761928	4910112	4346229	944820	1001588	2734814	1480457	179820	760340	52655509	33412623	2243652	34322419	29413278	4107713	3820567	9170388	3102584	47600520	38580081
2021-07-19	86548530	367929	89412	278517	64022178	7976908	12292521	49946855	38858598	0.601	0.467	7644926	5826686	1124640	1761928	4910112	4346229	944820	1001588	2734814	1480457	179820	760340	52841397	33592649	2256923	34397829	29624349	4120446	3856462	9171657	3120864	47689932	38858598
2021-07-20	87121012	572482	121602	450880	64515902	8021023	12314237	50081384	39309478	0.602	0.473	7644926	5826686	1124640	1761928	4910112	4346229	944820	1001588	2734814	1480457	179820	760340	53031767	33970767	2269850	34501982	30013920	4135381	3885642	9174171	3140066	47811534	39309478
