date	dosen_kumulativ	dosen_differenz_zum_vortag	dosen_erst_differenz_zum_vortag	dosen_zweit_differenz_zum_vortag	dosen_biontech_kumulativ	dosen_moderna_kumulativ	dosen_astrazeneca_kumulativ	personen_erst_kumulativ	personen_voll_kumulativ	impf_quote_erst	impf_quote_voll	indikation_alter_dosen	indikation_beruf_dosen	indikation_medizinisch_dosen	indikation_pflegeheim_dosen	indikation_alter_erst	indikation_beruf_erst	indikation_medizinisch_erst	indikation_pflegeheim_erst	indikation_alter_voll	indikation_beruf_voll	indikation_medizinisch_voll	indikation_pflegeheim_voll	dosen_dim_kumulativ	dosen_kbv_kumulativ	dosen_johnson_kumulativ	dosen_biontech_erst_kumulativ	dosen_biontech_zweit_kumulativ	dosen_moderna_erst_kumulativ	dosen_moderna_zweit_kumulativ	dosen_astrazeneca_erst_kumulativ	dosen_astrazeneca_zweit_kumulativ	dosen_erst_kumulativ	dosen_zweit_kumulativ
2020-12-27	23321	23321	23304	17	23319	2	0	23304	17	0.000	0.000	10705	8657	1305	12604	10664	8590	1305	12536	41	67	0	68	23321	0	0	23302	17	2	0	0	0	23304	17
2020-12-28	41139	17818	17779	39	41137	2	0	41083	56	0.000	0.000	18621	15788	1991	21344	18580	15721	1991	21276	41	67	0	68	41139	0	0	41081	56	2	0	0	0	41083	56
2020-12-29	90902	49763	49040	723	90900	2	0	90123	779	0.001	0.000	34989	40734	3107	40508	34724	40420	3107	40099	265	314	0	409	90902	0	0	90121	779	2	0	0	0	90123	779
2020-12-30	152687	61785	61657	128	152685	2	0	151780	907	0.002	0.000	55510	73365	4901	63206	55243	73050	4901	62794	267	315	0	412	152687	0	0	151778	907	2	0	0	0	151780	907
2020-12-31	202971	50284	50135	149	202969	2	0	201915	1056	0.002	0.000	72831	96719	6752	83965	72517	96367	6752	83476	314	352	0	489	202971	0	0	201913	1056	2	0	0	0	201915	1056
2021-01-01	228732	25761	25750	11	228722	7	3	227665	1067	0.003	0.000	81208	105449	7830	92301	80894	105097	7830	91812	314	352	0	489	228732	0	0	227656	1066	7	0	2	1	227665	1067
2021-01-02	276370	47638	47353	285	276360	7	3	275018	1352	0.003	0.000	102774	129731	10350	113258	102365	129304	10350	112629	409	427	0	629	276370	0	0	275009	1351	7	0	2	1	275018	1352
2021-01-03	298551	22181	22174	7	298540	8	3	297192	1359	0.004	0.000	113044	140227	11284	123279	112635	139800	11284	122650	409	427	0	629	298551	0	0	297182	1358	8	0	2	1	297192	1359
2021-01-04	345130	46579	46526	53	345118	9	3	343718	1412	0.004	0.000	129646	164913	13951	139091	129237	164486	13951	138462	409	427	0	629	345130	0	0	343707	1411	9	0	2	1	343718	1412
2021-01-05	397029	51899	51869	30	397016	10	3	395587	1442	0.005	0.000	147987	192565	16489	157656	147576	192117	16489	157025	411	448	0	631	397029	0	0	395575	1441	10	0	2	1	395587	1442
2021-01-06	459293	62264	62255	9	459272	16	5	457842	1451	0.006	0.000	169498	225530	19910	180812	169086	225082	19910	180181	412	448	0	631	459293	0	0	457822	1450	16	0	4	1	457842	1451
2021-01-07	513441	54148	54139	9	513416	19	6	511981	1460	0.006	0.000	189172	254868	22957	197233	188758	254418	22957	196600	414	450	0	633	513441	0	0	511957	1459	19	0	5	1	511981	1460
2021-01-08	575339	61898	61567	331	575264	68	7	573548	1791	0.007	0.000	211521	287315	26324	218219	211009	286711	26320	217449	512	604	4	770	575339	0	0	573474	1790	68	0	6	1	573548	1791
2021-01-09	634837	59498	59450	48	634762	68	7	632998	1839	0.008	0.000	237322	313238	29007	243325	236798	312599	29003	242545	524	639	4	780	634837	0	0	632924	1838	68	0	6	1	632998	1839
2021-01-10	669489	34652	34643	9	669412	70	7	667641	1848	0.008	0.000	252455	327794	30379	256315	251929	327151	30375	255535	526	643	4	780	669489	0	0	667565	1847	70	0	6	1	667641	1848
2021-01-11	736621	67132	67078	54	736540	73	8	734719	1902	0.009	0.000	277513	359176	33587	276774	276967	358513	33583	275968	546	663	4	806	736621	0	0	734639	1901	73	0	7	1	734719	1902
2021-01-12	817360	80739	80678	61	817264	88	8	815397	1963	0.010	0.000	305695	401338	36582	301731	305147	400670	36578	300888	548	668	4	843	817360	0	0	815302	1962	88	0	7	1	815397	1963
2021-01-13	928980	111620	111423	197	927714	1258	8	926820	2160	0.011	0.000	345167	458844	40485	337339	344574	458093	40466	336399	593	751	19	940	928980	0	0	925555	2159	1258	0	7	1	926820	2160
2021-01-14	1011022	82042	81858	184	1004615	6399	8	1008678	2344	0.012	0.000	374803	501101	42769	361463	374094	500254	42750	360452	709	847	19	1011	1011022	0	0	1002316	2299	6355	44	7	1	1008678	2344
2021-01-15	1101044	90022	89220	802	1089370	11661	13	1097898	3146	0.013	0.000	408725	545673	46728	389202	407810	544625	46700	387982	915	1048	28	1220	1101044	0	0	1086269	3101	11617	44	12	1	1097898	3146
2021-01-16	1158190	57146	56128	1018	1144835	13341	14	1154026	4164	0.014	0.000	432983	570627	48859	408798	431664	569232	48767	407047	1319	1395	92	1751	1158190	0	0	1140716	4119	13297	44	13	1	1154026	4164
2021-01-17	1206569	48379	30589	17790	1191952	14602	15	1184615	21954	0.014	0.000	453449	591002	50884	428544	444215	583354	50014	417145	9234	7648	870	11399	1206569	0	0	1170043	21909	14558	44	14	1	1184615	21954
2021-01-18	1288675	82106	66211	15895	1269903	18756	16	1250826	37849	0.015	0.000	482728	633883	53106	448900	467235	619730	51700	430238	15493	14153	1406	18662	1288675	0	0	1232101	37802	18710	46	15	1	1250826	37849
2021-01-19	1407168	118493	82434	36059	1384725	22419	24	1333260	73908	0.016	0.001	519765	695968	56714	479843	492669	666683	54375	447938	27096	29285	2339	31905	1407168	0	0	1310868	73857	22369	50	23	1	1333260	73908
2021-01-20	1539314	132146	77869	54277	1514127	25160	27	1411129	128185	0.017	0.002	568076	760039	60957	522078	522876	706310	57505	469463	45200	53729	3452	52615	1539314	0	0	1385993	128134	25110	50	26	1	1411129	128185
2021-01-21	1645432	106118	64195	41923	1617507	27898	27	1475324	170108	0.018	0.002	610150	808503	65406	556195	549621	735602	60889	487988	60529	72901	4517	68207	1645432	0	0	1447451	170056	27847	51	26	1	1475324	170108
2021-01-22	1748302	102870	68219	34651	1718182	30085	35	1543543	204759	0.019	0.002	654049	853889	69013	590642	579902	764987	63599	506975	74147	88902	5414	83667	1748302	0	0	1513479	204703	30030	55	34	1	1543543	204759
2021-01-23	1835095	86793	40749	46044	1804614	30443	38	1584292	250803	0.019	0.003	691767	890989	72414	617916	599855	780966	64783	516268	91912	110023	7631	101648	1835095	0	0	1553868	250746	30387	56	37	1	1584292	250803
2021-01-24	1882824	47729	25738	21991	1852143	30639	42	1610030	272794	0.019	0.003	715655	910067	73331	632982	614016	789814	65130	521524	101639	120253	8201	111458	1882824	0	0	1579406	272737	30583	56	41	1	1610030	272794
2021-01-25	1974011	91187	51983	39204	1941915	32051	45	1662013	311998	0.020	0.004	756375	951632	76827	658117	642321	811974	66847	534304	114054	139658	9980	123813	1974011	0	0	1629975	311940	31994	57	44	1	1662013	311998
2021-01-26	2071531	97520	50360	47160	2037992	33487	52	1712373	359158	0.021	0.004	796572	997196	80614	684405	667753	831436	68195	545278	128819	165760	12419	139127	2071531	0	0	1678897	359095	33425	62	51	1	1712373	359158
2021-01-27	2180202	108671	50726	57945	2144869	35273	60	1763099	417103	0.021	0.005	839834	1049509	85786	715259	691463	852265	70042	556304	148371	197244	15744	158955	2180202	0	0	1727840	417029	35200	73	59	1	1763099	417103
2021-01-28	2270731	90529	45118	45411	2233741	36927	63	1808217	462514	0.022	0.006	877990	1090332	89974	739697	713483	869115	71590	567469	164507	221217	18384	172228	2270731	0	0	1771319	462422	36836	91	62	1	1808217	462514
2021-01-29	2379453	108722	51365	57357	2341017	38368	68	1859582	519871	0.022	0.006	920894	1138243	95507	769100	735839	888487	73819	578309	185055	249756	21688	190791	2379453	0	0	1821238	519779	38277	91	67	1	1859582	519871
2021-01-30	2467849	88396	34540	53856	2428537	39242	70	1894122	573727	0.023	0.007	957412	1174692	99468	796433	752473	901967	75224	586328	204939	272725	24244	210105	2467849	0	0	1854904	573633	39150	92	68	2	1894122	573727
2021-01-31	2525021	57172	25808	31364	2485327	39619	75	1919930	605091	0.023	0.007	982865	1196922	101575	812430	766590	910861	76411	592657	216275	286061	25164	219773	2525021	0	0	1880339	604988	39519	100	72	3	1919930	605091
2021-02-01	2644594	119573	57841	61732	2602641	41827	126	1977771	666823	0.024	0.008	1026174	1260299	105285	839830	787193	944041	78273	602425	238981	316258	27012	237405	2644594	0	0	1935921	666720	41727	100	123	3	1977771	666823
2021-02-02	2775251	130657	64398	66259	2730266	44847	138	2042169	733082	0.025	0.009	1069633	1330364	110479	870030	806216	982089	80866	611659	263417	348275	29613	258371	2775251	0	0	1997288	732978	44746	101	135	3	2042169	733082
2021-02-03	2934381	159130	63337	95793	2883073	51144	163	2105507	828875	0.025	0.010	1128983	1407775	116405	912544	829819	1014401	83062	623312	299164	393374	33343	289232	2934381	0	1	2054305	828768	51041	103	160	3	2105506	828875
2021-02-04	3064771	130390	59959	70431	3007768	56834	168	2165466	899306	0.026	0.011	1177986	1472437	120972	943857	851937	1046473	85311	632945	326049	425964	35661	310912	3064771	0	1	2108571	899197	56729	105	165	3	2165465	899306
2021-02-05	3209166	144395	67813	76582	3145878	63112	175	2233279	975888	0.027	0.012	1232524	1542580	126293	977786	877231	1080338	86905	644262	355293	462242	39388	333524	3209166	0	1	2170100	975778	63007	105	171	4	2233278	975888
2021-02-06	3309755	100589	47077	53512	3243936	65642	176	2280356	1029400	0.027	0.012	1272514	1588658	130853	1003590	896490	1101898	88782	653957	376024	486760	42071	349633	3309755	0	1	2214646	1029290	65537	105	172	4	2280355	1029400
2021-02-07	3363171	53416	28145	25271	3294956	68036	178	2308501	1054671	0.028	0.013	1298155	1609930	133571	1016823	910800	1112720	90015	659435	387355	497210	43556	357388	3363171	0	1	2240396	1054560	67930	106	174	4	2308500	1054671
2021-02-08	3472472	109301	53225	56076	3400147	72120	204	2361726	1110747	0.028	0.013	1350672	1655734	137545	1035599	942269	1129343	91902	666781	408403	526391	45643	368818	3472472	0	1	2289512	1110635	72013	107	200	4	2361725	1110747
2021-02-09	3606128	133656	60222	73434	3530057	75753	317	2421948	1184181	0.029	0.014	1411842	1714380	141993	1058512	978151	1147503	94639	674792	433691	566877	47354	383720	3606128	0	1	2346178	1183879	75456	297	313	4	2421947	1184181
2021-02-10	3759719	153591	77041	76550	3671451	79848	8419	2498989	1260731	0.030	0.015	1478760	1781046	146001	1087933	1017461	1175177	96286	685176	461299	605869	49715	402757	3759719	0	1	2412014	1259437	78570	1278	8404	15	2498988	1260731
2021-02-11	3901061	141342	73913	67429	3790368	87161	23529	2572904	1328160	0.031	0.016	1539776	1848576	151475	1113070	1052428	1208053	98713	694775	487348	640523	52762	418295	3901061	0	3	2466541	1323827	82856	4305	23504	25	2572901	1328160
2021-02-12	4056368	155307	78480	76827	3923028	96527	36807	2651387	1404987	0.032	0.017	1611268	1919253	157751	1138545	1094198	1240389	101429	704318	517070	678864	56322	434227	4056368	0	6	2527496	1395532	87425	9102	36460	347	2651381	1404987
2021-02-13	4163600	107232	61652	45580	4013859	99739	49995	2713040	1450567	0.033	0.017	1667599	1960972	162355	1156080	1129093	1262877	103231	711418	538506	698095	59124	444662	4163600	0	7	2574300	1439559	89092	10647	49641	354	2713033	1450567
2021-02-14	4229020	65420	39739	25681	4069525	102213	57274	2752780	1476248	0.033	0.018	1706122	1983696	163973	1164146	1153761	1276081	104081	714928	552361	707615	59892	449218	4229020	0	8	2605512	1464013	90361	11852	56899	375	2752772	1476248
2021-02-15	4353684	124664	68892	55772	4174240	107368	72067	2821673	1532020	0.034	0.018	1773591	2031897	168008	1183418	1194859	1300739	106358	721524	578732	731158	61650	461894	4353684	0	9	2657429	1516811	92559	14809	71676	391	2821664	1532020
2021-02-16	4491554	137870	82047	55823	4282289	113394	95861	2903721	1587843	0.035	0.019	1839625	2089928	170683	1200400	1236633	1336138	107879	728440	602992	753790	62804	471960	4491554	0	10	2713017	1569272	95234	18160	95460	401	2903711	1587843
2021-02-17	4641653	150099	93655	56444	4404319	121365	115958	2997377	1644287	0.036	0.020	1920033	2147919	175770	1221928	1292995	1368705	110873	736858	627038	779214	64897	485070	4641653	0	11	2781796	1622523	100022	21343	115548	410	2997366	1644287
2021-02-18	4783396	141743	90235	51508	4514787	129499	139098	3087613	1695795	0.037	0.020	1995907	2206102	179208	1240945	1345328	1403985	112659	744258	650579	802117	66549	496687	4783396	0	12	2844303	1670484	104612	24887	138686	412	3087601	1695795
2021-02-19	4938121	154725	100260	54465	4634169	139309	164630	3187874	1750260	0.038	0.021	2076668	2266444	184080	1258305	1402958	1440066	115287	750941	673710	826378	68793	507364	4938121	0	13	2912331	1721838	111414	27895	164116	514	3187861	1750260
2021-02-20	5050047	111926	75948	35978	4720078	143815	186140	3263823	1786238	0.039	0.021	2138268	2310157	187738	1272296	1445964	1469322	117533	755178	692304	840835	70205	517118	5050047	0	14	2962800	1757278	115392	28423	185617	523	3263809	1786238
2021-02-21	5135891	85844	57271	28573	4786467	147462	201947	3321095	1814811	0.040	0.022	2187054	2340674	190304	1282667	1479917	1489494	118664	757407	707137	851180	71640	525260	5135891	0	15	3000782	1785685	118879	28583	201419	528	3321080	1814811
2021-02-22	5294553	158662	98762	59900	4911033	156320	227184	3419858	1874711	0.041	0.023	2266701	2410287	195201	1300517	1538362	1525084	121627	763642	728339	885203	73574	536875	5294553	0	16	3067226	1843807	125969	30351	226647	537	3419842	1874711
2021-02-23	5461044	166491	106899	59592	5043042	163346	254639	3526758	1934303	0.042	0.023	2346910	2483166	200501	1318387	1598211	1563793	124757	771284	748699	919373	75744	547103	5461044	0	17	3141310	1901732	131338	32008	254093	546	3526741	1934303
2021-02-24	5634793	173749	115006	58743	5173600	170934	290241	3641765	1993046	0.044	0.024	2431789	2557990	207079	1337422	1660503	1608669	128907	778912	771286	949321	78172	558510	5634793	0	18	3214827	1958773	137240	33694	289680	561	3641747	1993046
2021-02-25	5823172	188379	130430	57949	5303396	177640	342118	3772195	2050995	0.045	0.025	2514175	2648479	213515	1355541	1722988	1667176	133470	787131	791187	981303	80045	568410	5823172	0	18	3288164	2015232	142466	35174	341547	571	3772177	2050995
2021-02-26	6032028	208856	143194	65662	5442741	186380	402889	3915389	2116657	0.047	0.025	2602819	2749814	220591	1375230	1787946	1735795	138593	794627	814873	1014019	81998	580603	6032028	0	18	3363511	2079230	149615	36765	402245	644	3915371	2116657
2021-02-27	6179338	147310	107361	39949	5534967	190456	453897	4022750	2156606	0.048	0.026	2666475	2822116	227301	1388101	1833818	1790224	143432	799030	832657	1031892	83869	589071	6179338	0	18	3416529	2118438	152959	37497	453244	653	4022732	2156606
2021-02-28	6286438	107100	82975	24125	5596185	194401	495833	4105726	2180731	0.049	0.026	2714700	2875405	231582	1394762	1868893	1834535	146785	801170	845807	1040870	84797	593592	6286438	0	19	3453984	2142201	156552	37849	495171	662	4105707	2180731
2021-03-01	6482373	195935	146269	49666	5725321	203955	553078	4251995	2230397	0.051	0.027	2817221	2953369	239381	1408021	1943445	1896228	153263	806209	873776	1057141	86118	601812	6482373	0	19	3535486	2189835	164083	39872	552407	671	4251976	2230397
2021-03-02	6695424	213051	161385	51666	5860931	213896	620578	4413380	2282063	0.053	0.027	2927307	3047588	248982	1422628	2022735	1971725	160632	812692	904572	1075863	88350	609936	6695424	0	19	3622309	2238622	171159	42737	619893	685	4413361	2282063
2021-03-03	6938691	243267	173468	69799	6017401	228267	693004	4586848	2351862	0.055	0.028	3047976	3148969	260606	1439862	2105531	2048823	170041	819606	942445	1100146	90565	620256	6938691	0	19	3714462	2302939	180118	48149	692249	755	4586829	2351862
2021-03-04	7181517	242826	180335	62491	6158278	242620	780600	4767183	2414353	0.057	0.029	3159240	3258741	272992	1455625	2181653	2136963	180034	825002	977587	1121778	92958	630623	7181517	0	19	3798203	2360075	189155	53465	779806	794	4767164	2414353
2021-03-05	7452365	270848	203002	67846	6305870	255783	890692	4970186	2482199	0.060	0.030	3277185	3383782	287941	1471072	2258903	2242620	191990	830697	1018282	1141162	95951	640375	7452365	0	20	3883866	2422004	196447	59336	889853	839	4970166	2482199
2021-03-06	7654066	201701	153089	48612	6415460	264256	974330	5123275	2530811	0.062	0.030	3366696	3478463	298371	1480590	2314602	2325555	200824	833966	1052094	1152908	97547	646624	7654066	0	20	3947057	2468403	202723	61533	973475	855	5123255	2530811
2021-03-07	7804607	150541	116498	34043	6497419	271026	1036142	5239773	2564854	0.063	0.031	3437978	3544531	306478	1486155	2360956	2383880	208082	835928	1077022	1160651	98396	650227	7804607	0	20	3997330	2500089	207153	63873	1035270	872	5239753	2564854
2021-03-08	8041759	237152	185579	51573	6631539	281969	1128231	5425352	2616427	0.065	0.031	3556806	3640371	322827	1498475	2442587	2468035	222757	841890	1114219	1172336	100070	656585	8041759	0	20	4083308	2548231	214703	67266	1127321	910	5425332	2616427
2021-03-09	8292079	250320	195806	54514	6771382	294615	1226062	5621158	2670941	0.068	0.032	3677710	3742787	340236	1512022	2524321	2558568	238262	848791	1153389	1184219	101974	663231	8292079	0	20	4172050	2599332	223994	70621	1225094	968	5621138	2670941
2021-03-10	8577376	285297	218970	66327	6930077	306222	1341057	5840128	2737268	0.070	0.033	3808598	3856306	360962	1530389	2606688	2661880	256906	860000	1201910	1194426	104056	670389	8576405	971	20	4267672	2662405	232397	73825	1340039	1018	5840108	2737268
2021-03-11	8859455	282079	221339	60740	7078129	319822	1461484	6061467	2798008	0.073	0.034	3937470	3976178	382106	1544008	2689957	2769533	276555	867677	1247513	1206645	105551	676331	8857829	1626	20	4359286	2718843	241746	78076	1460415	1069	6061447	2798008
2021-03-12	9184384	324929	254134	70795	7229473	336997	1617894	6315601	2868803	0.076	0.034	4071484	4127850	404783	1559463	2770420	2906954	297406	877132	1301064	1220896	107377	682331	9182548	1836	20	4444515	2784958	254428	82569	1616638	1256	6315581	2868803
2021-03-13	9432334	247950	198144	49806	7344616	346656	1741042	6513745	2918609	0.078	0.035	4181046	4240796	425293	1567511	2840453	3011727	316755	881879	1340593	1229069	108538	685632	9430342	1992	20	4511311	2833305	262726	83930	1739688	1354	6513725	2918609
2021-03-14	9603398	171064	135121	35943	7433623	351806	1817949	6648866	2954552	0.080	0.036	4266043	4307307	441408	1570975	2896461	3072888	331859	883676	1369582	1234419	109549	687299	9601396	2002	20	4565357	2868266	266906	84900	1816583	1366	6648846	2954552
2021-03-15	9850358	246960	188034	58926	7585943	364278	1900117	6836900	3013478	0.082	0.036	4400463	4391447	461474	1582289	2984151	3147219	350790	890548	1416312	1244228	110684	691741	9848073	2285	20	4660461	2925482	277749	86529	1898670	1447	6836880	3013478
2021-03-16	10027942	177584	110278	67306	7751428	375371	1901123	6947178	3080784	0.084	0.037	4527474	4426082	473886	1593025	3059300	3169255	361553	895647	1468174	1256827	112333	697378	10025110	2832	20	4760997	2990431	286487	88884	1899674	1449	6947158	3080784
2021-03-17	10232211	204269	124300	79969	7937003	393326	1901862	7071478	3160753	0.085	0.038	4672447	4463838	487350	1605072	3141952	3193652	373040	902175	1530495	1270186	114310	702897	10228762	3449	20	4871395	3065608	299655	93671	1900408	1454	7071458	3160753
2021-03-18	10424928	192717	117865	74852	8110533	411358	1903017	7189343	3235605	0.086	0.039	4812398	4498757	499905	1615322	3222615	3215628	383588	907340	1589783	1283129	116317	707982	10421056	3872	20	4975195	3135338	312568	98790	1901560	1457	7189323	3235605
2021-03-19	10668514	243586	160461	83125	8294890	431891	1941713	7349804	3318730	0.088	0.040	4961948	4563922	518114	1627194	3306761	3267408	399605	914537	1655187	1296514	118509	712657	10664111	4403	20	5083072	3211818	326512	105379	1940200	1513	7349784	3318730
2021-03-20	10888849	220335	167052	53283	8430207	447158	2011464	7516856	3372013	0.090	0.041	5078536	4641917	537715	1633319	3379545	3337212	417708	917920	1698991	1304705	120007	715399	10884122	4727	20	5168947	3261260	337966	109192	2009923	1541	7516836	3372013
2021-03-21	11054816	165967	127314	38653	8533322	456611	2064863	7644170	3410666	0.092	0.041	5171749	4694283	554274	1635819	3440184	3384099	433219	919244	1731565	1310184	121055	716575	11050089	4727	20	5236689	3296633	344162	112449	2063299	1564	7644150	3410666
2021-03-22	11322954	268138	192012	76126	8699616	480315	2143003	7836182	3486792	0.094	0.042	5329624	4766248	576579	1645397	3534739	3445389	453483	925279	1794885	1320859	123096	720118	11316699	6255	20	5334265	3365351	360508	119807	2141389	1614	7836162	3486792
2021-03-23	11622020	299066	216034	83032	8879964	500059	2241977	8052216	3569824	0.097	0.043	5490190	4854892	604288	1656865	3629814	3521119	478432	932910	1860376	1333773	125856	723955	11610777	11243	20	5436560	3443404	375327	124732	2240309	1668	8052196	3569824
2021-03-24	11956758	334738	246685	88053	9077336	533523	2345879	8298901	3657877	0.100	0.044	5664852	4952071	635971	1672375	3732242	3605792	507202	944863	1932610	1346279	128769	727512	11939723	17035	20	5551197	3526139	403530	129993	2344154	1725	8298881	3657877
2021-03-25	12295469	338711	258830	79881	9264259	561172	2470018	8557731	3737758	0.103	0.045	5830941	5060081	670798	1683452	3832663	3703768	539527	951994	1998278	1356313	131271	731458	12272489	22980	20	5663852	3600407	425648	135524	2468211	1807	8557711	3737758
2021-03-26	12673579	378110	289325	88785	9467631	598051	2607877	8847056	3826543	0.106	0.046	6003833	5184282	710463	1698535	3933360	3816071	576057	962322	2070473	1368211	134406	736213	12644285	29294	20	5785174	3682457	455866	142185	2605996	1881	8847036	3826543
2021-03-27	12962324	288745	226336	62409	9620393	625591	2716319	9073393	3888952	0.109	0.047	6147056	5279869	744190	1703356	4023632	3903670	607441	965464	2123424	1376199	136749	737892	12930680	31644	21	5878628	3741765	480357	145234	2714387	1932	9073372	3888952
2021-03-28	13161300	198976	146066	52910	9738774	644135	2778368	9219461	3941862	0.111	0.047	6253046	5333384	768116	1706823	4085867	3950861	629648	967502	2167179	1382523	138468	739321	13129465	31835	23	5947404	3791370	495646	148489	2776388	1980	9219438	3941862
2021-03-29	13472863	311563	222187	89376	9928574	670024	2874242	9441648	4031238	0.114	0.048	6418833	5404751	806706	1716518	4180272	4010842	665103	973637	2238561	1393909	141603	742881	13435080	37783	23	6055186	3873388	514229	155795	2872210	2032	9441625	4031238
2021-03-30	13804771	331908	237873	94035	10147544	696252	2960952	9679521	4125273	0.116	0.050	6591913	5474211	853024	1727240	4280843	4069380	706095	981320	2311070	1404831	146929	745920	13754852	49919	23	6187593	3959951	533043	163209	2958862	2090	9679498	4125273
2021-03-31	14144840	340069	236745	103324	10395847	734370	3014600	9916266	4228597	0.119	0.051	6774517	5538855	899988	1738789	4384637	4121392	747318	988525	2389880	1417463	152670	750264	14078606	66234	23	6341484	4054363	562282	172088	3012477	2123	9916243	4228597
2021-04-01	14473545	328705	235344	93361	10634285	767996	3071241	10151610	4321958	0.122	0.052	6936269	5606629	944397	1747554	4476928	4175958	787230	994147	2459341	1430671	157167	753407	14387232	86313	23	6495050	4139235	587461	180535	3069076	2165	10151587	4321958
2021-04-02	14700689	227144	157423	69721	10813652	784295	3102719	10309033	4391679	0.124	0.053	7067172	5654574	981393	1749910	4552089	4213818	820223	995356	2515083	1440756	161170	754554	14612852	87837	23	6610022	4203630	598460	185835	3100528	2191	10309010	4391679
2021-04-03	14934583	233894	168096	65798	10988911	801034	3144615	10477129	4457477	0.126	0.054	7198861	5698683	1018737	1753036	4633025	4248782	853330	997097	2565836	1449901	165407	755939	14845347	89236	23	6724808	4264103	609911	191123	3142387	2228	10477106	4457477
2021-04-04	15132324	197741	144135	53606	11124987	812104	3195210	10621264	4511083	0.128	0.054	7309766	5731715	1048001	1754173	4704262	4274251	879171	997551	2605504	1457464	168830	756622	15042952	89372	23	6811700	4313287	616601	195503	3192940	2270	10621241	4511083
2021-04-05	15382500	250176	177529	72647	11291317	830970	3260190	10798793	4583730	0.130	0.055	7456036	5770066	1081529	1756372	4794323	4302940	907924	998846	2661713	1467126	173605	757526	15291818	90682	23	6910686	4380631	630194	200776	3257890	2300	10798770	4583730
2021-04-06	15757572	375072	278776	96296	11546257	863143	3348149	11077569	4680026	0.133	0.056	7644926	5826686	1124640	1761928	4910112	4346229	944820	1001588	2734814	1480457	179820	760340	15630263	127309	23	7078040	4468217	653724	209419	3345782	2367	11077546	4680026
2021-04-07	16438506	680934	584040	96894	12089256	899880	3449347	11661609	4776920	0.140	0.057	7644926	5826686	1124640	1761928	4910112	4346229	944820	1001588	2734814	1480457	179820	760340	16005533	432973	23	7532719	4556537	681968	217912	3446899	2448	11661586	4776920
2021-04-08	17171986	733480	643879	89601	12664442	934743	3572778	12305488	4866521	0.148	0.059	7644926	5826686	1124640	1761928	4910112	4346229	944820	1001588	2734814	1480457	179820	760340	16414135	757851	23	8027289	4637153	707932	226811	3570244	2534	12305465	4866521
2021-04-09	17800644	628658	539985	88673	13155640	971319	3673662	12845473	4955194	0.154	0.060	7644926	5826686	1124640	1761928	4910112	4346229	944820	1001588	2734814	1480457	179820	760340	16803290	997354	23	8441254	4714386	733151	238168	3671045	2617	12845450	4955194
2021-04-10	18172212	371568	306478	65090	13403874	994634	3773681	13151951	5020284	0.158	0.060	7644926	5826686	1124640	1761928	4910112	4346229	944820	1001588	2734814	1480457	179820	760340	17141812	1030400	23	8632188	4771686	748739	245895	3771001	2680	13151928	5020284
2021-04-11	18434817	262605	212546	50059	13573023	1012969	3848802	13364497	5070343	0.161	0.061	7644926	5826686	1124640	1761928	4910112	4346229	944820	1001588	2734814	1480457	179820	760340	17399338	1035479	23	8755005	4818018	763393	249576	3846076	2726	13364474	5070343
2021-04-12	18852622	417805	341016	76789	13853227	1042173	3957198	13705514	5147132	0.165	0.062	7644926	5826686	1124640	1761928	4910112	4346229	944820	1001588	2734814	1480457	179820	760340	17768636	1083986	24	8967096	4886131	783984	258189	3954410	2788	13705490	5147132
2021-04-13	19425359	572737	499355	73382	14283939	1068989	4072407	14204869	5220514	0.171	0.063	7644926	5826686	1124640	1761928	4910112	4346229	944820	1001588	2734814	1480457	179820	760340	18145243	1280116	24	9330085	4953854	805338	263651	4069422	2985	14204845	5220514
2021-04-14	20199555	774196	691115	83081	14901379	1102525	4195627	14895984	5303595	0.179	0.064	7644926	5826686	1124640	1761928	4910112	4346229	944820	1001588	2734814	1480457	179820	760340	18545642	1653913	24	9873515	5027864	830372	272153	4192073	3554	14895960	5303595
2021-04-15	20878972	679417	608544	70873	15434015	1139085	4305847	15504529	5374468	0.186	0.065	7644926	5826686	1124640	1761928	4910112	4346229	944820	1001588	2734814	1480457	179820	760340	18929430	1949542	25	10345273	5088742	857884	281201	4301347	4500	15504504	5374468
2021-04-16	21474857	595885	520982	74903	15872212	1172028	4430592	16025511	5449371	0.193	0.066	7644926	5826686	1124640	1761928	4910112	4346229	944820	1001588	2734814	1480457	179820	760340	19330476	2144381	25	10718150	5154062	882050	289978	4425286	5306	16025486	5449371
2021-04-17	21839027	364170	307744	56426	16097401	1194744	4546857	16333255	5505797	0.196	0.066	7644926	5826686	1124640	1761928	4910112	4346229	944820	1001588	2734814	1480457	179820	760340	19672842	2166185	25	10895472	5201929	897669	297075	4540089	6768	16333230	5505797
2021-04-18	22107038	268011	229147	38864	16269867	1209775	4627371	16562402	5544661	0.199	0.067	7644926	5826686	1124640	1761928	4910112	4346229	944820	1001588	2734814	1480457	179820	760340	19936242	2170796	25	11034026	5235841	908850	300925	4619501	7870	16562377	5544661
2021-04-19	22508752	401714	340862	60852	16564015	1242441	4702270	16903265	5605513	0.203	0.067	7644926	5826686	1124640	1761928	4910112	4346229	944820	1001588	2734814	1480457	179820	760340	20293625	2215127	26	11276391	5287624	933680	308761	4693168	9102	16903239	5605513
2021-04-20	23066860	558108	496153	61955	16944373	1281265	4841196	17399418	5667468	0.209	0.068	7644926	5826686	1124640	1761928	4910112	4346229	944820	1001588	2734814	1480457	179820	760340	20657282	2409578	26	11603373	5341000	965942	315323	4830077	11119	17399392	5667468
2021-04-21	23786663	719803	647168	72635	17398076	1322743	5065818	18046586	5740103	0.217	0.069	7644926	5826686	1124640	1761928	4910112	4346229	944820	1001588	2734814	1480457	179820	760340	21037937	2748726	26	11994944	5403132	999368	323375	5052248	13570	18046560	5740103
2021-04-22	24423800	637137	570197	66940	17779342	1365983	5278449	18616783	5807043	0.224	0.070	7644926	5826686	1124640	1761928	4910112	4346229	944820	1001588	2734814	1480457	179820	760340	21407815	3015985	26	12320593	5458749	1034939	331044	5261225	17224	18616757	5807043
2021-04-23	24974225	550425	483032	67393	18129078	1408320	5436792	19099824	5874436	0.230	0.071	7644926	5826686	1124640	1761928	4910112	4346229	944820	1001588	2734814	1480457	179820	760340	21790045	3184180	35	12616581	5512497	1067192	341128	5416016	20776	19099789	5874436
2021-04-24	25341096	366871	307888	58983	18364760	1458400	5517899	19407714	5933419	0.233	0.071	7644926	5826686	1124640	1761928	4910112	4346229	944820	1001588	2734814	1480457	179820	760340	22140005	3201091	37	12811218	5553542	1101726	356674	5494733	23166	19407677	5933419
2021-04-25	25623402	282306	234342	47964	18551963	1492151	5579251	19642056	5981383	0.236	0.072	7644926	5826686	1124640	1761928	4910112	4346229	944820	1001588	2734814	1480457	179820	760340	22416497	3206905	37	12961954	5590009	1125813	366338	5554252	24999	19642019	5981383
2021-04-26	26055836	432434	358784	73650	18870005	1534648	5651065	20000921	6055033	0.240	0.073	7644926	5826686	1124640	1761928	4910112	4346229	944820	1001588	2734814	1480457	179820	760340	22762339	3293497	118	13219035	5650970	1159714	374934	5622054	29011	20000803	6055033
2021-04-27	26839447	783611	692921	90690	19545534	1585975	5707359	20694303	6145723	0.249	0.074	7644926	5826686	1124640	1761928	4910112	4346229	944820	1001588	2734814	1480457	179820	760340	23131070	3708377	579	13817943	5727591	1201931	384044	5673850	33509	20693724	6145723
2021-04-28	27962145	1122698	995048	127650	20554592	1646169	5760077	21690079	6273373	0.261	0.075	7644926	5826686	1124640	1761928	4910112	4346229	944820	1001588	2734814	1480457	179820	760340	23524685	4437460	1307	14717507	5837085	1249810	396359	5721455	38622	21688772	6273373
2021-04-29	28907624	945479	812283	133196	21378914	1709766	5816751	22503248	6406569	0.271	0.077	7644926	5826686	1124640	1761928	4910112	4346229	944820	1001588	2734814	1480457	179820	760340	23912096	4995528	2193	15429648	5949266	1301131	408635	5770276	46475	22501055	6406569
2021-04-30	29710616	802992	665252	137740	22057392	1766740	5883459	23169332	6544309	0.279	0.079	7644926	5826686	1124640	1761928	4910112	4346229	944820	1001588	2734814	1480457	179820	760340	24315242	5395374	3025	15995671	6061721	1343091	423649	5827545	55914	23166307	6544309
2021-05-01	30046345	335729	260071	75658	22310275	1807927	5922541	23431980	6619967	0.282	0.080	7644926	5826686	1124640	1761928	4910112	4346229	944820	1001588	2734814	1480457	179820	760340	24626321	5420024	5602	16187907	6122368	1377879	430048	5860592	61949	23426378	6619967
2021-05-02	30309691	263346	197004	66342	22504457	1845253	5952574	23630789	6686309	0.284	0.080	7644926	5826686	1124640	1761928	4910112	4346229	944820	1001588	2734814	1480457	179820	760340	24882012	5427679	7407	16327476	6176981	1409923	435330	5885983	66591	23623382	6686309
2021-05-03	30761905	452214	335123	117091	22822814	1916052	6014107	23967437	6803400	0.288	0.082	7644926	5826686	1124640	1761928	4910112	4346229	944820	1001588	2734814	1480457	179820	760340	25240366	5521539	8932	16554145	6268669	1467468	448584	5936892	77215	23958505	6803400
2021-05-04	31603962	842057	680635	161422	23449115	1978816	6164310	24650861	6964822	0.296	0.084	7644926	5826686	1124640	1761928	4910112	4346229	944820	1001588	2734814	1480457	179820	760340	25615171	5988791	11721	17048907	6400208	1516975	461841	6073258	91052	24639140	6964822
2021-05-05	32745537	1141575	911819	229756	24295807	2057892	6376212	25566585	7194578	0.307	0.087	7644926	5826686	1124640	1761928	4910112	4346229	944820	1001588	2734814	1480457	179820	760340	26030782	6714755	15626	17712274	6583533	1570388	487504	6268297	107915	25550959	7194578
2021-05-06	33728672	983135	764302	218833	24982892	2149386	6576824	26334831	7413411	0.317	0.089	7644926	5826686	1124640	1761928	4910112	4346229	944820	1001588	2734814	1480457	179820	760340	26438806	7289866	19570	18225744	6757148	1640047	509339	6449470	127354	26315261	7413411
2021-05-07	34609936	881264	647031	234233	25563066	2235718	6787857	26985587	7647644	0.324	0.092	7644926	5826686	1124640	1761928	4910112	4346229	944820	1001588	2734814	1480457	179820	760340	26876054	7733882	23295	18635368	6927698	1695368	540350	6631556	156301	26962292	7647644
2021-05-08	35036345	426409	271543	154866	25831255	2307655	6872422	27258848	7802510	0.328	0.094	7644926	5826686	1124640	1761928	4910112	4346229	944820	1001588	2734814	1480457	179820	760340	27241972	7794373	25013	18789970	7041285	1747379	560276	6696486	175936	27233835	7802510
2021-05-09	35322965	286620	183583	103037	26025641	2364230	6907015	27443497	7905547	0.330	0.095	7644926	5826686	1124640	1761928	4910112	4346229	944820	1001588	2734814	1480457	179820	760340	27517557	7805408	26079	18904633	7121008	1793121	571109	6719664	187351	27417418	7905547
2021-05-10	35911185	588220	394560	193660	26398750	2445367	7037269	27841777	8099207	0.335	0.097	7644926	5826686	1124640	1761928	4910112	4346229	944820	1001588	2734814	1480457	179820	760340	27916879	7994306	29799	19135563	7263187	1852156	593211	6824259	213010	27811978	8099207
2021-05-11	36993354	1082169	796201	285968	27222544	2524480	7213088	28641421	8385175	0.344	0.101	7644926	5826686	1124640	1761928	4910112	4346229	944820	1001588	2734814	1480457	179820	760340	28345353	8648001	33242	19727769	7494775	1909276	615204	6971134	241954	28608179	8385175
2021-05-12	38404089	1410735	1046718	364017	28313427	2614820	7437402	29693337	8749192	0.357	0.105	7644926	5826686	1124640	1761928	4910112	4346229	944820	1001588	2734814	1480457	179820	760340	28800105	9603984	38440	20523909	7789518	1969223	645597	7161765	275637	29654897	8749192
2021-05-13	38832698	428609	267849	160760	28628659	2681486	7481851	29963448	8909952	0.360	0.107	7644926	5826686	1124640	1761928	4910112	4346229	944820	1001588	2734814	1480457	179820	760340	29155235	9677463	40702	20710895	7917764	2020777	660709	7191074	290777	29922746	8909952
2021-05-14	39587239	754541	525222	229319	29173072	2746041	7620001	30496093	9139271	0.367	0.110	7644926	5826686	1124640	1761928	4910112	4346229	944820	1001588	2734814	1480457	179820	760340	29558439	10028800	48125	21075543	8097529	2070014	676027	7302411	317590	30447968	9139271
2021-05-15	39985913	398674	233830	164844	29451395	2805839	7676280	30734197	9304115	0.370	0.112	7644926	5826686	1124640	1761928	4910112	4346229	944820	1001588	2734814	1480457	179820	760340	29909447	10076466	52399	21232335	8219060	2113290	692549	7336173	340107	30681798	9304115
2021-05-16	40268348	282435	160437	121998	29651710	2858695	7700905	30899273	9426113	0.372	0.113	7644926	5826686	1124640	1761928	4910112	4346229	944820	1001588	2734814	1480457	179820	760340	30175877	10092471	57038	21338785	8312925	2156249	702446	7347201	353704	30842235	9426113
2021-05-17	40823547	555199	348322	206877	29991708	2941632	7822506	31258258	9632990	0.376	0.116	7644926	5826686	1124640	1761928	4910112	4346229	944820	1001588	2734814	1480457	179820	760340	30561758	10261789	67701	21532769	8458939	2215069	726563	7442719	379787	31190557	9632990
2021-05-18	41701973	878426	520008	358418	30585976	3044961	7995681	31785920	9991408	0.382	0.120	7644926	5826686	1124640	1761928	4910112	4346229	944820	1001588	2734814	1480457	179820	760340	30985180	10716793	75355	21833167	8752809	2289524	755437	7587874	407807	31710565	9991408
2021-05-19	42804849	1102876	564435	538441	31395473	3144152	8177321	32362903	10529849	0.389	0.127	7644926	5826686	1124640	1761928	4910112	4346229	944820	1001588	2734814	1480457	179820	760340	31408278	11396571	87903	22178498	9216975	2355481	788671	7741021	436300	32275000	10529849
2021-05-20	43747710	942861	452327	490534	32075707	3239995	8333361	32825974	11020383	0.395	0.133	7644926	5826686	1124640	1761928	4910112	4346229	944820	1001588	2734814	1480457	179820	760340	31820196	11927514	98647	22437816	9637891	2419677	820318	7869834	463527	32727327	11020383
2021-05-21	44592915	845205	402849	442356	32668716	3324128	8490538	33239709	11462739	0.400	0.138	7644926	5826686	1124640	1761928	4910112	4346229	944820	1001588	2734814	1480457	179820	760340	32242681	12350234	109533	22659015	10009701	2474698	849430	7996463	494075	33130176	11462739
2021-05-22	45068627	475712	214650	261062	32974906	3394885	8574369	33469293	11723801	0.402	0.141	7644926	5826686	1124640	1761928	4910112	4346229	944820	1001588	2734814	1480457	179820	760340	32589463	12479164	124467	22757116	10217790	2523204	871681	8064506	509863	33344826	11723801
2021-05-23	45354820	286193	124378	161815	33167861	3454096	8598296	33603771	11885616	0.404	0.143	7644926	5826686	1124640	1761928	4910112	4346229	944820	1001588	2734814	1480457	179820	760340	32857535	12497285	134567	22822518	10345343	2567342	886754	8079344	518952	33469204	11885616
2021-05-24	45678109	323289	139549	183740	33402190	3514330	8618906	33751436	12069356	0.406	0.145	7644926	5826686	1124640	1761928	4910112	4346229	944820	1001588	2734814	1480457	179820	760340	33165299	12512810	142683	22904859	10497331	2612560	901770	8091334	527572	33608753	12069356
2021-05-25	46331831	653722	270768	382954	33848438	3593527	8722247	34047140	12452310	0.409	0.150	7644926	5826686	1124640	1761928	4910112	4346229	944820	1001588	2734814	1480457	179820	760340	33560078	12771753	167619	23045547	10802891	2663954	929573	8170020	552227	33879521	12452310
2021-05-26	47504948	1173117	465178	707939	34730515	3673695	8855034	34590403	13160249	0.416	0.158	7644926	5826686	1124640	1761928	4910112	4346229	944820	1001588	2734814	1480457	179820	760340	33969780	13535168	245704	23358234	11372281	2715130	958565	8271335	583699	34344699	13160249
2021-05-27	48538792	1033844	401209	632635	35465329	3760697	8985898	35072776	13792884	0.422	0.166	7644926	5826686	1124640	1761928	4910112	4346229	944820	1001588	2734814	1480457	179820	760340	34381787	14157005	326868	23614384	11850945	2765652	995045	8365872	620026	34745908	13792884
2021-05-28	49433587	894795	352883	541912	36063373	3845562	9115123	35508320	14334796	0.427	0.172	7644926	5826686	1124640	1761928	4910112	4346229	944820	1001588	2734814	1480457	179820	760340	34808621	14624966	409529	23828880	12234493	2815561	1030001	8454350	660773	35098791	14334796
2021-05-29	49845311	411724	152985	258739	36326009	3908052	9172709	35690317	14593535	0.429	0.175	7644926	5826686	1124640	1761928	4910112	4346229	944820	1001588	2734814	1480457	179820	760340	35145936	14699375	438541	23909370	12416639	2853061	1054991	8489345	683364	35251776	14593535
2021-05-30	50128168	282857	97929	184928	36522944	3954743	9201009	35799177	14778463	0.430	0.178	7644926	5826686	1124640	1761928	4910112	4346229	944820	1001588	2734814	1480457	179820	760340	35406975	14721193	449472	23968943	12554001	2880258	1074485	8500504	700505	35349705	14778463
2021-05-31	50669379	541211	174698	366513	36888190	4019627	9269510	36016455	15144976	0.433	0.182	7644926	5826686	1124640	1761928	4910112	4346229	944820	1001588	2734814	1480457	179820	760340	35790417	14878962	492052	24079105	12809085	2906327	1113300	8538971	730539	35524403	15144976
2021-06-01	51650542	981163	396523	584640	37617898	4097012	9359385	36497173	15729616	0.439	0.189	7644926	5826686	1124640	1761928	4910112	4346229	944820	1001588	2734814	1480457	179820	760340	36181107	15469435	576247	24393560	13224338	2934579	1162433	8592787	766598	35920926	15729616
2021-06-02	52890441	1239899	515060	724839	38602049	4168080	9440990	37115308	16454455	0.446	0.198	7644926	5826686	1124640	1761928	4910112	4346229	944820	1001588	2734814	1480457	179820	760340	36580728	16309713	679322	24841409	13760640	2958999	1209081	8635578	805412	36435986	16454455
2021-06-03	53526146	635705	228097	407608	39072567	4230770	9490640	37396252	16862063	0.450	0.203	7644926	5826686	1124640	1761928	4910112	4346229	944820	1001588	2734814	1480457	179820	760340	36937020	16589126	732169	25019900	14052667	2987968	1242802	8656215	834425	36664083	16862063
2021-06-04	54348151	822005	292727	529278	39669153	4301250	9568748	37765810	17391341	0.454	0.209	7644926	5826686	1124640	1761928	4910112	4346229	944820	1001588	2734814	1480457	179820	760340	37356537	16991614	809000	25249691	14419462	3016598	1284652	8690521	878227	36956810	17391341
2021-06-05	54759445	411294	96002	315292	39939727	4367425	9612718	37892387	17706633	0.456	0.213	7644926	5826686	1124640	1761928	4910112	4346229	944820	1001588	2734814	1480457	179820	760340	37704287	17055158	839575	25308292	14631435	3043102	1324323	8701418	911300	37052812	17706633
2021-06-06	55051999	292554	59676	232878	40145737	4408377	9640072	37970301	17939511	0.457	0.216	7644926	5826686	1124640	1761928	4910112	4346229	944820	1001588	2734814	1480457	179820	760340	37967132	17084867	857813	25352403	14793334	3055043	1353334	8705042	935030	37112488	17939511
2021-06-07	55660939	608940	189515	419425	40544545	4492211	9711954	38214232	18358936	0.459	0.221	7644926	5826686	1124640	1761928	4910112	4346229	944820	1001588	2734814	1480457	179820	760340	38336788	17323248	912229	25484181	15060364	3081761	1410450	8736061	975893	37302003	18358936
2021-06-08	56696409	1035470	325486	709984	41374400	4567113	9774463	38607922	19068920	0.464	0.229	7644926	5826686	1124640	1761928	4910112	4346229	944820	1001588	2734814	1480457	179820	760340	38724437	17968865	980433	25751345	15623055	3107978	1459135	8768166	1006297	37627489	19068920
2021-06-09	58094653	1398244	426467	971777	42526844	4653601	9838082	39130082	20040697	0.471	0.241	7644926	5826686	1124640	1761928	4910112	4346229	944820	1001588	2734814	1480457	179820	760340	39131952	18956810	1076126	26117276	16409568	3136233	1517368	8800447	1037635	38053956	20040697
2021-06-10	59259084	1164431	380797	783634	43458493	4742516	9893582	39599246	20824331	0.476	0.250	7644926	5826686	1124640	1761928	4910112	4346229	944820	1001588	2734814	1480457	179820	760340	39544842	19705530	1164493	26439417	17019076	3168203	1574313	8827133	1066449	38434753	20824331
2021-06-11	60295230	1036146	341331	694815	44242252	4830414	9961524	40037124	21519146	0.481	0.259	7644926	5826686	1124640	1761928	4910112	4346229	944820	1001588	2734814	1480457	179820	760340	39965212	20318630	1261040	26724724	17517528	3195177	1635237	8856183	1105341	38776084	21519146
2021-06-12	60724358	429128	118888	310240	44521650	4901919	10004524	40191237	21829386	0.483	0.262	7644926	5826686	1124640	1761928	4910112	4346229	944820	1001588	2734814	1480457	179820	760340	40291243	20420893	1296265	26811959	17709691	3213776	1688143	8869237	1135287	38894972	21829386
2021-06-13	61005975	281617	63878	217739	44700339	4965402	10030226	40268858	22047125	0.484	0.265	7644926	5826686	1124640	1761928	4910112	4346229	944820	1001588	2734814	1480457	179820	760340	40537200	20456247	1310008	26855285	17845054	3229638	1735764	8873927	1156299	38958850	22047125
2021-06-14	61645377	639402	201857	437545	45117455	5066072	10096784	40525773	22484670	0.487	0.270	7644926	5826686	1124640	1761928	4910112	4346229	944820	1001588	2734814	1480457	179820	760340	40934091	20696780	1365066	27016181	18101274	3253080	1812992	8891446	1205338	39160707	22484670
2021-06-15	62667272	1021895	326018	695877	45893272	5169690	10180263	40910772	23180547	0.492	0.279	7644926	5826686	1124640	1761928	4910112	4346229	944820	1001588	2734814	1480457	179820	760340	41365807	21283470	1424047	27294700	18598572	3281019	1888671	8911006	1269257	39486725	23180547
2021-06-16	64018672	1351400	441098	910302	46966680	5276440	10275437	41427938	24090849	0.498	0.290	7644926	5826686	1124640	1761928	4910112	4346229	944820	1001588	2734814	1480457	179820	760340	41814634	22182018	1500115	27676556	19290124	3314814	1961626	8936453	1338984	39927823	24090849
2021-06-17	65134304	1115632	372165	743467	47820199	5379365	10366454	41868274	24834316	0.503	0.299	7644926	5826686	1124640	1761928	4910112	4346229	944820	1001588	2734814	1480457	179820	760340	42256696	22852215	1568286	27997491	19822708	3343938	2035427	8958559	1407895	40299988	24834316
2021-06-18	66098685	964381	322794	641587	48527634	5472927	10461183	42259723	25475903	0.508	0.306	7644926	5826686	1124640	1761928	4910112	4346229	944820	1001588	2734814	1480457	179820	760340	42688090	23382503	1636941	28267265	20260369	3375017	2097910	8980500	1480683	40622782	25475903
2021-06-19	66519029	420344	113705	306639	48794591	5554857	10511836	42394232	25782542	0.510	0.310	7644926	5826686	1124640	1761928	4910112	4346229	944820	1001588	2734814	1480457	179820	760340	43022693	23466988	1657745	28353611	20440980	3395831	2159026	8987045	1524791	40736487	25782542
2021-06-20	66821021	301992	68545	233447	48980073	5626102	10544321	42475557	26015989	0.511	0.313	7644926	5826686	1124640	1761928	4910112	4346229	944820	1001588	2734814	1480457	179820	760340	43294780	23496614	1670525	28402964	20577109	3411728	2214374	8990340	1553981	40805032	26015989
2021-06-21	67434926	613905	196757	417148	49377659	5721987	10628650	42708419	26433137	0.514	0.318	7644926	5826686	1124640	1761928	4910112	4346229	944820	1001588	2734814	1480457	179820	760340	43677135	23726147	1706630	28561322	20816337	3436506	2285481	9003961	1624689	41001789	26433137
2021-06-22	68486578	1051652	354994	696658	50197172	5819160	10730322	43096707	27129795	0.518	0.326	7644926	5826686	1124640	1761928	4910112	4346229	944820	1001588	2734814	1480457	179820	760340	44096083	24354112	1739924	28867946	21329226	3468803	2350357	9020034	1710288	41356783	27129795
2021-06-23	69790058	1303480	462548	840932	51258674	5913235	10845065	43592415	27970727	0.524	0.336	7644926	5826686	1124640	1761928	4910112	4346229	944820	1001588	2734814	1480457	179820	760340	44510626	25237778	1773084	29281047	21977627	3497864	2415371	9040420	1804645	41819331	27970727
2021-06-24	70794530	1004472	462908	541564	52027403	6000348	10955289	44093729	28512291	0.530	0.343	7644926	5826686	1124640	1761928	4910112	4346229	944820	1001588	2734814	1480457	179820	760340	44917649	25830883	1811490	29687279	22340124	3533367	2466981	9061593	1893696	42282239	28512291
2021-06-25	71686629	892099	358617	533482	52697171	6076034	11063961	44490319	29045773	0.535	0.349	7644926	5826686	1124640	1761928	4910112	4346229	944820	1001588	2734814	1480457	179820	760340	45323003	26314646	1849463	29999637	22697534	3559853	2516181	9081366	1982595	42640856	29045773
2021-06-26	72085283	398654	129597	269057	52944786	6143754	11134937	44632259	29314830	0.537	0.352	7644926	5826686	1124640	1761928	4910112	4346229	944820	1001588	2734814	1480457	179820	760340	45657306	26378225	1861806	30097838	22846948	3585146	2558608	9087469	2047468	42770453	29314830
2021-06-27	72376871	291588	90412	201176	53118305	6201239	11191416	44726776	29516006	0.538	0.355	7644926	5826686	1124640	1761928	4910112	4346229	944820	1001588	2734814	1480457	179820	760340	45922821	26403445	1865911	30165466	22952839	3604530	2596709	9090869	2100547	42860865	29516006
2021-06-28	72990340	613469	231706	381763	53504675	6291280	11304970	44981986	29897769	0.541	0.359	7644926	5826686	1124640	1761928	4910112	4346229	944820	1001588	2734814	1480457	179820	760340	46319796	26617843	1889415	30351222	23153453	3636912	2654368	9104437	2200533	43092571	29897769
2021-06-29	73894975	904635	370879	533756	54166326	6381667	11436439	45373993	30431525	0.546	0.366	7644926	5826686	1124640	1761928	4910112	4346229	944820	1001588	2734814	1480457	179820	760340	46723789	27113831	1910543	30677990	23488336	3669347	2712320	9116113	2320326	43463450	30431525
2021-06-30	74871502	976527	421924	554603	54898640	6471052	11570155	45817029	30986128	0.551	0.373	7644926	5826686	1124640	1761928	4910112	4346229	944820	1001588	2734814	1480457	179820	760340	47110956	27697962	1931655	31051466	23847174	3703520	2767532	9130388	2439767	43885374	30986128