date	dosen_kumulativ	dosen_differenz_zum_vortag	dosen_erst_differenz_zum_vortag	dosen_zweit_differenz_zum_vortag	dosen_biontech_kumulativ	dosen_moderna_kumulativ	dosen_astrazeneca_kumulativ	personen_erst_kumulativ	personen_voll_kumulativ	impf_quote_erst	impf_quote_voll	indikation_alter_dosen	indikation_beruf_dosen	indikation_medizinisch_dosen	indikation_pflegeheim_dosen	indikation_alter_erst	indikation_beruf_erst	indikation_medizinisch_erst	indikation_pflegeheim_erst	indikation_alter_voll	indikation_beruf_voll	indikation_medizinisch_voll	indikation_pflegeheim_voll	dosen_dim_kumulativ	dosen_kbv_kumulativ	dosen_johnson_kumulativ	dosen_biontech_erst_kumulativ	dosen_biontech_zweit_kumulativ	dosen_moderna_erst_kumulativ	dosen_moderna_zweit_kumulativ	dosen_astrazeneca_erst_kumulativ	dosen_astrazeneca_zweit_kumulativ
2020-12-27	24000	24000	23987	13	23999	1	0	23987	13	0.000	0.000	10705	8657	1305	12604	10664	8590	1305	12536	41	67	0	68	24000	0	0	23986	13	1	0	0	0
2020-12-28	42559	18559	18522	37	42558	1	0	42509	50	0.001	0.000	18621	15788	1991	21344	18580	15721	1991	21276	41	67	0	68	42559	0	0	42508	50	1	0	0	0
2020-12-29	93289	50730	50005	725	93288	1	0	92514	775	0.001	0.000	34989	40734	3107	40508	34724	40420	3107	40099	265	314	0	409	93289	0	0	92513	775	1	0	0	0
2020-12-30	155956	62667	62547	120	155955	1	0	155061	895	0.002	0.000	55510	73365	4901	63206	55243	73050	4901	62794	267	315	0	412	155956	0	0	155060	895	1	0	0	0
2020-12-31	205975	50019	49870	149	205974	1	0	204931	1044	0.002	0.000	72831	96719	6752	83965	72517	96367	6752	83476	314	352	0	489	205975	0	0	204930	1044	1	0	0	0
2021-01-01	224753	18778	18771	7	224751	1	1	223702	1051	0.003	0.000	81208	105449	7830	92301	80894	105097	7830	91812	314	352	0	489	224753	0	0	223700	1051	1	0	1	0
2021-01-02	277168	52415	52132	283	277166	1	1	275834	1334	0.003	0.000	102774	129731	10350	113258	102365	129304	10350	112629	409	427	0	629	277168	0	0	275832	1334	1	0	1	0
2021-01-03	300945	23777	23772	5	300943	1	1	299606	1339	0.004	0.000	113044	140227	11284	123279	112635	139800	11284	122650	409	427	0	629	300945	0	0	299604	1339	1	0	1	0
2021-01-04	349021	48076	48025	51	349019	1	1	347631	1390	0.004	0.000	129646	164913	13951	139091	129237	164486	13951	138462	409	427	0	629	349021	0	0	347629	1390	1	0	1	0
2021-01-05	402736	53715	53686	29	402733	2	1	401317	1419	0.005	0.000	147987	192565	16489	157656	147576	192117	16489	157025	411	448	0	631	402736	0	0	401314	1419	2	0	1	0
2021-01-06	465405	62669	62664	5	465394	8	3	463981	1424	0.006	0.000	169498	225530	19910	180812	169086	225082	19910	180181	412	448	0	631	465405	0	0	463970	1424	8	0	3	0
2021-01-07	521352	55947	55938	9	521338	11	3	519919	1433	0.006	0.000	189172	254868	22957	197233	188758	254418	22957	196600	414	450	0	633	521352	0	0	519905	1433	11	0	3	0
2021-01-08	584409	63057	62733	324	584347	59	3	582652	1757	0.007	0.000	211521	287315	26324	218219	211009	286711	26320	217449	512	604	4	770	584409	0	0	582590	1757	59	0	3	0
2021-01-09	645499	61090	61043	47	645437	59	3	643695	1804	0.008	0.000	237322	313238	29007	243325	236798	312599	29003	242545	524	639	4	780	645499	0	0	643633	1804	59	0	3	0
2021-01-10	681012	35513	35504	9	680950	59	3	679199	1813	0.008	0.000	252455	327794	30379	256315	251929	327151	30375	255535	526	643	4	780	681012	0	0	679137	1813	59	0	3	0
2021-01-11	748590	67578	67526	52	748527	60	3	746725	1865	0.009	0.000	277513	359176	33587	276774	276967	358513	33583	275968	546	663	4	806	748590	0	0	746662	1865	60	0	3	0
2021-01-12	831250	82660	82600	60	831181	65	4	829325	1925	0.010	0.000	305695	401338	36582	301731	305147	400670	36578	300888	548	668	4	843	831250	0	0	829256	1925	65	0	4	0
2021-01-13	942963	111713	111515	198	942097	862	4	940840	2123	0.011	0.000	345167	458844	40485	337339	344574	458093	40466	336399	593	751	19	940	942963	0	0	939974	2123	862	0	4	0
2021-01-14	1026059	83096	82911	185	1020566	5489	4	1023751	2308	0.012	0.000	374803	501101	42769	361463	374094	500254	42750	360452	709	847	19	1011	1026059	0	0	1018302	2264	5445	44	4	0
2021-01-15	1117580	91521	90910	611	1106645	10926	9	1114661	2919	0.013	0.000	408725	545673	46728	389202	407810	544625	46700	387982	915	1048	28	1220	1117580	0	0	1103770	2875	10882	44	9	0
2021-01-16	1175149	57569	56663	906	1162442	12698	9	1171324	3825	0.014	0.000	432983	570627	48859	408798	431664	569232	48767	407047	1319	1395	92	1751	1175149	0	0	1158661	3781	12654	44	9	0
2021-01-17	1224151	49002	31660	17342	1210138	14003	10	1202984	21167	0.014	0.000	453449	591002	50884	428544	444215	583354	50014	417145	9234	7648	870	11399	1224151	0	0	1189015	21123	13959	44	10	0
2021-01-18	1306778	82627	66855	15772	1288730	18037	11	1269839	36939	0.015	0.000	482728	633883	53106	448900	467235	619730	51700	430238	15493	14153	1406	18662	1306778	0	0	1251836	36894	17992	45	11	0
2021-01-19	1424454	117676	82794	34882	1402925	21504	25	1352633	71821	0.016	0.001	519765	695968	56714	479843	492669	666683	54375	447938	27096	29285	2339	31905	1424454	0	0	1331149	71776	21459	45	25	0
2021-01-20	1556467	132013	80503	51510	1532183	24255	29	1433136	123331	0.017	0.001	568076	760039	60957	522078	522876	706310	57505	469463	45200	53729	3452	52615	1556467	0	0	1408897	123286	24210	45	29	0
2021-01-21	1664188	107721	65868	41853	1637192	26967	29	1499004	165184	0.018	0.002	610150	808503	65406	556195	549621	735602	60889	487988	60529	72901	4517	68207	1664188	0	0	1472053	165139	26922	45	29	0
2021-01-22	1768228	104040	68478	35562	1739178	29009	41	1567482	200746	0.019	0.002	654049	853889	69013	590642	579902	764987	63599	506975	74147	88902	5414	83667	1768228	0	0	1538479	200699	28962	47	41	0
2021-01-23	1853239	85011	40050	44961	1823805	29392	42	1607532	245707	0.019	0.003	691767	890989	72414	617916	599855	780966	64783	516268	91912	110023	7631	101648	1853239	0	0	1578145	245660	29345	47	42	0
2021-01-24	1902463	49224	26077	23147	1872781	29636	46	1633609	268854	0.020	0.003	715655	910067	73331	632982	614016	789814	65130	521524	101639	120253	8201	111458	1902463	0	0	1603974	268807	29589	47	46	0
2021-01-25	1994167	91704	53104	38600	1962760	31359	48	1686713	307454	0.020	0.004	756375	951632	76827	658117	642321	811974	66847	534304	114054	139658	9980	123813	1994167	0	0	1655353	307407	31312	47	48	0
2021-01-26	2092830	98663	50234	48429	2059765	33011	54	1736947	355883	0.021	0.004	796572	997196	80614	684405	667753	831436	68195	545278	128819	165760	12419	139127	2092830	0	0	1703933	355832	32960	51	54	0
2021-01-27	2203976	111146	51514	59632	2168947	34967	62	1788461	415515	0.022	0.005	839834	1049509	85786	715259	691463	852265	70042	556304	148371	197244	15744	158955	2203976	0	0	1753493	415454	34906	61	62	0
2021-01-28	2295141	91165	45127	46038	2258473	36603	65	1833588	461553	0.022	0.006	877990	1090332	89974	739697	713483	869115	71590	567469	164507	221217	18384	172228	2295141	0	0	1796999	461474	36524	79	65	0
2021-01-29	2404254	109113	51462	57651	2366175	38008	71	1885050	519204	0.023	0.006	920894	1138243	95507	769100	735839	888487	73819	578309	185055	249756	21688	190791	2404254	0	0	1847050	519125	37929	79	71	0
2021-01-30	2492725	88471	36312	52159	2453771	38882	72	1921362	571363	0.023	0.007	957412	1174692	99468	796433	752473	901967	75224	586328	204939	272725	24244	210105	2492725	0	0	1882488	571283	38802	80	72	0
2021-01-31	2549239	56514	25984	30530	2509907	39259	73	1947346	601893	0.023	0.007	982865	1196922	101575	812430	766590	910861	76411	592657	216275	286061	25164	219773	2549239	0	0	1908103	601804	39171	88	72	1
2021-02-01	2669889	120650	59161	61489	2628290	41469	130	2006507	663382	0.024	0.008	1026174	1260299	105285	839830	787193	944041	78273	602425	238981	316258	27012	237405	2669889	0	0	1964997	663293	41381	88	129	1
2021-02-02	2801580	131691	64214	67477	2757103	44336	141	2070721	730859	0.025	0.009	1069633	1330364	110479	870030	806216	982089	80866	611659	263417	348275	29613	258371	2801580	0	0	2026334	730769	44247	89	140	1
2021-02-03	2961043	159463	64161	95302	2910159	50722	162	2134882	826161	0.026	0.010	1128983	1407775	116405	912544	829819	1014401	83062	623312	299164	393374	33343	289232	2961043	0	0	2084090	826069	50631	91	161	1
2021-02-04	3092820	131777	61086	70691	3036056	56595	169	2195968	896852	0.026	0.011	1177986	1472437	120972	943857	851937	1046473	85311	632945	326049	425964	35661	310912	3092820	0	0	2139298	896758	56502	93	168	1
2021-02-05	3237528	144708	67661	77047	3174360	62991	177	2263629	973899	0.027	0.012	1232524	1542580	126293	977786	877231	1080338	86905	644262	355293	462242	39388	333524	3237528	0	0	2200556	973804	62898	93	175	2
2021-02-06	3337670	100142	47172	52970	3271974	65518	178	2310801	1026869	0.028	0.012	1272514	1588658	130853	1003590	896490	1101898	88782	653957	376024	486760	42071	349633	3337670	0	0	2245200	1026774	65425	93	176	2
2021-02-07	3391929	54259	28179	26080	3323834	67915	180	2338980	1052949	0.028	0.013	1298155	1609930	133571	1016823	910800	1112720	90015	659435	387355	497210	43556	357388	3391929	0	0	2270981	1052853	67821	94	178	2
2021-02-08	3501877	109948	53168	56780	3429787	71885	205	2392148	1109729	0.029	0.013	1350672	1655734	137545	1035599	942269	1129343	91902	666781	408403	526391	45643	368818	3501877	0	0	2320155	1109632	71790	95	203	2
2021-02-09	3635813	133936	59698	74238	3559680	75819	314	2451846	1183967	0.029	0.014	1411842	1714380	141993	1058512	978151	1147503	94639	674792	433691	566877	47354	383720	3635813	0	0	2376301	1183379	75233	586	312	2
2021-02-10	3787578	151765	75153	76612	3700392	79831	7355	2526999	1260579	0.030	0.015	1478760	1781046	146001	1087933	1017461	1175177	96286	685176	461299	605869	49715	402757	3787578	0	0	2441349	1259043	78297	1534	7353	2
2021-02-11	3928735	141157	73837	67320	3818954	86977	22804	2600836	1327899	0.031	0.016	1539776	1848576	151475	1113070	1052428	1208053	98713	694775	487348	640523	52762	418295	3928735	0	0	2495451	1323503	82589	4388	22796	8
2021-02-12	4086230	157495	81422	76073	3952232	96765	37233	2682258	1403972	0.032	0.017	1611268	1919253	157751	1138545	1094198	1240389	101429	704318	517070	678864	56322	434227	4086230	0	0	2557637	1394595	87398	9367	37223	10
2021-02-13	4193985	107755	62176	45579	4043921	99951	50113	2744434	1449551	0.033	0.017	1667599	1960972	162355	1156080	1129093	1262877	103231	711418	538506	698095	59124	444662	4193985	0	0	2605294	1438627	89045	10906	50095	18
2021-02-14	4259273	65288	40026	25262	4099501	102396	57376	2784460	1474813	0.033	0.018	1706122	1983696	163973	1164146	1153761	1276081	104081	714928	552361	707615	59892	449218	4259273	0	0	2636835	1462666	90288	12108	57337	39
2021-02-15	4386031	126758	71149	55609	4206582	107352	72097	2855609	1530422	0.034	0.018	1773591	2031897	168008	1183418	1194859	1300739	106358	721524	578732	731158	61650	461894	4386031	0	0	2691082	1515500	92480	14872	72047	50
2021-02-16	4522636	136605	81985	54620	4313829	113092	95715	2937594	1585042	0.035	0.019	1839625	2089928	170683	1200400	1236633	1336138	107879	728440	602992	753790	62804	471960	4522636	0	0	2746821	1567008	95116	17976	95657	58
2021-02-17	4671828	149192	93523	55669	4435623	120802	115403	3031117	1640711	0.036	0.020	1920033	2147919	175770	1221928	1292995	1368705	110873	736858	627038	779214	64897	485070	4671828	0	0	2815984	1619639	99793	21009	115340	63
2021-02-18	4814522	142694	91456	51238	4546685	128750	139087	3122573	1691949	0.038	0.020	1995907	2206102	179208	1240945	1345328	1403985	112659	744258	650579	802117	66549	496687	4814522	0	0	2879273	1667412	104280	24470	139020	67
2021-02-19	4969044	154522	99789	54733	4665912	138660	164472	3222362	1746682	0.039	0.021	2076668	2266444	184080	1258305	1402958	1440066	115287	750941	673710	826378	68793	507364	4969044	0	0	2946779	1719133	111185	27475	164398	74
2021-02-20	5082444	113400	76300	37100	4753144	143186	186114	3298662	1783782	0.040	0.021	2138268	2310157	187738	1272296	1445964	1469322	117533	755178	692304	840835	70205	517118	5082444	0	0	2997450	1755694	115183	28003	186029	85
2021-02-21	5168597	86153	57044	29109	4820770	146414	201413	3355706	1812891	0.040	0.022	2187054	2340674	190304	1282667	1479917	1489494	118664	757407	707137	851180	71640	525260	5168597	0	0	3036129	1784641	118252	28162	201325	88
2021-02-22	5328928	160331	100217	60114	4946898	155510	226520	3455923	1873005	0.042	0.023	2266701	2410287	195201	1300517	1538362	1525084	121627	763642	728339	885203	73574	536875	5328928	0	0	3103967	1842931	125538	29972	226418	102
2021-02-23	5496111	167183	107410	59773	5079425	162669	254017	3563333	1932778	0.043	0.023	2346910	2483166	200501	1318387	1598211	1563793	124757	771284	748699	919373	75744	547103	5496111	0	0	3178393	1901032	131036	31633	253904	113
2021-02-24	5672053	175942	116344	59598	5212266	170448	289339	3679677	1992376	0.044	0.024	2431789	2557990	207079	1337422	1660503	1608669	128907	778912	771286	949321	78172	558510	5672053	0	0	3253342	1958924	137128	33320	289207	132
2021-02-25	5861381	189328	130653	58675	5343500	177152	340729	3810330	2051051	0.046	0.025	2514175	2648479	213515	1355541	1722988	1667176	133470	787131	791187	981303	80045	568410	5861381	0	0	3327502	2015998	142380	34772	340448	281
2021-02-26	6071181	209800	144375	65425	5483777	185992	401412	3954705	2116476	0.048	0.025	2602819	2749814	220591	1375230	1787946	1735795	138593	794627	814873	1014019	81998	580603	6071181	0	0	3404036	2079741	149581	36411	401088	324
2021-02-27	6219805	148624	108608	40016	5576608	190194	453003	4063313	2156492	0.049	0.026	2666475	2822116	227301	1388101	1833818	1790224	143432	799030	832657	1031892	83869	589071	6219805	0	0	3457627	2118981	153019	37175	452667	336
2021-02-28	6327905	108100	83809	24291	5639006	194145	494754	4147122	2180783	0.050	0.026	2714700	2875405	231582	1394762	1868893	1834535	146785	801170	845807	1040870	84797	593592	6327905	0	0	3496096	2142910	156618	37527	494408	346
2021-03-01	6523703	195798	146430	49368	5767651	203555	552497	4293552	2230151	0.052	0.027	2817221	2953369	239381	1408021	1943445	1896228	153263	806209	873776	1057141	86118	601812	6523703	0	0	3577411	2190240	164005	39550	552136	361
2021-03-02	6743634	219931	166244	53687	5908275	213722	621637	4459796	2283838	0.054	0.027	2927307	3047588	248982	1422628	2022735	1971725	160632	812692	904572	1075863	88350	609936	6743634	0	0	3667176	2241099	171358	42364	621262	375
2021-03-03	6987396	243762	174769	68993	6065182	227566	694648	4634565	2352831	0.056	0.028	3047976	3148969	260606	1439862	2105531	2048823	170041	819606	942445	1100146	90565	620256	6987396	0	0	3760596	2304586	179774	47792	694195	453
2021-03-04	7230528	243132	180453	62679	6207579	241618	781331	4815018	2415510	0.058	0.029	3159240	3258741	272992	1455625	2181653	2136963	180034	825002	977587	1121778	92958	630623	7230528	0	0	3845573	2362006	188626	52992	780819	512
2021-03-05	7499680	269152	201728	67424	6354843	254949	889888	5016746	2482934	0.060	0.030	3277185	3383782	287941	1471072	2258903	2242620	191990	830697	1018282	1141162	95951	640375	7499680	0	0	3931294	2423549	196120	58829	889332	556
2021-03-06	7702169	202489	153198	49291	6465614	263540	973015	5169944	2532225	0.062	0.030	3366696	3478463	298371	1480590	2314602	2325555	200824	833966	1052094	1152908	97547	646624	7702169	0	0	3994992	2470622	202516	61024	972436	579
2021-03-07	7852556	150387	115929	34458	6548099	270271	1034186	5285873	2566683	0.064	0.031	3437978	3544531	306478	1486155	2360956	2383880	208082	835928	1077022	1160651	98396	650227	7852556	0	0	4045376	2502723	206905	63366	1033592	594
2021-03-08	8091757	239201	186699	52502	6683824	281279	1126654	5472572	2619185	0.066	0.031	3556806	3640371	322827	1498475	2442587	2468035	222757	841890	1114219	1172336	100070	656585	8091757	0	0	4131973	2551851	214568	66711	1126031	623
2021-03-09	8342218	250461	195695	54766	6823968	294139	1224111	5668267	2673951	0.068	0.032	3677710	3742787	340236	1512022	2524321	2558568	238262	848791	1153389	1184219	101974	663231	8342218	0	0	4220778	2603190	224067	70072	1223422	689
2021-03-10	8625967	283749	218062	65687	6981620	305592	1338755	5886329	2739638	0.071	0.033	3808598	3856306	360962	1530389	2606688	2661880	256906	860000	1201910	1194426	104056	670389	8624996	971	0	4315898	2665722	232419	73173	1338012	743
2021-03-11	8907577	281610	220704	60906	7130715	318819	1458043	6107033	2800544	0.073	0.034	3937470	3976178	382106	1544008	2689957	2769533	276555	867677	1247513	1206645	105551	676331	8905951	1626	0	4408385	2722330	241402	77417	1457246	797
2021-03-12	9231575	323998	252347	71651	7283585	336392	1611598	6359380	2872195	0.076	0.035	4071484	4127850	404783	1559463	2770420	2906954	297406	877132	1301064	1220896	107377	682331	9229739	1836	0	4494621	2788964	254244	82148	1610515	1083
2021-03-13	9478094	246519	197083	49436	7398283	346142	1733669	6556463	2921631	0.079	0.035	4181046	4240796	425293	1567511	2840453	3011727	316755	881879	1340593	1229069	108538	685632	9476102	1992	0	4561295	2836988	262628	83514	1732540	1129
2021-03-14	9649299	171205	135211	35994	7487806	351288	1810205	6691674	2957625	0.080	0.036	4266043	4307307	441408	1570975	2896461	3072888	331859	883676	1369582	1234419	109549	687299	9647297	2002	0	4615812	2871994	266804	84484	1809058	1147
2021-03-15	9897583	248284	189421	58863	7640208	363704	1893671	6881095	3016488	0.083	0.036	4400463	4391447	461474	1582289	2984151	3147219	350790	890548	1416312	1244228	110684	691741	9895298	2285	0	4711057	2929151	277593	86111	1892445	1226
2021-03-16	10076739	179156	112135	67021	7806330	374814	1895595	6993230	3083509	0.084	0.037	4527474	4426082	473886	1593025	3059300	3169255	361553	895647	1468174	1256827	112333	697378	10073907	2832	0	4812496	2993834	286367	88447	1894367	1228
2021-03-17	10281951	205212	125749	79463	7992097	392841	1897013	7118979	3162972	0.086	0.038	4672447	4463838	487350	1605072	3141952	3193652	373040	902175	1530495	1270186	114310	702897	10278502	3449	0	4923563	3068534	299635	93206	1895781	1232
2021-03-18	10476656	194705	119361	75344	8166997	411070	1898589	7238340	3238316	0.087	0.039	4812398	4498757	499905	1615322	3222615	3215628	383588	907340	1589783	1283129	116317	707982	10472784	3872	0	5028191	3138806	312794	98276	1897355	1234
2021-03-19	10720564	243908	161068	82840	8351579	431665	1937320	7399408	3321156	0.089	0.040	4961948	4563922	518114	1627194	3306761	3267408	399605	914537	1655187	1296514	118509	712657	10716161	4403	0	5136673	3214906	326729	104936	1936006	1314
2021-03-20	10940791	220227	166339	53888	8488061	446979	2005751	7565747	3375044	0.091	0.041	5078536	4641917	537715	1633319	3379545	3337212	417708	917920	1698991	1304705	120007	715399	10936064	4727	0	5223010	3265051	338346	108633	2004391	1360
2021-03-21	11106892	166101	127336	38765	8592705	456195	2057992	7693083	3413809	0.093	0.041	5171749	4694283	554274	1635819	3440184	3384099	433219	919244	1731565	1310184	121055	716575	11102165	4727	0	5291909	3300796	344565	111630	2056609	1383
2021-03-22	11373104	266212	190051	76161	8758398	479864	2134842	7883134	3489970	0.095	0.042	5329624	4766248	576579	1645397	3534739	3445389	453483	925279	1794885	1320859	123096	720118	11366849	6255	0	5389050	3369348	360691	119173	2133393	1449
2021-03-23	11670989	297885	214123	83762	8938644	500132	2232213	8097257	3573732	0.097	0.043	5490190	4854892	604288	1656865	3629814	3521119	478432	932910	1860376	1333773	125856	723955	11659746	11243	0	5490923	3447721	375656	124476	2230678	1535
2021-03-24	12005053	334064	245756	88308	9135876	533264	2335913	8343013	3662040	0.100	0.044	5664852	4952071	635971	1672375	3732242	3605792	507202	944863	1932610	1346279	128769	727512	11988018	17035	0	5605440	3530436	403270	129994	2334303	1610
2021-03-25	12342645	337592	257438	80154	9324346	560598	2457701	8600451	3742194	0.103	0.045	5830941	5060081	670798	1683452	3832663	3703768	539527	951994	1998278	1356313	131271	731458	12319665	22980	0	5719628	3604718	424822	135776	2456001	1700
2021-03-26	12717368	374723	285974	88749	9526189	597003	2594176	8886425	3830943	0.107	0.046	6003833	5184282	710463	1698535	3933360	3816071	576057	962322	2070473	1368211	134406	736213	12688074	29294	0	5839443	3686746	454605	142398	2592377	1799
2021-03-27	13004143	286775	223619	63156	9678159	624367	2701617	9110044	3894099	0.110	0.047	6147056	5279869	744190	1703356	4023632	3903670	607441	965464	2123424	1376199	136749	737892	12972499	31644	0	5931669	3746490	478627	145740	2699748	1869
2021-03-28	13201069	196926	144183	52743	9795895	642896	2762278	9254227	3946842	0.111	0.047	6253046	5333384	768116	1706823	4085867	3950861	629648	967502	2167179	1382523	138468	739321	13169234	31835	0	5999987	3795908	493881	149015	2760359	1919
2021-03-29	13509848	308779	219749	89030	9983716	668921	2857211	9473976	4035872	0.114	0.049	6418833	5404751	806706	1716518	4180272	4010842	665103	973637	2238561	1393909	141603	742881	13472065	37783	0	6106140	3877576	512598	156323	2855238	1973
2021-03-30	13838314	328466	235114	93352	10199601	695219	2943494	9709090	4129224	0.117	0.050	6591913	5474211	853024	1727240	4280843	4069380	706095	981320	2311070	1404831	146929	745920	13788395	49919	0	6236263	3963338	531374	163845	2941453	2041
2021-03-31	14179830	341516	238441	103075	10449132	733504	2997194	9947531	4232299	0.120	0.051	6774517	5538855	899988	1738789	4384637	4121392	747318	988525	2389880	1417463	152670	750264	14113596	66234	0	6391598	4057534	560816	172688	2995117	2077
2021-04-01	14503551	323721	231317	92404	10685250	765797	3052504	10178848	4324703	0.122	0.052	6936269	5606629	944397	1747554	4476928	4175958	787230	994147	2459341	1430671	157167	753407	14417238	86313	0	6543944	4141306	584519	181278	3050385	2119
2021-04-02	14733507	229956	158374	71582	10866686	782441	3084380	10337222	4396285	0.124	0.053	7067172	5654574	981393	1749910	4552089	4213818	820223	995356	2515083	1440756	161170	754554	14645670	87837	0	6659283	4207403	595699	186742	3082240	2140
2021-04-03	14965515	232008	165986	66022	11040278	799635	3125602	10503208	4462307	0.126	0.054	7198861	5698683	1018737	1753036	4633025	4248782	853330	997097	2565836	1449901	165407	755939	14876279	89236	0	6772238	4268040	607541	192094	3123429	2173
2021-04-04	15161626	196111	142569	53542	11175625	810761	3175240	10645777	4515849	0.128	0.054	7309766	5731715	1048001	1754173	4704262	4274251	879171	997551	2605504	1457464	168830	756622	15072254	89372	0	6858282	4317343	614469	196292	3173026	2214
2021-04-05	15411273	249647	176250	73397	11343943	828682	3238648	10822027	4589246	0.130	0.055	7456036	5770066	1081529	1756372	4794323	4302940	907924	998846	2661713	1467126	173605	757526	15320591	90682	0	6958517	4385426	627114	201568	3236396	2252
2021-04-06	15789728	378455	279309	99146	11601982	861918	3325828	11101336	4688392	0.133	0.056	7644926	5826686	1124640	1761928	4910112	4346229	944820	1001588	2734814	1480457	179820	760340	15662419	127309	0	7126227	4475755	651614	210304	3323495	2333
2021-04-07	16467303	677575	580475	97100	12144056	897725	3425522	11681811	4785492	0.140	0.058	7644926	5826686	1124640	1761928	4910112	4346229	944820	1001588	2734814	1480457	179820	760340	16034330	432973	0	7579499	4564557	679215	218510	3423097	2425
2021-04-08	17200135	732832	643087	89745	12717487	933001	3549647	12324898	4875237	0.148	0.059	7644926	5826686	1124640	1761928	4910112	4346229	944820	1001588	2734814	1480457	179820	760340	16442284	757851	0	8072317	4645170	705428	227573	3547153	2494
2021-04-09	17823195	623060	534736	88324	13204264	968961	3649970	12859634	4963561	0.155	0.060	7644926	5826686	1124640	1761928	4910112	4346229	944820	1001588	2734814	1480457	179820	760340	16825841	997354	0	8481946	4722318	730309	238652	3647379	2591
2021-04-10	18191678	368483	303031	65452	13450023	992175	3749480	13162665	5029013	0.158	0.060	7644926	5826686	1124640	1761928	4910112	4346229	944820	1001588	2734814	1480457	179820	760340	17161278	1030400	0	8669852	4780171	745998	246177	3746815	2665
2021-04-11	18452276	260598	210522	50076	13617867	1010206	3824203	13373187	5079089	0.161	0.061	7644926	5826686	1124640	1761928	4910112	4346229	944820	1001588	2734814	1480457	179820	760340	17416797	1035479	0	8791387	4826480	760312	249894	3821488	2715
2021-04-12	18867762	415486	338652	76834	13896503	1038882	3932377	13711839	5155923	0.165	0.062	7644926	5826686	1124640	1761928	4910112	4346229	944820	1001588	2734814	1480457	179820	760340	17783776	1083986	0	9001854	4894649	780398	258484	3929587	2790
2021-04-13	19438818	571056	497661	73395	14325387	1065533	4047898	14209500	5229318	0.171	0.063	7644926	5826686	1124640	1761928	4910112	4346229	944820	1001588	2734814	1480457	179820	760340	18158702	1280116	0	9362889	4962498	801694	263839	4044917	2981
2021-04-14	20212597	773779	690384	83395	14942291	1099033	4171273	14899884	5312713	0.179	0.064	7644926	5826686	1124640	1761928	4910112	4346229	944820	1001588	2734814	1480457	179820	760340	18558684	1653913	0	9905502	5036789	826658	272375	4167724	3549
2021-04-15	20891880	679283	608495	70788	15474747	1135380	4281753	15508379	5383501	0.186	0.065	7644926	5826686	1124640	1761928	4910112	4346229	944820	1001588	2734814	1480457	179820	760340	18942338	1949542	0	10376879	5097868	854255	281125	4277245	4508
2021-04-16	21485198	593318	517951	75367	15911675	1166675	4406848	16026330	5458868	0.193	0.066	7644926	5826686	1124640	1761928	4910112	4346229	944820	1001588	2734814	1480457	179820	760340	19340817	2144381	0	10748160	5163515	876675	290000	4401495	5353
2021-04-17	21847334	362136	305766	56370	16135161	1188703	4523470	16332096	5515238	0.196	0.066	7644926	5826686	1124640	1761928	4910112	4346229	944820	1001588	2734814	1480457	179820	760340	19681149	2166185	0	10923722	5211439	891729	296974	4516645	6825
2021-04-18	22113511	266177	226954	39223	16306541	1203115	4603855	16559050	5554461	0.199	0.067	7644926	5826686	1124640	1761928	4910112	4346229	944820	1001588	2734814	1480457	179820	760340	19942715	2170796	0	11060837	5245704	902281	300834	4595932	7923
2021-04-19	22512513	399002	338215	60787	16596109	1234941	4681463	16897265	5615248	0.203	0.068	7644926	5826686	1124640	1761928	4910112	4346229	944820	1001588	2734814	1480457	179820	760340	20297386	2215127	0	11298706	5297403	926282	308659	4672277	9186
2021-04-20	23067721	555208	493646	61562	16974208	1272806	4820707	17390911	5676810	0.209	0.068	7644926	5826686	1124640	1761928	4910112	4346229	944820	1001588	2734814	1480457	179820	760340	20658143	2409578	0	11623518	5350690	957887	314919	4809506	11201
2021-04-21	23781074	713353	641708	71645	17423663	1312167	5045244	18032619	5748455	0.217	0.069	7644926	5826686	1124640	1761928	4910112	4346229	944820	1001588	2734814	1480457	179820	760340	21032348	2748726	0	12011366	5412297	989672	322495	5031581	13663
2021-04-22	24415076	634002	567888	66114	17803739	1353670	5257667	18600507	5814569	0.224	0.070	7644926	5826686	1124640	1761928	4910112	4346229	944820	1001588	2734814	1480457	179820	760340	21399091	3015985	0	12336231	5467508	1023881	329789	5240395	17272
2021-04-23	24966004	550928	483374	67554	18153860	1396354	5415790	19083881	5882123	0.229	0.071	7644926	5826686	1124640	1761928	4910112	4346229	944820	1001588	2734814	1480457	179820	760340	21781824	3184180	0	12632325	5521535	1056631	339723	5394925	20865
2021-04-24	25335111	369107	309342	59765	18392544	1445947	5496620	19393223	5941888	0.233	0.071	7644926	5826686	1124640	1761928	4910112	4346229	944820	1001588	2734814	1480457	179820	760340	22134020	3201091	0	12829117	5563427	1090795	355152	5473311	23309
2021-04-25	25618323	283212	235463	47749	18580136	1479847	5558340	19628686	5989637	0.236	0.072	7644926	5826686	1124640	1761928	4910112	4346229	944820	1001588	2734814	1480457	179820	760340	22411418	3206905	0	12980603	5599533	1114946	364901	5533137	25203
2021-04-26	26045901	427578	354412	73166	18895366	1520812	5629661	19983160	6062803	0.240	0.073	7644926	5826686	1124640	1761928	4910112	4346229	944820	1001588	2734814	1480457	179820	760340	22752404	3293497	62	13235130	5660236	1147374	373438	5600594	29067
2021-04-27	26829505	783604	693418	90186	19570899	1572143	5685947	20677032	6152989	0.249	0.074	7644926	5826686	1124640	1761928	4910112	4346229	944820	1001588	2734814	1480457	179820	760340	23121128	3708377	516	13834559	5736340	1189550	382593	5652407	33540
2021-04-28	27949550	1120045	993271	126774	20578207	1630868	5739246	21671016	6279763	0.261	0.076	7644926	5826686	1124640	1761928	4910112	4346229	944820	1001588	2734814	1480457	179820	760340	23512090	4437460	1229	14733106	5845101	1236106	394762	5700575	38671
2021-04-29	28889299	939749	808134	131615	21399015	1692703	5795475	22480027	6411378	0.270	0.077	7644926	5826686	1124640	1761928	4910112	4346229	944820	1001588	2734814	1480457	179820	760340	23893771	4995528	2106	15442764	5956251	1285954	406749	5749203	46272
2021-04-30	29688473	799174	661917	137257	22074742	1749062	5861736	23142771	6548635	0.278	0.079	7644926	5826686	1124640	1761928	4910112	4346229	944820	1001588	2734814	1480457	179820	760340	24293099	5395374	2933	16006304	6068438	1327382	421680	5806152	55584
2021-05-01	30023439	334966	259029	75937	22326745	1789620	5901572	23404369	6624572	0.281	0.080	7644926	5826686	1124640	1761928	4910112	4346229	944820	1001588	2734814	1480457	179820	760340	24603415	5420024	5502	16197281	6129464	1361627	427993	5839959	61613
2021-05-02	30286509	263070	195298	67772	22521637	1826819	5930749	23601469	6692344	0.284	0.080	7644926	5826686	1124640	1761928	4910112	4346229	944820	1001588	2734814	1480457	179820	760340	24858830	5427679	7304	16336223	6185414	1393483	433336	5864459	66290
2021-05-03	30734990	448481	332910	115571	22837171	1895787	5993245	23935862	6807915	0.288	0.082	7644926	5826686	1124640	1761928	4910112	4346229	944820	1001588	2734814	1480457	179820	760340	25213451	5521539	8787	16561129	6276042	1449604	446183	5916342	76903
2021-05-04	31572858	837868	677344	160524	23460414	1957268	6143653	24615942	6968439	0.296	0.084	7644926	5826686	1124640	1761928	4910112	4346229	944820	1001588	2734814	1480457	179820	760340	25584067	5988791	11523	17053348	6407066	1498059	459209	6053012	90641
2021-05-05	32704111	1131253	907222	224031	24301488	2032373	6355128	25526763	7192470	0.307	0.086	7644926	5826686	1124640	1761928	4910112	4346229	944820	1001588	2734814	1480457	179820	760340	25989356	6714755	15122	17714269	6587219	1549489	482884	6247883	107245
2021-05-06	33679202	975091	759741	215350	24985488	2120704	6554939	26289453	7407820	0.316	0.089	7644926	5826686	1124640	1761928	4910112	4346229	944820	1001588	2734814	1480457	179820	760340	26389336	7289866	18071	18224674	6760814	1617843	502861	6428865	126074
2021-05-07	34548847	869645	644273	225372	25562266	2202063	6763798	26936375	7633192	0.324	0.092	7644926	5826686	1124640	1761928	4910112	4346229	944820	1001588	2734814	1480457	179820	760340	26814965	7733882	20720	18633191	6929075	1671381	530682	6611083	152715
2021-05-08	34967664	418817	268088	150729	25827091	2272358	6846628	27205330	7783921	0.327	0.094	7644926	5826686	1124640	1761928	4910112	4346229	944820	1001588	2734814	1480457	179820	760340	27173291	7794373	21587	18786450	7040641	1722385	549973	6674908	171720
2021-05-09	35250193	282529	181117	101412	26020847	2327596	6879100	27387510	7885333	0.329	0.095	7644926	5826686	1124640	1761928	4910112	4346229	944820	1001588	2734814	1480457	179820	760340	27444785	7805408	22650	18900746	7120101	1767123	560473	6696991	182109
2021-05-10	35828765	578572	389858	188714	26389877	2404458	7008376	27780772	8074047	0.334	0.097	7644926	5826686	1124640	1761928	4910112	4346229	944820	1001588	2734814	1480457	179820	760340	27834459	7994306	26054	19128787	7261090	1824436	580022	6801495	206881
2021-05-11	36897959	1069194	791635	277559	27205354	2480482	7183249	28575227	8351606	0.344	0.100	7644926	5826686	1124640	1761928	4910112	4346229	944820	1001588	2734814	1480457	179820	760340	28249958	8648001	28874	19718301	7487053	1879613	600869	6948439	234810
2021-05-12	38282290	1384331	1036574	347757	28283619	2559709	7406207	29615682	8699363	0.356	0.105	7644926	5826686	1124640	1761928	4910112	4346229	944820	1001588	2734814	1480457	179820	760340	28678306	9603984	32755	20508140	7775479	1935092	624617	7139695	266512
2021-05-13	38696144	413854	262940	150914	28587249	2624531	7449827	29880404	8850277	0.359	0.106	7644926	5826686	1124640	1761928	4910112	4346229	944820	1001588	2734814	1480457	179820	760340	29018681	9677463	34537	20692139	7895110	1985166	639365	7168562	281265
2021-05-14	39429507	733363	515820	217543	29118067	2685209	7586342	30401576	9067820	0.366	0.109	7644926	5826686	1124640	1761928	4910112	4346229	944820	1001588	2734814	1480457	179820	760340	29400707	10028800	39889	21050506	8067561	2031685	653524	7279496	306846
2021-05-15	39806642	377135	225943	151192	29379992	2742167	7641089	30631024	9219012	0.368	0.111	7644926	5826686	1124640	1761928	4910112	4346229	944820	1001588	2734814	1480457	179820	760340	29730176	10076466	43394	21201935	8178057	2072908	669259	7312787	328302
2021-05-16	40075392	268750	155602	113148	29570308	2792232	7665114	30790970	9332160	0.370	0.112	7644926	5826686	1124640	1761928	4910112	4346229	944820	1001588	2734814	1480457	179820	760340	29982921	10092471	47738	21305968	8264340	2113398	678834	7323866	341248
