date	dosen_kumulativ	dosen_differenz_zum_vortag	dosen_erst_differenz_zum_vortag	dosen_zweit_differenz_zum_vortag	dosen_biontech_kumulativ	dosen_moderna_kumulativ	dosen_astrazeneca_kumulativ	personen_erst_kumulativ	personen_voll_kumulativ	impf_quote_erst	impf_quote_voll	indikation_alter_dosen	indikation_beruf_dosen	indikation_medizinisch_dosen	indikation_pflegeheim_dosen	indikation_alter_erst	indikation_beruf_erst	indikation_medizinisch_erst	indikation_pflegeheim_erst	indikation_alter_voll	indikation_beruf_voll	indikation_medizinisch_voll	indikation_pflegeheim_voll	dosen_dim_kumulativ	dosen_kbv_kumulativ	dosen_johnson_kumulativ	dosen_biontech_erst_kumulativ	dosen_biontech_zweit_kumulativ	dosen_moderna_erst_kumulativ	dosen_moderna_zweit_kumulativ	dosen_astrazeneca_erst_kumulativ	dosen_astrazeneca_zweit_kumulativ	dosen_erst_kumulativ	dosen_zweit_kumulativ
2020-12-27	23318	23318	23301	17	23317	1	0	23301	17	0.000	0.000	10705	8657	1305	12604	10664	8590	1305	12536	41	67	0	68	23318	0	0	23300	17	1	0	0	0	23301	17
2020-12-28	41095	17777	17738	39	41094	1	0	41039	56	0.000	0.000	18621	15788	1991	21344	18580	15721	1991	21276	41	67	0	68	41095	0	0	41038	56	1	0	0	0	41039	56
2020-12-29	90856	49761	49038	723	90855	1	0	90077	779	0.001	0.000	34989	40734	3107	40508	34724	40420	3107	40099	265	314	0	409	90856	0	0	90076	779	1	0	0	0	90077	779
2020-12-30	152613	61757	61630	127	152612	1	0	151707	906	0.002	0.000	55510	73365	4901	63206	55243	73050	4901	62794	267	315	0	412	152613	0	0	151706	906	1	0	0	0	151707	906
2020-12-31	202768	50155	50004	151	202767	1	0	201711	1057	0.002	0.000	72831	96719	6752	83965	72517	96367	6752	83476	314	352	0	489	202768	0	0	201710	1057	1	0	0	0	201711	1057
2021-01-01	228508	25740	25729	11	228499	6	3	227440	1068	0.003	0.000	81208	105449	7830	92301	80894	105097	7830	91812	314	352	0	489	228508	0	0	227432	1067	6	0	2	1	227440	1068
2021-01-02	276149	47641	47356	285	276140	6	3	274796	1353	0.003	0.000	102774	129731	10350	113258	102365	129304	10350	112629	409	427	0	629	276149	0	0	274788	1352	6	0	2	1	274796	1353
2021-01-03	298331	22182	22176	6	298322	6	3	296972	1359	0.004	0.000	113044	140227	11284	123279	112635	139800	11284	122650	409	427	0	629	298331	0	0	296964	1358	6	0	2	1	296972	1359
2021-01-04	344910	46579	46525	54	344900	7	3	343497	1413	0.004	0.000	129646	164913	13951	139091	129237	164486	13951	138462	409	427	0	629	344910	0	0	343488	1412	7	0	2	1	343497	1413
2021-01-05	396769	51859	51829	30	396758	8	3	395326	1443	0.005	0.000	147987	192565	16489	157656	147576	192117	16489	157025	411	448	0	631	396769	0	0	395316	1442	8	0	2	1	395326	1443
2021-01-06	458922	62153	62144	9	458903	14	5	457470	1452	0.006	0.000	169498	225530	19910	180812	169086	225082	19910	180181	412	448	0	631	458922	0	0	457452	1451	14	0	4	1	457470	1452
2021-01-07	513035	54113	54104	9	513012	17	6	511574	1461	0.006	0.000	189172	254868	22957	197233	188758	254418	22957	196600	414	450	0	633	513035	0	0	511552	1460	17	0	5	1	511574	1461
2021-01-08	574814	61779	61448	331	574741	66	7	573022	1792	0.007	0.000	211521	287315	26324	218219	211009	286711	26320	217449	512	604	4	770	574814	0	0	572950	1791	66	0	6	1	573022	1792
2021-01-09	634273	59459	59411	48	634200	66	7	632433	1840	0.008	0.000	237322	313238	29007	243325	236798	312599	29003	242545	524	639	4	780	634273	0	0	632361	1839	66	0	6	1	632433	1840
2021-01-10	668931	34658	34649	9	668856	68	7	667082	1849	0.008	0.000	252455	327794	30379	256315	251929	327151	30375	255535	526	643	4	780	668931	0	0	667008	1848	68	0	6	1	667082	1849
2021-01-11	736025	67094	67040	54	735947	71	7	734122	1903	0.009	0.000	277513	359176	33587	276774	276967	358513	33583	275968	546	663	4	806	736025	0	0	734045	1902	71	0	6	1	734122	1903
2021-01-12	816735	80710	80649	61	816641	86	8	814771	1964	0.010	0.000	305695	401338	36582	301731	305147	400670	36578	300888	548	668	4	843	816735	0	0	814678	1963	86	0	7	1	814771	1964
2021-01-13	928323	111588	111391	197	927058	1257	8	926162	2161	0.011	0.000	345167	458844	40485	337339	344574	458093	40466	336399	593	751	19	940	928323	0	0	924898	2160	1257	0	7	1	926162	2161
2021-01-14	1010309	81986	81802	184	1003903	6398	8	1007964	2345	0.012	0.000	374803	501101	42769	361463	374094	500254	42750	360452	709	847	19	1011	1010309	0	0	1001603	2300	6354	44	7	1	1007964	2345
2021-01-15	1100331	90022	89220	802	1088657	11661	13	1097184	3147	0.013	0.000	408725	545673	46728	389202	407810	544625	46700	387982	915	1048	28	1220	1100331	0	0	1085555	3102	11617	44	12	1	1097184	3147
2021-01-16	1157355	57024	56006	1018	1144000	13341	14	1153190	4165	0.014	0.000	432983	570627	48859	408798	431664	569232	48767	407047	1319	1395	92	1751	1157355	0	0	1139880	4120	13297	44	13	1	1153190	4165
2021-01-17	1205682	48327	30540	17787	1191065	14602	15	1183730	21952	0.014	0.000	453449	591002	50884	428544	444215	583354	50014	417145	9234	7648	870	11399	1205682	0	0	1169158	21907	14558	44	14	1	1183730	21952
2021-01-18	1287758	82076	66217	15859	1268988	18754	16	1249947	37811	0.015	0.000	482728	633883	53106	448900	467235	619730	51700	430238	15493	14153	1406	18662	1287758	0	0	1231224	37764	18708	46	15	1	1249947	37811
2021-01-19	1406206	118448	82443	36005	1383767	22415	24	1332390	73816	0.016	0.001	519765	695968	56714	479843	492669	666683	54375	447938	27096	29285	2339	31905	1406206	0	0	1310002	73765	22365	50	23	1	1332390	73816
2021-01-20	1538324	132118	77880	54238	1513141	25156	27	1410270	128054	0.017	0.002	568076	760039	60957	522078	522876	706310	57505	469463	45200	53729	3452	52615	1538324	0	0	1385138	128003	25106	50	26	1	1410270	128054
2021-01-21	1644439	106115	64189	41926	1616518	27894	27	1474459	169980	0.018	0.002	610150	808503	65406	556195	549621	735602	60889	487988	60529	72901	4517	68207	1644439	0	0	1446590	169928	27843	51	26	1	1474459	169980
2021-01-22	1747277	102838	68186	34652	1717164	30079	34	1542645	204632	0.019	0.002	654049	853889	69013	590642	579902	764987	63599	506975	74147	88902	5414	83667	1747277	0	0	1512586	204578	30026	53	33	1	1542645	204632
2021-01-23	1833902	86625	40712	45913	1803428	30437	37	1583357	250545	0.019	0.003	691767	890989	72414	617916	599855	780966	64783	516268	91912	110023	7631	101648	1833902	0	0	1552938	250490	30383	54	36	1	1583357	250545
2021-01-24	1881641	47739	25739	22000	1850968	30632	41	1609096	272545	0.019	0.003	715655	910067	73331	632982	614016	789814	65130	521524	101639	120253	8201	111458	1881641	0	0	1578478	272490	30578	54	40	1	1609096	272545
2021-01-25	1972829	91188	51977	39211	1940741	32044	44	1661073	311756	0.020	0.004	756375	951632	76827	658117	642321	811974	66847	534304	114054	139658	9980	123813	1972829	0	0	1629041	311700	31989	55	43	1	1661073	311756
2021-01-26	2070309	97480	50358	47122	2036778	33480	51	1711431	358878	0.021	0.004	796572	997196	80614	684405	667753	831436	68195	545278	128819	165760	12419	139127	2070309	0	0	1677960	358818	33421	59	50	1	1711431	358878
2021-01-27	2178921	108612	50719	57893	2143595	35267	59	1762150	416771	0.021	0.005	839834	1049509	85786	715259	691463	852265	70042	556304	148371	197244	15744	158955	2178921	0	0	1726895	416700	35197	70	58	1	1762150	416771
2021-01-28	2269363	90442	45088	45354	2232380	36921	62	1807238	462125	0.022	0.006	877990	1090332	89974	739697	713483	869115	71590	567469	164507	221217	18384	172228	2269363	0	0	1770344	462036	36833	88	61	1	1807238	462125
2021-01-29	2377844	108481	51317	57164	2339415	38362	67	1858555	519289	0.022	0.006	920894	1138243	95507	769100	735839	888487	73819	578309	185055	249756	21688	190791	2377844	0	0	1820215	519200	38274	88	66	1	1858555	519289
2021-01-30	2466196	88352	34493	53859	2426890	39236	70	1893048	573148	0.023	0.007	957412	1174692	99468	796433	752473	901967	75224	586328	204939	272725	24244	210105	2466196	0	0	1853833	573057	39147	89	68	2	1893048	573148
2021-01-31	2523368	57172	25808	31364	2483681	39613	74	1918856	604512	0.023	0.007	982865	1196922	101575	812430	766590	910861	76411	592657	216275	286061	25164	219773	2523368	0	0	1879269	604412	39516	97	71	3	1918856	604512
2021-02-01	2642830	119462	57841	61621	2600884	41821	125	1976697	666133	0.024	0.008	1026174	1260299	105285	839830	787193	944041	78273	602425	238981	316258	27012	237405	2642830	0	0	1934851	666033	41724	97	122	3	1976697	666133
2021-02-02	2773456	130626	64399	66227	2728476	44842	138	2041096	732360	0.025	0.009	1069633	1330364	110479	870030	806216	982089	80866	611659	263417	348275	29613	258371	2773456	0	0	1996217	732259	44744	98	135	3	2041096	732360
2021-02-03	2932542	159086	63333	95753	2881238	51141	162	2104430	828113	0.025	0.010	1128983	1407775	116405	912544	829819	1014401	83062	623312	299164	393374	33343	289232	2932542	0	1	2053229	828009	51041	100	159	3	2104429	828113
2021-02-04	3062908	130366	59996	70370	3005908	56832	167	2164426	898483	0.026	0.011	1177986	1472437	120972	943857	851937	1046473	85311	632945	326049	425964	35661	310912	3062908	0	1	2107531	898377	56730	102	164	3	2164425	898483
2021-02-05	3207201	144293	67815	76478	3143914	63111	175	2232241	974961	0.027	0.012	1232524	1542580	126293	977786	877231	1080338	86905	644262	355293	462242	39388	333524	3207201	0	1	2169060	974854	63009	102	171	4	2232240	974961
2021-02-06	3307625	100424	47029	53395	3241808	65640	176	2279270	1028356	0.027	0.012	1272514	1588658	130853	1003590	896490	1101898	88782	653957	376024	486760	42071	349633	3307625	0	1	2213559	1028249	65538	102	172	4	2279269	1028356
2021-02-07	3360965	53340	28076	25264	3292752	68034	178	2307346	1053620	0.028	0.013	1298155	1609930	133571	1016823	910800	1112720	90015	659435	387355	497210	43556	357388	3360965	0	1	2239240	1053512	67931	103	174	4	2307345	1053620
2021-02-08	3470089	109124	53047	56077	3397768	72118	202	2360393	1109697	0.028	0.013	1350672	1655734	137545	1035599	942269	1129343	91902	666781	408403	526391	45643	368818	3470089	0	1	2288180	1109588	72014	104	198	4	2360392	1109697
2021-02-09	3603703	133614	60220	73394	3527635	75752	315	2420613	1183091	0.029	0.014	1411842	1714380	141993	1058512	978151	1147503	94639	674792	433691	566877	47354	383720	3603703	0	1	2344844	1182791	75457	295	311	4	2420612	1183091
2021-02-10	3757269	153566	77024	76542	3669192	79848	8228	2497637	1259633	0.030	0.015	1478760	1781046	146001	1087933	1017461	1175177	96286	685176	461299	605869	49715	402757	3757269	0	1	2410851	1258341	78572	1276	8213	15	2497636	1259633
2021-02-11	3898676	141407	73973	67434	3788049	87162	23462	2571612	1327067	0.031	0.016	1539776	1848576	151475	1113070	1052428	1208053	98713	694775	487348	640523	52762	418295	3898676	0	3	2465314	1322735	82858	4304	23437	25	2571609	1327067
2021-02-12	4053862	155186	78456	76730	3920604	96531	36721	2650071	1403797	0.032	0.017	1611268	1919253	157751	1138545	1094198	1240389	101429	704318	517070	678864	56322	434227	4053862	0	6	2526264	1394340	87427	9104	36374	347	2650065	1403797
2021-02-13	4160927	107065	61524	45541	4011389	99722	49809	2711596	1449338	0.033	0.017	1667599	1960972	162355	1156080	1129093	1262877	103231	711418	538506	698095	59124	444662	4160927	0	7	2573059	1438330	89075	10647	49455	354	2711589	1449338
2021-02-14	4226306	65379	39691	25688	4067051	102171	57076	2751288	1475026	0.033	0.018	1706122	1983696	163973	1164146	1153761	1276081	104081	714928	552361	707615	59892	449218	4226306	0	8	2604260	1462791	90319	11852	56701	375	2751280	1475026
2021-02-15	4350817	124511	68881	55630	4171611	107325	71872	2820170	1530656	0.034	0.018	1773591	2031897	168008	1183418	1194859	1300739	106358	721524	578732	731158	61650	461894	4350817	0	9	2656165	1515446	92516	14809	71480	392	2820161	1530656
2021-02-16	4488636	137819	82016	55803	4279609	113346	95671	2902187	1586459	0.035	0.019	1839625	2089928	170683	1200400	1236633	1336138	107879	728440	602992	753790	62804	471960	4488636	0	10	2711716	1567893	95191	18155	95270	401	2902177	1586459
2021-02-17	4638715	150079	93639	56440	4401628	121317	115759	2995827	1642899	0.036	0.020	1920033	2147919	175770	1221928	1292995	1368705	110873	736858	627038	779214	64897	485070	4638715	0	11	2780486	1621142	99979	21338	115351	408	2995816	1642899
2021-02-18	4780403	141688	90218	51470	4512049	129451	138891	3086046	1694369	0.037	0.020	1995907	2206102	179208	1240945	1345328	1403985	112659	744258	650579	802117	66549	496687	4780403	0	12	2842984	1669065	104569	24882	138481	410	3086034	1694369
2021-02-19	4934894	154491	100240	54251	4631202	139260	164419	3186287	1748620	0.038	0.021	2076668	2266444	184080	1258305	1402958	1440066	115287	750941	673710	826378	68793	507364	4934894	0	13	2910999	1720203	111368	27892	163907	512	3186274	1748620
2021-02-20	5046739	111845	75937	35908	4717035	143766	185924	3262225	1784528	0.039	0.021	2138268	2310157	187738	1272296	1445964	1469322	117533	755178	692304	840835	70205	517118	5046739	0	14	2961462	1755573	115346	28420	185403	521	3262211	1784528
2021-02-21	5132577	85838	57269	28569	4783420	147413	201729	3319495	1813097	0.040	0.022	2187054	2340674	190304	1282667	1479917	1489494	118664	757407	707137	851180	71640	525260	5132577	0	15	2999442	1783978	118833	28580	201205	524	3319480	1813097
2021-02-22	5290978	158401	98725	59676	4907760	156275	226927	3418221	1872773	0.041	0.023	2266701	2410287	195201	1300517	1538362	1525084	121627	763642	728339	885203	73574	536875	5290978	0	16	3065885	1841875	125926	30349	226394	533	3418205	1872773
2021-02-23	5457412	166434	106853	59581	5039706	163299	254390	3525075	1932354	0.042	0.023	2346910	2483166	200501	1318387	1598211	1563793	124757	771284	748699	919373	75744	547103	5457412	0	17	3139915	1899791	131295	32004	253848	542	3525058	1932354
2021-02-24	5630925	173513	114891	58622	5170062	170886	289959	3639967	1990976	0.044	0.024	2431789	2557990	207079	1337422	1660503	1608669	128907	778912	771286	949321	78172	558510	5630925	0	18	3213350	1956712	137196	33690	289403	556	3639949	1990976
2021-02-25	5819212	188287	130354	57933	5299834	177593	341767	3770321	2048909	0.045	0.025	2514175	2648479	213515	1355541	1722988	1667176	133470	787131	791187	981303	80045	568410	5819212	0	18	3286679	2013155	142423	35170	341201	566	3770303	2048909
2021-02-26	6027874	208662	143195	65467	5438970	186335	402551	3913516	2114376	0.047	0.025	2602819	2749814	220591	1375230	1787946	1735795	138593	794627	814873	1014019	81998	580603	6027874	0	18	3362016	2076954	149574	36761	401908	643	3913498	2114376
2021-02-27	6175179	147305	107360	39945	5531184	190411	453566	4020876	2154321	0.048	0.026	2666475	2822116	227301	1388101	1833818	1790224	143432	799030	832657	1031892	83869	589071	6175179	0	18	3415025	2116159	152918	37493	452915	651	4020858	2154321
2021-02-28	6282279	107100	82977	24123	5592407	194357	495497	4103853	2178444	0.049	0.026	2714700	2875405	231582	1394762	1868893	1834535	146785	801170	845807	1040870	84797	593592	6282279	0	18	3452486	2139921	156512	37845	494837	660	4103835	2178444
2021-03-01	6478036	195757	146271	49486	5721343	203918	552757	4250124	2227930	0.051	0.027	2817221	2953369	239381	1408021	1943445	1896228	153263	806209	873776	1057141	86118	601812	6478036	0	18	3533970	2187373	164049	39869	552087	670	4250106	2227930
2021-03-02	6690965	212929	161308	51621	5856878	213866	620203	4411432	2279551	0.053	0.027	2927307	3047588	248982	1422628	2022735	1971725	160632	812692	904572	1075863	88350	609936	6690965	0	18	3620764	2236114	171131	42735	619519	684	4411414	2279551
2021-03-03	6934058	243093	173446	69647	6013188	228256	692596	4584878	2349198	0.055	0.028	3047976	3148969	260606	1439862	2105531	2048823	170041	819606	942445	1100146	90565	620256	6934058	0	18	3712905	2300283	180110	48146	691845	751	4584860	2349198
2021-03-04	7176545	242487	180170	62317	6153873	242609	780045	4765048	2411515	0.057	0.029	3159240	3258741	272992	1455625	2181653	2136963	180034	825002	977587	1121778	92958	630623	7176545	0	18	3796630	2357243	189147	53462	779253	792	4765030	2411515
2021-03-05	7447202	270657	202886	67771	6301363	255771	890049	4967935	2479286	0.060	0.030	3277185	3383782	287941	1471072	2258903	2242620	191990	830697	1018282	1141162	95951	640375	7447202	0	19	3882262	2419101	196437	59334	889217	832	4967916	2479286
2021-03-06	7648855	201653	153060	48593	6410944	264243	973649	5120995	2527879	0.062	0.030	3366696	3478463	298371	1480590	2314602	2325555	200824	833966	1052094	1152908	97547	646624	7648855	0	19	3945462	2465482	202714	61529	972800	849	5120976	2527879
2021-03-07	7799287	150432	116434	33998	6492877	271013	1035378	5237429	2561877	0.063	0.031	3437978	3544531	306478	1486155	2360956	2383880	208082	835928	1077022	1160651	98396	650227	7799287	0	19	3995754	2497123	207144	63869	1034512	866	5237410	2561877
2021-03-08	8036350	237063	185542	51521	6626924	281956	1127451	5422971	2613398	0.065	0.031	3556806	3640371	322827	1498475	2442587	2468035	222757	841890	1114219	1172336	100070	656585	8036350	0	19	4081711	2545213	214692	67264	1126549	902	5422952	2613398
2021-03-09	8286545	250195	195706	54489	6766737	294600	1225189	5618677	2667887	0.068	0.032	3677710	3742787	340236	1512022	2524321	2558568	238262	848791	1153389	1184219	101974	663231	8286545	0	19	4170445	2596292	223980	70620	1224233	956	5618658	2667887
2021-03-10	8571318	284773	218731	66042	6925105	306210	1339984	5837408	2733929	0.070	0.033	3808598	3856306	360962	1530389	2606688	2661880	256906	860000	1201910	1194426	104056	670389	8570347	971	19	4266026	2659079	232385	73825	1338978	1006	5837389	2733929
2021-03-11	8853020	281702	221140	60562	7072971	319814	1460216	6058548	2794491	0.073	0.034	3937470	3976178	382106	1544008	2689957	2769533	276555	867677	1247513	1206645	105551	676331	8851394	1626	19	4357631	2715340	241737	78077	1459161	1055	6058529	2794491
2021-03-12	9177697	324677	253951	70726	7224162	336989	1616527	6312499	2865217	0.076	0.034	4071484	4127850	404783	1559463	2770420	2906954	297406	877132	1301064	1220896	107377	682331	9175861	1836	19	4442743	2781419	254419	82570	1615318	1209	6312480	2865217
2021-03-13	9425418	247721	198117	49604	7339146	346647	1739606	6510616	2914821	0.078	0.035	4181046	4240796	425293	1567511	2840453	3011727	316755	881879	1340593	1229069	108538	685632	9423426	1992	19	4509524	2829622	262716	83931	1738357	1249	6510597	2914821
2021-03-14	9596434	171016	135091	35925	7428122	351798	1816495	6645707	2950746	0.080	0.035	4266043	4307307	441408	1570975	2896461	3072888	331859	883676	1369582	1234419	109549	687299	9594432	2002	19	4563558	2864564	266896	84902	1815234	1261	6645688	2950746
2021-03-15	9843302	246868	187972	58896	7580374	364271	1898638	6833679	3009642	0.082	0.036	4400463	4391447	461474	1582289	2984151	3147219	350790	890548	1416312	1244228	110684	691741	9841017	2285	19	4658622	2921752	277740	86531	1897298	1340	6833660	3009642
2021-03-16	10020927	177625	110359	67266	7745736	375364	1899808	6944038	3076908	0.083	0.037	4527474	4426082	473886	1593025	3059300	3169255	361553	895647	1468174	1256827	112333	697378	10018095	2832	19	4759077	2986659	286476	88888	1898466	1342	6944019	3076908
2021-03-17	10224987	204060	124194	79866	7931144	393303	1900521	7068232	3156774	0.085	0.038	4672447	4463838	487350	1605072	3141952	3193652	373040	902175	1530495	1270186	114310	702897	10221538	3449	19	4869412	3061732	299628	93675	1899173	1348	7068213	3156774
2021-03-18	10417553	192566	117725	74841	8104536	411332	1901666	7185957	3231615	0.086	0.039	4812398	4498757	499905	1615322	3222615	3215628	383588	907340	1589783	1283129	116317	707982	10413681	3872	19	4973086	3131450	312537	98795	1900315	1351	7185938	3231615
2021-03-19	10660911	243358	160259	83099	8288792	431849	1940251	7346216	3314714	0.088	0.040	4961948	4563922	518114	1627194	3306761	3267408	399605	914537	1655187	1296514	118509	712657	10656508	4403	19	5080888	3207904	326464	105385	1938845	1406	7346197	3314714
2021-03-20	10881101	220190	166925	53265	8424054	447124	2009904	7513141	3367979	0.090	0.040	5078536	4641917	537715	1633319	3379545	3337212	417708	917920	1698991	1304705	120007	715399	10876374	4727	19	5166727	3257327	337925	109199	2008470	1434	7513122	3367979
2021-03-21	11047009	165908	127269	38639	8527145	456575	2063270	7640410	3406618	0.092	0.041	5171749	4694283	554274	1635819	3440184	3384099	433219	919244	1731565	1310184	121055	716575	11042282	4727	19	5234457	3292688	344121	112454	2061813	1457	7640391	3406618
2021-03-22	11314743	267734	191640	76094	8693390	480282	2141052	7832050	3482712	0.094	0.042	5329624	4766248	576579	1645397	3534739	3445389	453483	925279	1794885	1320859	123096	720118	11308488	6255	19	5332020	3361370	360468	119814	2139543	1509	7832031	3482712
2021-03-23	11612761	298018	215050	82968	8873651	500029	2239062	8047100	3565680	0.097	0.043	5490190	4854892	604288	1656865	3629814	3521119	478432	932910	1860376	1333773	125856	723955	11601518	11243	19	5434298	3439353	375288	124741	2237495	1567	8047081	3565680
2021-03-24	11946353	333592	245591	88001	9070926	533316	2342092	8292691	3653681	0.100	0.044	5664852	4952071	635971	1672375	3732242	3605792	507202	944863	1932610	1346279	128769	727512	11929318	17035	19	5548891	3522035	403317	129999	2340464	1628	8292672	3653681
2021-03-25	12283681	337328	257473	79855	9257722	560958	2464982	8550164	3733536	0.103	0.045	5830941	5060081	670798	1683452	3832663	3703768	539527	951994	1998278	1356313	131271	731458	12260701	22980	19	5661457	3596265	425425	135533	2463263	1719	8550145	3733536
2021-03-26	12660405	376724	287956	88768	9460825	597841	2601720	8838120	3822304	0.106	0.046	6003833	5184282	710463	1698535	3933360	3816071	576057	962322	2070473	1368211	134406	736213	12631111	29294	19	5782547	3678278	455646	142195	2599908	1812	8838101	3822304
2021-03-27	12947360	286955	224565	62390	9613525	625384	2708432	9062685	3884694	0.109	0.047	6147056	5279869	744190	1703356	4023632	3903670	607441	965464	2123424	1376199	136749	737892	12915716	31644	19	5875971	3737554	480138	145246	2706557	1875	9062666	3884694
2021-03-28	13144624	197264	144362	52902	9731880	643927	2768796	9207049	3937596	0.111	0.047	6253046	5333384	768116	1706823	4085867	3950861	629648	967502	2167179	1382523	138468	739321	13112789	31835	21	5944732	3787148	495426	148501	2766870	1926	9207028	3937596
2021-03-29	13454887	310263	220960	89303	9921604	669784	2863478	9428009	4026899	0.113	0.048	6418833	5404751	806706	1716518	4180272	4010842	665103	973637	2238561	1393909	141603	742881	13417104	37783	21	6052482	3869122	514014	155770	2861492	1986	9427988	4026899
2021-03-30	13785884	330997	236985	94012	10140548	695939	2949376	9664994	4120911	0.116	0.050	6591913	5474211	853024	1727240	4280843	4069380	706095	981320	2311070	1404831	146929	745920	13735965	49919	21	6184867	3955681	532780	163159	2947326	2050	9664973	4120911
2021-03-31	14125369	339485	236219	103266	10388708	734019	3002621	9901213	4224177	0.119	0.051	6774517	5538855	899988	1738789	4384637	4121392	747318	988525	2389880	1417463	152670	750264	14059135	66234	21	6338656	4050052	562001	172018	3000535	2086	9901192	4224177
2021-04-01	14453580	328211	234865	93346	10627064	767583	3058912	10136078	4317523	0.122	0.052	6936269	5606629	944397	1747554	4476928	4175958	787230	994147	2459341	1430671	157167	753407	14367267	86313	21	6492151	4134913	587120	180463	3056786	2126	10136057	4317523
2021-04-02	14680211	226631	156938	69693	10806365	783882	3089943	10293016	4387216	0.124	0.053	7067172	5654574	981393	1749910	4552089	4213818	820223	995356	2515083	1440756	161170	754554	14592374	87837	21	6607081	4199284	598122	185760	3087792	2151	10292995	4387216
2021-04-03	14912919	232708	166933	65775	10981509	800622	3130767	10459949	4452991	0.126	0.054	7198861	5698683	1018737	1753036	4633025	4248782	853330	997097	2565836	1449901	165407	755939	14823683	89236	21	6721773	4259736	609574	191048	3128581	2186	10459928	4452991
2021-04-04	15109354	196435	142857	53578	11117478	811692	3180163	10602806	4506569	0.127	0.054	7309766	5731715	1048001	1754173	4704262	4274251	879171	997551	2605504	1457464	168830	756622	15019982	89372	21	6808588	4308890	616264	195428	3177933	2230	10602785	4506569
2021-04-05	15357632	248278	175656	72622	11283558	830557	3243496	10778462	4579191	0.130	0.055	7456036	5770066	1081529	1756372	4794323	4302940	907924	998846	2661713	1467126	173605	757526	15266950	90682	21	6907357	4376201	629857	200700	3241227	2269	10778441	4579191
2021-04-06	15730958	373326	277089	96237	11538363	862718	3329856	11055551	4675428	0.133	0.056	7644926	5826686	1124640	1761928	4910112	4346229	944820	1001588	2734814	1480457	179820	760340	15603649	127309	21	7074645	4463718	653378	209340	3327507	2349	11055530	4675428
2021-04-07	16410122	679164	582327	96837	12081236	899456	3429409	11637878	4772265	0.140	0.057	7644926	5826686	1124640	1761928	4910112	4346229	944820	1001588	2734814	1480457	179820	760340	15977149	432973	21	7529263	4551973	681628	217828	3426966	2443	11637857	4772265
2021-04-08	17143037	732915	643364	89551	12656306	934241	3552469	12281242	4861816	0.148	0.058	7644926	5826686	1124640	1761928	4910112	4346229	944820	1001588	2734814	1480457	179820	760340	16385186	757851	21	8023770	4632536	707515	226726	3549936	2533	12281221	4861816
2021-04-09	17770950	627913	539300	88613	13147387	970819	3652723	12820542	4950429	0.154	0.060	7644926	5826686	1124640	1761928	4910112	4346229	944820	1001588	2734814	1480457	179820	760340	16773596	997354	21	8437693	4709694	732735	238084	3650093	2630	12820521	4950429
2021-04-10	18141843	370893	305812	65081	13395563	994032	3752227	13126354	5015510	0.158	0.060	7644926	5826686	1124640	1761928	4910112	4346229	944820	1001588	2734814	1480457	179820	760340	17111443	1030400	21	8628589	4766974	748218	245814	3749526	2701	13126333	5015510
2021-04-11	18404254	262411	212371	50040	13564630	1012355	3827248	13338725	5065550	0.160	0.061	7644926	5826686	1124640	1761928	4910112	4346229	944820	1001588	2734814	1480457	179820	760340	17368775	1035479	21	8751346	4813284	762860	249495	3824498	2750	13338704	5065550
2021-04-12	18821529	417275	340508	76767	13844751	1041560	3935196	13679234	5142317	0.164	0.062	7644926	5826686	1124640	1761928	4910112	4346229	944820	1001588	2734814	1480457	179820	760340	17737543	1083986	22	8963386	4881365	783452	258108	3932374	2822	13679212	5142317
2021-04-13	19393675	572146	498786	73360	14275306	1068380	4049967	14178020	5215677	0.170	0.063	7644926	5826686	1124640	1761928	4910112	4346229	944820	1001588	2734814	1480457	179820	760340	18113559	1280116	22	9326248	4949058	804810	263570	4046940	3027	14177998	5215677
2021-04-14	20167682	774007	690975	83032	14892671	1101926	4173063	14868995	5298709	0.179	0.064	7644926	5826686	1124640	1761928	4910112	4346229	944820	1001588	2734814	1480457	179820	760340	18513769	1653913	22	9869648	5023023	829854	272072	4169471	3592	14868973	5298709
2021-04-15	20846785	679103	608384	70719	15425070	1138431	4283261	15477380	5369428	0.186	0.065	7644926	5826686	1124640	1761928	4910112	4346229	944820	1001588	2734814	1480457	179820	760340	18897243	1949542	23	10341312	5083758	857326	281105	4278719	4542	15477357	5369428
2021-04-16	21442521	595736	520895	74841	15863170	1171366	4407962	15998275	5444269	0.192	0.065	7644926	5826686	1124640	1761928	4910112	4346229	944820	1001588	2734814	1480457	179820	760340	19298140	2144381	23	10714150	5149020	881485	289881	4402617	5345	15998252	5444269
2021-04-17	21806638	364117	307698	56419	16088302	1194088	4524225	16305973	5500688	0.196	0.066	7644926	5826686	1124640	1761928	4910112	4346229	944820	1001588	2734814	1480457	179820	760340	19640453	2166185	23	10891431	5196871	897107	296981	4517412	6813	16305950	5500688
2021-04-18	22074577	267939	229086	38853	16260722	1209121	4604711	16535059	5539541	0.199	0.067	7644926	5826686	1124640	1761928	4910112	4346229	944820	1001588	2734814	1480457	179820	760340	19903781	2170796	23	11029952	5230770	908289	300832	4596795	7916	16535036	5539541
2021-04-19	22476026	401449	340667	60782	16554601	1241791	4679610	16875727	5600323	0.203	0.067	7644926	5826686	1124640	1761928	4910112	4346229	944820	1001588	2734814	1480457	179820	760340	20260899	2215127	24	11272121	5282480	933122	308669	4670460	9150	16875703	5600323
2021-04-20	23034074	558048	496118	61930	16934905	1280621	4818524	17371845	5662253	0.209	0.068	7644926	5826686	1124640	1761928	4910112	4346229	944820	1001588	2734814	1480457	179820	760340	20624496	2409578	24	11599072	5335833	965390	315231	4807359	11165	17371821	5662253
2021-04-21	23753760	719686	647095	72591	17388592	1322055	5043089	18018940	5734844	0.217	0.069	7644926	5826686	1124640	1761928	4910112	4346229	944820	1001588	2734814	1480457	179820	760340	21005034	2748726	24	11990655	5397937	998795	323260	5029466	13623	18018916	5734844
2021-04-22	24390661	636901	570005	66896	17769650	1365290	5255697	18588945	5801740	0.224	0.070	7644926	5826686	1124640	1761928	4910112	4346229	944820	1001588	2734814	1480457	179820	760340	21374676	3015985	24	12316144	5453506	1034361	330929	5238416	17281	18588921	5801740
2021-04-23	24940999	550338	482949	67389	18119326	1407622	5414018	19071903	5869129	0.229	0.071	7644926	5826686	1124640	1761928	4910112	4346229	944820	1001588	2734814	1480457	179820	760340	21756819	3184180	33	12612086	5507240	1066607	341015	5393177	20841	19071870	5869129
2021-04-24	25307755	366756	307828	58928	18354944	1457666	5495110	19379733	5928057	0.233	0.071	7644926	5826686	1124640	1761928	4910112	4346229	944820	1001588	2734814	1480457	179820	760340	22106664	3201091	35	12806675	5548269	1101146	356520	5471877	23233	19379698	5928057
2021-04-25	25590045	282290	234285	48005	18542123	1491420	5556467	19614018	5976062	0.236	0.072	7644926	5826686	1124640	1761928	4910112	4346229	944820	1001588	2734814	1480457	179820	760340	22383140	3206905	35	12957348	5584775	1125237	366183	5531398	25069	19613983	5976062
2021-04-26	26022368	432323	358690	73633	18860068	1533917	5628267	19972789	6049695	0.240	0.073	7644926	5826686	1124640	1761928	4910112	4346229	944820	1001588	2734814	1480457	179820	760340	22728871	3293497	116	13214365	5645703	1159136	374781	5599172	29095	19972673	6049695
2021-04-27	26805752	783384	692764	90620	19535374	1585249	5684552	20666014	6140315	0.248	0.074	7644926	5826686	1124640	1761928	4910112	4346229	944820	1001588	2734814	1480457	179820	760340	23097375	3708377	577	13813133	5722241	1201356	383893	5650948	33604	20665437	6140315
2021-04-28	27927700	1121948	994661	127287	20543850	1645291	5737254	21661403	6267602	0.260	0.075	7644926	5826686	1124640	1761928	4910112	4346229	944820	1001588	2734814	1480457	179820	760340	23490240	4437460	1305	14712342	5831508	1249215	396076	5698541	38713	21660098	6267602
2021-04-29	28872926	945226	812065	133161	21367963	1708854	5793918	22474354	6400763	0.270	0.077	7644926	5826686	1124640	1761928	4910112	4346229	944820	1001588	2734814	1480457	179820	760340	23877398	4995528	2191	15424305	5943658	1300512	408342	5747346	46572	22472163	6400763
2021-04-30	29675797	802871	665196	137675	22046332	1765838	5860604	23140382	6538438	0.278	0.079	7644926	5826686	1124640	1761928	4910112	4346229	944820	1001588	2734814	1480457	179820	760340	24280423	5395374	3023	15990291	6056041	1342481	423357	5804587	56017	23137359	6538438
2021-05-01	30011330	335533	259909	75624	22299070	1806975	5899687	23402866	6614062	0.281	0.080	7644926	5826686	1124640	1761928	4910112	4346229	944820	1001588	2734814	1480457	179820	760340	24591306	5420024	5598	16182422	6116648	1377220	429755	5837626	62061	23397268	6614062
2021-05-02	30274600	263270	196914	66356	22493246	1844270	5929681	23601585	6680418	0.284	0.080	7644926	5826686	1124640	1761928	4910112	4346229	944820	1001588	2734814	1480457	179820	760340	24846921	5427679	7403	16321978	6171268	1409229	435041	5862975	66706	23594182	6680418
2021-05-03	30726217	451617	334591	117026	22811175	1915029	5991085	23937701	6797444	0.288	0.082	7644926	5826686	1124640	1761928	4910112	4346229	944820	1001588	2734814	1480457	179820	760340	25204678	5521539	8928	16548257	6262918	1466743	448286	5913773	77312	23928773	6797444
2021-05-04	31567815	841598	680291	161307	23437059	1977756	6141283	24620781	6958751	0.296	0.084	7644926	5826686	1124640	1761928	4910112	4346229	944820	1001588	2734814	1480457	179820	760340	25579024	5988791	11717	17042723	6394336	1516213	461543	6050128	91155	24609064	6958751
2021-05-05	32707778	1139963	910293	229670	24282513	2056506	6353139	25534977	7188421	0.307	0.086	7644926	5826686	1124640	1761928	4910112	4346229	944820	1001588	2734814	1480457	179820	760340	25993023	6714755	15620	17704731	6577782	1569477	487029	6245149	107990	25519357	7188421
2021-05-06	33689351	981573	762799	218774	24968417	2147685	6553689	26301716	7407195	0.316	0.089	7644926	5826686	1124640	1761928	4910112	4346229	944820	1001588	2734814	1480457	179820	760340	26399485	7289866	19560	18217004	6751413	1638865	508820	6426287	127402	26282156	7407195
2021-05-07	34568483	879132	644867	234265	25547074	2233475	6764667	26950290	7641460	0.324	0.092	7644926	5826686	1124640	1761928	4910112	4346229	944820	1001588	2734814	1480457	179820	760340	26834601	7733882	23267	18625036	6922038	1693656	539819	6608331	156336	26927023	7641460
2021-05-08	34993294	424811	269911	154900	25814156	2304968	6849186	27221918	7796360	0.327	0.094	7644926	5826686	1124640	1761928	4910112	4346229	944820	1001588	2734814	1480457	179820	760340	27198921	7794373	24984	18778533	7035623	1745187	559781	6673214	175972	27196934	7796360
2021-05-09	35278244	284950	181809	103141	26007592	2360823	6883778	27404794	7899501	0.330	0.095	7644926	5826686	1124640	1761928	4910112	4346229	944820	1001588	2734814	1480457	179820	760340	27472836	7805408	26051	18892175	7115417	1790180	570643	6696388	187390	27378743	7899501
2021-05-10	35864153	585909	392179	193730	26379046	2441430	7013911	27800688	8093231	0.334	0.097	7644926	5826686	1124640	1761928	4910112	4346229	944820	1001588	2734814	1480457	179820	760340	27869847	7994306	29766	19121413	7257633	1848641	592789	6800868	213043	27770922	8093231
2021-05-11	36944247	1080094	794294	285800	27201418	2520010	7189686	28598349	8379031	0.344	0.101	7644926	5826686	1124640	1761928	4910112	4346229	944820	1001588	2734814	1480457	179820	760340	28296246	8648001	33133	19712241	7489177	1905255	614755	6947720	241966	28565216	8379031
2021-05-12	38351957	1407710	1044070	363640	28289805	2609994	7413872	29647572	8742671	0.356	0.105	7644926	5826686	1124640	1761928	4910112	4346229	944820	1001588	2734814	1480457	179820	760340	28747973	9603984	38286	20506193	7783612	1964783	645211	7138310	275562	29609286	8742671
2021-05-13	38778588	426631	265799	160832	28603361	2676357	7458323	29915632	8903503	0.360	0.107	7644926	5826686	1124640	1761928	4910112	4346229	944820	1001588	2734814	1480457	179820	760340	29101125	9677463	40547	20691474	7911887	2015996	660361	7167615	290708	29875085	8903503
2021-05-14	39530428	751840	522448	229392	29145565	2740486	7596407	30445503	9132895	0.366	0.110	7644926	5826686	1124640	1761928	4910112	4346229	944820	1001588	2734814	1480457	179820	760340	29501628	10028800	47970	21053827	8091738	2064778	675708	7278928	317479	30397533	9132895
2021-05-15	39927066	396638	231675	164963	29422269	2799878	7652676	30681451	9297858	0.369	0.112	7644926	5826686	1124640	1761928	4910112	4346229	944820	1001588	2734814	1480457	179820	760340	29850600	10076466	52243	21208895	8213374	2107631	692247	7312682	339994	30629208	9297858
2021-05-16	40207673	280607	158534	122073	29621204	2852304	7677282	30844625	9419931	0.371	0.113	7644926	5826686	1124640	1761928	4910112	4346229	944820	1001588	2734814	1480457	179820	760340	30115202	10092471	56883	21313893	8307311	2150149	702155	7323700	353582	30787742	9419931
2021-05-17	40760083	552410	345972	206438	29959349	2934643	7798546	31201259	9626369	0.375	0.116	7644926	5826686	1124640	1761928	4910112	4346229	944820	1001588	2734814	1480457	179820	760340	30498294	10261789	67545	21505967	8453382	2208544	726099	7419203	379343	31133714	9626369
2021-05-18	41635745	875662	517438	358224	30551698	3037391	7971468	31726340	9984593	0.381	0.120	7644926	5826686	1124640	1761928	4910112	4346229	944820	1001588	2734814	1480457	179820	760340	30918952	10716793	75188	21804421	8747277	2282395	754996	7564336	407132	31651152	9984593
2021-05-19	42735741	1099996	562043	537953	31359084	3135999	8152925	32300928	10522546	0.388	0.127	7644926	5826686	1124640	1761928	4910112	4346229	944820	1001588	2734814	1480457	179820	760340	31339170	11396571	87733	22147961	9211123	2347769	788230	7717465	435460	32213195	10522546
2021-05-20	43677627	941886	451067	490819	32038771	3231535	8308853	32762730	11013365	0.394	0.132	7644926	5826686	1124640	1761928	4910112	4346229	944820	1001588	2734814	1480457	179820	760340	31750113	11927514	98468	22406300	9632471	2411698	819837	7846264	462589	32664262	11013365
2021-05-21	44521270	843643	401844	441799	32630796	3315272	8465848	33175460	11455164	0.399	0.138	7644926	5826686	1124640	1761928	4910112	4346229	944820	1001588	2734814	1480457	179820	760340	32171036	12350234	109354	22626745	10004051	2466497	848775	7972864	492984	33066106	11455164
2021-05-22	44996175	474905	214129	260776	32936755	3385892	8549458	33404305	11715940	0.402	0.141	7644926	5826686	1124640	1761928	4910112	4346229	944820	1001588	2734814	1480457	179820	760340	32517011	12479164	124070	22724691	10212064	2514856	871036	8040688	508770	33280235	11715940
2021-05-23	45281460	285285	123836	161449	33129570	3445018	8572706	33538237	11877389	0.403	0.143	7644926	5826686	1124640	1761928	4910112	4346229	944820	1001588	2734814	1480457	179820	760340	32784175	12497285	134166	22789932	10339638	2558875	886143	8055264	517442	33404071	11877389
2021-05-24	45604285	322825	139111	183714	33363490	3505201	8593317	33685459	12061103	0.405	0.145	7644926	5826686	1124640	1761928	4910112	4346229	944820	1001588	2734814	1480457	179820	760340	33091475	12512810	142277	22871912	10491578	2604020	901181	8067250	526067	33543182	12061103
2021-05-25	46255895	651610	269863	381747	33808334	3584319	8696040	33980247	12442850	0.409	0.150	7644926	5826686	1124640	1761928	4910112	4346229	944820	1001588	2734814	1480457	179820	760340	33484142	12771753	167202	23011822	10796512	2655348	928971	8145875	550165	33813045	12442850
2021-05-26	47425184	1169289	464190	705099	34687912	3664112	8828078	34522317	13147949	0.415	0.158	7644926	5826686	1124640	1761928	4910112	4346229	944820	1001588	2734814	1480457	179820	760340	33890016	13535168	245082	23323648	11364264	2706438	957674	8247149	580929	34277235	13147949
2021-05-27	48454851	1029667	400293	629374	35419929	3750895	8957783	35003772	13777323	0.421	0.166	7644926	5826686	1124640	1761928	4910112	4346229	944820	1001588	2734814	1480457	179820	760340	34297846	14157005	326244	23579059	11840870	2756893	994002	8341576	616207	34677528	13777323
2021-05-28	49343943	889092	351833	537259	36015052	3835242	9084747	35438263	14314582	0.426	0.172	7644926	5826686	1124640	1761928	4910112	4346229	944820	1001588	2734814	1480457	179820	760340	34718977	14624966	408902	23792811	12222241	2806615	1028627	8429935	654812	35029361	14314582
2021-05-29	49752800	408857	152605	256252	36276770	3897714	9141206	35619076	14570834	0.428	0.175	7644926	5826686	1124640	1761928	4910112	4346229	944820	1001588	2734814	1480457	179820	760340	35053425	14699375	437110	23873099	12403671	2844076	1053638	8464791	676415	35181966	14570834
2021-05-30	50035306	282506	97815	184691	36473359	3944405	9169503	35727820	14755525	0.430	0.177	7644926	5826686	1124640	1761928	4910112	4346229	944820	1001588	2734814	1480457	179820	760340	35314113	14721193	448039	23932574	12540785	2871260	1073145	8475947	693556	35279781	14755525
2021-05-31	50571630	536324	174007	362317	36835703	4008861	9236542	35944312	15117842	0.432	0.182	7644926	5826686	1124640	1761928	4910112	4346229	944820	1001588	2734814	1480457	179820	760340	35692668	14878962	490524	24042249	12793454	2897248	1111613	8514291	722251	35453788	15117842
2021-06-01	51546438	974808	395341	579467	37561443	4085557	9324803	36423764	15697309	0.438	0.189	7644926	5826686	1124640	1761928	4910112	4346229	944820	1001588	2734814	1480457	179820	760340	36077003	15469435	574635	24355882	13205561	2925402	1160155	8567845	756958	35849129	15697309
2021-06-02	52778707	1232269	513794	718475	38540691	4155647	9404867	37040425	16415784	0.445	0.197	7644926	5826686	1124640	1761928	4910112	4346229	944820	1001588	2734814	1480457	179820	760340	36468994	16309713	677502	24802777	13737914	2949635	1206012	8610511	794356	36362923	16415784
2021-06-03	53410827	632120	227711	404409	39009274	4218085	9454079	37320023	16820193	0.449	0.202	7644926	5826686	1124640	1761928	4910112	4346229	944820	1001588	2734814	1480457	179820	760340	36821701	16589126	729389	24981076	14028198	2978562	1239523	8630996	823083	36590634	16820193
2021-06-04	54227062	816235	292032	524203	39602519	4287671	9530789	37688749	17344396	0.453	0.209	7644926	5826686	1124640	1761928	4910112	4346229	944820	1001588	2734814	1480457	179820	760340	37235448	16991614	806083	25210433	14392086	3007075	1280596	8665158	865631	36882666	17344396
2021-06-05	54632847	405785	95817	309968	39871204	4353024	9573565	37813537	17654364	0.455	0.212	7644926	5826686	1124640	1761928	4910112	4346229	944820	1001588	2734814	1480457	179820	760340	37577689	17055158	835054	25268911	14602293	3033569	1319455	8676003	897562	36978483	17654364
2021-06-06	54922705	289858	59646	230212	40076485	4393833	9600849	37889667	17884576	0.456	0.215	7644926	5826686	1124640	1761928	4910112	4346229	944820	1001588	2734814	1480457	179820	760340	37837838	17084867	851538	25313010	14763475	3045493	1348340	8679626	921223	37038129	17884576
2021-06-07	55520835	598130	188405	409725	40469798	4473977	9671303	38132291	18294301	0.459	0.220	7644926	5826686	1124640	1761928	4910112	4346229	944820	1001588	2734814	1480457	179820	760340	38196684	17323248	905757	25443878	15025920	3072050	1401927	8710606	960697	37226534	18294301
2021-06-08	56539978	1019143	314490	704653	41286828	4546575	9732955	38514644	18998954	0.463	0.228	7644926	5826686	1124640	1761928	4910112	4346229	944820	1001588	2734814	1480457	179820	760340	38568006	17968865	973620	25700555	15586273	3097986	1448589	8742483	990472	37541024	18998954
2021-06-09	57879918	1339940	407960	931980	42391768	4625012	9794197	39017925	19930934	0.469	0.240	7644926	5826686	1124640	1761928	4910112	4346229	944820	1001588	2734814	1480457	179820	760340	38917217	18956810	1068941	26049360	16342408	3124992	1500020	8774632	1019565	37948984	19930934
2021-06-10	59023089	1143171	364785	778386	43305270	4712002	9848760	39470826	20709320	0.475	0.249	7644926	5826686	1124640	1761928	4910112	4346229	944820	1001588	2734814	1480457	179820	760340	39308847	19705530	1157057	26355877	16949393	3156662	1555340	8801230	1047530	38313769	20709320
2021-06-11	60027115	1004026	323378	680648	44067239	4795058	9913346	39888619	21389968	0.480	0.257	7644926	5826686	1124640	1761928	4910112	4346229	944820	1001588	2734814	1480457	179820	760340	39697097	20318630	1251472	26624880	17442359	3182562	1612496	8829705	1083641	38637147	21389968
2021-06-12	60440296	413181	112655	300526	44338547	4862673	9953946	40034932	21690494	0.481	0.261	7644926	5826686	1124640	1761928	4910112	4346229	944820	1001588	2734814	1480457	179820	760340	40007181	20420893	1285130	26707406	17631141	3200546	1662127	8841850	1112096	38749802	21690494
2021-06-13	60713780	273484	62633	210851	44514196	4924100	9978466	40109453	21901345	0.482	0.263	7644926	5826686	1124640	1761928	4910112	4346229	944820	1001588	2734814	1480457	179820	760340	40245005	20456247	1297018	26750371	17763825	3216040	1708060	8846024	1132442	38812435	21901345
2021-06-14	61318880	605100	190713	414387	44910338	5014884	10042149	40354657	22315732	0.485	0.268	7644926	5826686	1124640	1761928	4910112	4346229	944820	1001588	2734814	1480457	179820	760340	40607594	20696780	1351509	26902571	18007767	3237457	1777427	8863120	1179029	39003148	22315732
2021-06-15	62264554	945674	293880	651794	45630778	5102438	10121350	40707016	22967526	0.489	0.276	7644926	5826686	1124640	1761928	4910112	4346229	944820	1001588	2734814	1480457	179820	760340	40963089	21283470	1409988	27152605	18478173	3262194	1840244	8882229	1239121	39297028	22967526
