date	dosen_kumulativ	dosen_differenz_zum_vortag	dosen_erst_differenz_zum_vortag	dosen_zweit_differenz_zum_vortag	dosen_biontech_kumulativ	dosen_moderna_kumulativ	dosen_astrazeneca_kumulativ	personen_erst_kumulativ	personen_voll_kumulativ	impf_quote_erst	impf_quote_voll	indikation_alter_dosen	indikation_beruf_dosen	indikation_medizinisch_dosen	indikation_pflegeheim_dosen	indikation_alter_erst	indikation_beruf_erst	indikation_medizinisch_erst	indikation_pflegeheim_erst	indikation_alter_voll	indikation_beruf_voll	indikation_medizinisch_voll	indikation_pflegeheim_voll	dosen_dim_kumulativ	dosen_kbv_kumulativ	dosen_johnson_kumulativ	dosen_biontech_erst_kumulativ	dosen_biontech_zweit_kumulativ	dosen_moderna_erst_kumulativ	dosen_moderna_zweit_kumulativ	dosen_astrazeneca_erst_kumulativ	dosen_astrazeneca_zweit_kumulativ	dosen_erst_kumulativ	dosen_zweit_kumulativ
2020-12-27	24096	24096	24083	13	24094	2	0	24083	13	0.000	0.000	10705	8657	1305	12604	10664	8590	1305	12536	41	67	0	68	24096	0	0	24081	13	2	0	0	0	24083	13
2020-12-28	42064	17968	17806	162	42062	2	0	41889	175	0.001	0.000	18621	15788	1991	21344	18580	15721	1991	21276	41	67	0	68	42064	0	0	41887	175	2	0	0	0	41889	175
2020-12-29	92089	50025	49291	734	92086	2	1	91180	909	0.001	0.000	34989	40734	3107	40508	34724	40420	3107	40099	265	314	0	409	92089	0	0	91177	909	2	0	1	0	91180	909
2020-12-30	155581	63492	63354	138	155578	2	1	154534	1047	0.002	0.000	55510	73365	4901	63206	55243	73050	4901	62794	267	315	0	412	155581	0	0	154531	1047	2	0	1	0	154534	1047
2020-12-31	205275	49694	49605	89	205272	2	1	204139	1136	0.002	0.000	72831	96719	6752	83965	72517	96367	6752	83476	314	352	0	489	205275	0	0	204136	1136	2	0	1	0	204139	1136
2021-01-01	230619	25344	25335	9	230608	7	4	229474	1145	0.003	0.000	81208	105449	7830	92301	80894	105097	7830	91812	314	352	0	489	230619	0	0	229464	1144	7	0	3	1	229474	1145
2021-01-02	278570	47951	47665	286	278559	7	4	277139	1431	0.003	0.000	102774	129731	10350	113258	102365	129304	10350	112629	409	427	0	629	278570	0	0	277129	1430	7	0	3	1	277139	1431
2021-01-03	300980	22410	22405	5	300968	8	4	299544	1436	0.004	0.000	113044	140227	11284	123279	112635	139800	11284	122650	409	427	0	629	300980	0	0	299533	1435	8	0	3	1	299544	1436
2021-01-04	346803	45823	45727	96	346790	9	4	345271	1532	0.004	0.000	129646	164913	13951	139091	129237	164486	13951	138462	409	427	0	629	346803	0	0	345259	1531	9	0	3	1	345271	1532
2021-01-05	398772	51969	51632	337	398758	10	4	396903	1869	0.005	0.000	147987	192565	16489	157656	147576	192117	16489	157025	411	448	0	631	398772	0	0	396890	1868	10	0	3	1	396903	1869
2021-01-06	461228	62456	62364	92	461205	16	7	459267	1961	0.006	0.000	169498	225530	19910	180812	169086	225082	19910	180181	412	448	0	631	461228	0	0	459246	1959	16	0	5	2	459267	1961
2021-01-07	515195	53967	53946	21	515167	19	9	513213	1982	0.006	0.000	189172	254868	22957	197233	188758	254418	22957	196600	414	450	0	633	515195	0	0	513187	1980	19	0	7	2	513213	1982
2021-01-08	576850	61655	61547	108	576770	70	10	574760	2090	0.007	0.000	211521	287315	26324	218219	211009	286711	26320	217449	512	604	4	770	576850	0	0	574682	2088	70	0	8	2	574760	2090
2021-01-09	636822	59972	59824	148	636738	73	11	634584	2238	0.008	0.000	237322	313238	29007	243325	236798	312599	29003	242545	524	639	4	780	636822	0	0	634503	2235	73	0	8	3	634584	2238
2021-01-10	672074	35252	35103	149	671982	81	11	669687	2387	0.008	0.000	252455	327794	30379	256315	251929	327151	30375	255535	526	643	4	780	672074	0	0	669599	2383	80	1	8	3	669687	2387
2021-01-11	739574	67500	67398	102	739467	94	13	737085	2489	0.009	0.000	277513	359176	33587	276774	276967	358513	33583	275968	546	663	4	806	739574	0	0	736988	2479	87	7	10	3	737085	2489
2021-01-12	817841	78267	78203	64	817718	109	14	815288	2553	0.010	0.000	305695	401338	36582	301731	305147	400670	36578	300888	548	668	4	843	817841	0	0	815176	2542	102	7	10	4	815288	2553
2021-01-13	928574	110733	110532	201	927282	1278	14	925820	2754	0.011	0.000	345167	458844	40485	337339	344574	458093	40466	336399	593	751	19	940	928574	0	0	924539	2743	1271	7	10	4	925820	2754
2021-01-14	1011697	83123	82901	222	1005257	6426	14	1008721	2976	0.012	0.000	374803	501101	42769	361463	374094	500254	42750	360452	709	847	19	1011	1011697	0	0	1002336	2921	6375	51	10	4	1008721	2976
2021-01-15	1102165	90468	89623	845	1090454	11692	19	1098344	3821	0.013	0.000	408725	545673	46728	389202	407810	544625	46700	387982	915	1048	28	1220	1102165	0	0	1086688	3766	11641	51	15	4	1098344	3821
2021-01-16	1159503	57338	56317	1021	1146112	13371	20	1154661	4842	0.014	0.000	432983	570627	48859	408798	431664	569232	48767	407047	1319	1395	92	1751	1159503	0	0	1141325	4787	13320	51	16	4	1154661	4842
2021-01-17	1207061	47558	29786	17772	1192407	14632	21	1184448	22614	0.014	0.000	453449	591002	50884	428544	444215	583354	50014	417145	9234	7648	870	11399	1207061	0	1	1169849	22558	14581	51	17	4	1184447	22614
2021-01-18	1288965	81904	66163	15741	1270168	18774	22	1250611	38355	0.015	0.000	482728	633883	53106	448900	467235	619730	51700	430238	15493	14153	1406	18662	1288965	0	1	1231871	38297	18721	53	18	4	1250610	38355
2021-01-19	1407768	118803	82353	36450	1385302	22435	30	1332964	74805	0.016	0.001	519765	695968	56714	479843	492669	666683	54375	447938	27096	29285	2339	31905	1407768	0	1	1310559	74743	22378	57	26	4	1332963	74805
2021-01-20	1539941	132173	77600	54573	1514730	25177	33	1410564	129378	0.017	0.002	568076	760039	60957	522078	522876	706310	57505	469463	45200	53729	3452	52615	1539941	0	1	1385414	129316	25120	57	29	4	1410563	129378
2021-01-21	1644928	104987	63670	41317	1616975	27917	35	1474234	170695	0.018	0.002	610150	808503	65406	556195	549621	735602	60889	487988	60529	72901	4517	68207	1644928	0	1	1446344	170631	27859	58	30	5	1474233	170695
2021-01-22	1746557	101629	68054	33575	1716409	30104	43	1542288	204270	0.019	0.002	654049	853889	69013	590642	579902	764987	63599	506975	74147	88902	5414	83667	1746557	0	1	1512208	204201	30041	63	38	5	1542287	204270
2021-01-23	1833139	86582	40465	46117	1802634	30458	46	1582753	250387	0.019	0.003	691767	890989	72414	617916	599855	780966	64783	516268	91912	110023	7631	101648	1833139	0	1	1552317	250317	30394	64	41	5	1582752	250387
2021-01-24	1880431	47292	25458	21834	1849724	30656	50	1608211	272221	0.019	0.003	715655	910067	73331	632982	614016	789814	65130	521524	101639	120253	8201	111458	1880431	0	1	1577573	272151	30592	64	45	5	1608210	272221
2021-01-25	1971476	91045	52276	38769	1939350	32072	53	1660487	310990	0.020	0.004	756375	951632	76827	658117	642321	811974	66847	534304	114054	139658	9980	123813	1971476	0	1	1628433	310917	32005	67	48	5	1660486	310990
2021-01-26	2069015	97539	50635	46904	2035447	33507	60	1711122	357894	0.021	0.004	796572	997196	80614	684405	667753	831436	68195	545278	128819	165760	12419	139127	2069015	0	1	1677630	357817	33436	71	55	5	1711121	357894
2021-01-27	2178389	109374	50805	58569	2143027	35293	68	1761927	416463	0.021	0.005	839834	1049509	85786	715259	691463	852265	70042	556304	148371	197244	15744	158955	2178389	0	1	1726653	416374	35210	83	63	5	1761926	416463
2021-01-28	2270668	92279	46381	45898	2233675	36921	71	1808308	462361	0.022	0.006	877990	1090332	89974	739697	713483	869115	71590	567469	164507	221217	18384	172228	2270668	0	1	1771491	462184	36750	171	66	5	1808307	462361
2021-01-29	2378438	107770	49985	57785	2339958	38401	78	1858293	520146	0.022	0.006	920894	1138243	95507	769100	735839	888487	73819	578309	185055	249756	21688	190791	2378438	0	1	1819990	519968	38229	172	73	5	1858292	520146
2021-01-30	2466453	88015	34362	53653	2427091	39281	80	1892655	573799	0.023	0.007	957412	1174692	99468	796433	752473	901967	75224	586328	204939	272725	24244	210105	2466453	0	1	1853473	573618	39107	174	74	6	1892654	573799
2021-01-31	2523322	56869	25752	31117	2483579	39657	85	1918407	604916	0.023	0.007	982865	1196922	101575	812430	766590	910861	76411	592657	216275	286061	25164	219773	2523322	0	1	1878853	604726	39475	182	78	7	1918406	604916
2021-02-01	2642850	119528	57967	61561	2600847	41866	136	1976374	666477	0.024	0.008	1026174	1260299	105285	839830	787193	944041	78273	602425	238981	316258	27012	237405	2642850	0	1	1934562	666285	41682	184	129	7	1976373	666477
2021-02-02	2774859	132009	64790	67219	2729782	44927	149	2041164	733696	0.025	0.009	1069633	1330364	110479	870030	806216	982089	80866	611659	263417	348275	29613	258371	2774859	0	1	1996279	733503	44742	185	142	7	2041163	733696
2021-02-03	2935886	161027	63529	97498	2884454	51255	175	2104694	831194	0.025	0.010	1128983	1407775	116405	912544	829819	1014401	83062	623312	299164	393374	33343	289232	2935886	0	2	2053460	830994	51064	191	168	7	2104692	831194
2021-02-04	3069007	133121	61193	71928	3011737	57088	180	2165887	903122	0.026	0.011	1177986	1472437	120972	943857	851937	1046473	85311	632945	326049	425964	35661	310912	3069007	0	2	2108818	902919	56894	194	173	7	2165885	903122
2021-02-05	3215523	146516	68900	77616	3151796	63537	188	2234787	980738	0.027	0.012	1232524	1542580	126293	977786	877231	1080338	86905	644262	355293	462242	39388	333524	3215523	0	2	2171396	980400	63209	328	180	8	2234785	980738
2021-02-06	3309187	93664	45374	48290	3242833	66163	189	2280161	1029028	0.027	0.012	1272514	1588658	130853	1003590	896490	1101898	88782	653957	376024	486760	42071	349633	3309187	0	2	2214143	1028690	65835	328	181	8	2280159	1029028
2021-02-07	3362489	53302	28251	25051	3293807	68489	191	2308412	1054079	0.028	0.013	1298155	1609930	133571	1016823	910800	1112720	90015	659435	387355	497210	43556	357388	3362489	0	2	2240067	1053740	68160	329	183	8	2308410	1054079
2021-02-08	3471335	108846	52866	55980	3398804	72311	218	2361278	1110059	0.028	0.013	1350672	1655734	137545	1035599	942269	1129343	91902	666781	408403	526391	45643	368818	3471335	0	2	2289086	1109718	71980	331	210	8	2361276	1110059
2021-02-09	3605381	134046	60196	73850	3529303	75745	331	2421474	1183909	0.029	0.014	1411842	1714380	141993	1058512	978151	1147503	94639	674792	433691	566877	47354	383720	3605381	0	2	2345925	1183378	75224	521	323	8	2421472	1183909
2021-02-10	3759546	154165	77319	76846	3670900	79980	8664	2498793	1260755	0.030	0.015	1478760	1781046	146001	1087933	1017461	1175177	96286	685176	461299	605869	49715	402757	3759546	0	2	2411669	1259231	78478	1502	8644	20	2498791	1260755
2021-02-11	3903253	143707	75205	68502	3791023	87247	24979	2574000	1329257	0.031	0.016	1539776	1848576	151475	1113070	1052428	1208053	98713	694775	487348	640523	52762	418295	3903253	0	4	2466338	1324685	82713	4534	24945	34	2573996	1329257
2021-02-12	4058334	155081	79515	75566	3922580	96545	39202	2653518	1404823	0.032	0.017	1611268	1919253	157751	1138545	1094198	1240389	101429	704318	517070	678864	56322	434227	4058334	0	7	2527381	1395199	87285	9260	38845	357	2653511	1404823
2021-02-13	4165700	107366	61922	45444	4013340	99802	52550	2715441	1450267	0.033	0.017	1667599	1960972	162355	1156080	1129093	1262877	103231	711418	538506	698095	59124	444662	4165700	0	8	2574250	1439090	88997	10805	52186	364	2715433	1450267
2021-02-14	4230907	65207	39494	25713	4068828	102276	59794	2754936	1475980	0.033	0.018	1706122	1983696	163973	1164146	1153761	1276081	104081	714928	552361	707615	59892	449218	4230907	0	9	2605251	1463577	90267	12009	59409	385	2754927	1475980
2021-02-15	4356171	125264	69523	55741	4173407	107505	75249	2824460	1531721	0.034	0.018	1773591	2031897	168008	1183418	1194859	1300739	106358	721524	578732	731158	61650	461894	4356171	0	10	2657064	1516343	92539	14966	74847	402	2824450	1531721
2021-02-16	4490274	134103	77753	56350	4281800	113624	94839	2902214	1588071	0.035	0.019	1839625	2089928	170683	1200400	1236633	1336138	107879	728440	602992	753790	62804	471960	4490274	0	11	2712514	1569286	95264	18360	94425	414	2902203	1588071
2021-02-17	4641035	150761	94459	56302	4403807	121622	115594	2996674	1644373	0.036	0.020	1920033	2147919	175770	1221928	1292995	1368705	110873	736858	627038	779214	64897	485070	4641035	0	12	2781418	1622389	100077	21545	115167	427	2996662	1644373
2021-02-18	4785285	144250	91261	52989	4515996	129846	139430	3087936	1697362	0.037	0.020	1995907	2206102	179208	1240945	1345328	1403985	112659	744258	650579	802117	66549	496687	4785285	0	13	2844165	1671831	104759	25087	138999	431	3087923	1697362
2021-02-19	4943610	158325	102771	55554	4636945	139807	166844	3190708	1752916	0.038	0.021	2076668	2266444	184080	1258305	1402958	1440066	115287	750941	673710	826378	68793	507364	4943610	0	14	2912677	1724268	111710	28097	166307	537	3190694	1752916
2021-02-20	5055674	112064	75796	36268	4723322	144271	188066	3266505	1789184	0.039	0.022	2138268	2310157	187738	1272296	1445964	1469322	117533	755178	692304	840835	70205	517118	5055674	0	15	2963229	1760093	115742	28529	187519	547	3266490	1789184
2021-02-21	5141473	85799	57419	28380	4789831	147912	203714	3323925	1817564	0.040	0.022	2187054	2340674	190304	1282667	1479917	1489494	118664	757407	707137	851180	71640	525260	5141473	0	16	3001524	1788307	119224	28688	203161	553	3323909	1817564
2021-02-22	5296804	155331	97580	57751	4912553	156906	227328	3421506	1875315	0.041	0.023	2266701	2410287	195201	1300517	1538362	1525084	121627	763642	728339	885203	73574	536875	5296804	0	17	3068276	1844277	126450	30456	226763	565	3421489	1875315
2021-02-23	5466447	169643	109160	60483	5046142	164115	256172	3530667	1935798	0.042	0.023	2346910	2483166	200501	1318387	1598211	1563793	124757	771284	748699	919373	75744	547103	5466447	0	18	3143053	1903089	132001	32114	255595	577	3530649	1935798
2021-02-24	5642097	175650	116510	59140	5177527	171726	292825	3647178	1994938	0.044	0.024	2431789	2557990	207079	1337422	1660503	1608669	128907	778912	771286	949321	78172	558510	5642097	0	19	3217003	1960524	137926	33800	292230	595	3647159	1994938
2021-02-25	5830825	188728	129754	58974	5308649	178485	343672	3776932	2053912	0.045	0.025	2514175	2648479	213515	1355541	1722988	1667176	133470	787131	791187	981303	80045	568410	5830825	0	19	3290693	2017956	143156	35329	343064	608	3776913	2053912
2021-02-26	6043129	212304	145465	66839	5449319	187317	406474	3922397	2120751	0.047	0.025	2602819	2749814	220591	1375230	1787946	1735795	138593	794627	814873	1014019	81998	580603	6043129	0	19	3366214	2083105	150372	36945	405792	682	3922378	2120751
2021-02-27	6190850	147721	107827	39894	5541976	191399	457456	4030224	2160645	0.048	0.026	2666475	2822116	227301	1388101	1833818	1790224	143432	799030	832657	1031892	83869	589071	6190850	0	19	3419717	2122259	153722	37677	456766	690	4030205	2160645
2021-02-28	6293683	102833	78769	24064	5603253	195353	495057	4108994	2184709	0.049	0.026	2714700	2875405	231582	1394762	1868893	1834535	146785	801170	845807	1040870	84797	593592	6293683	0	20	3457302	2145951	157324	38029	494348	709	4108974	2184709
2021-03-01	6491784	198101	148278	49823	5733400	204977	553387	4257272	2234532	0.051	0.027	2817221	2953369	239381	1408021	1943445	1896228	153263	806209	873776	1057141	86118	601812	6491784	0	20	3539664	2193736	164926	40051	552662	725	4257252	2234532
2021-03-02	6710357	218573	166474	52099	5873162	214966	622209	4423746	2286631	0.053	0.027	2927307	3047588	248982	1422628	2022735	1971725	160632	812692	904572	1075863	88350	609936	6710357	0	20	3630223	2242939	172041	42925	621462	747	4423726	2286631
2021-03-03	6956553	246196	175774	70422	6030066	229915	696552	4599520	2357053	0.055	0.028	3047976	3148969	260606	1439862	2105531	2048823	170041	819606	942445	1100146	90565	620256	6956553	0	20	3722656	2307410	181114	48801	695730	822	4599500	2357053
2021-03-04	7201002	244449	181628	62821	6171086	244383	785513	4781148	2419874	0.057	0.029	3159240	3258741	272992	1455625	2181653	2136963	180034	825002	977587	1121778	92958	630623	7201002	0	20	3806293	2364793	190187	54196	784648	865	4781128	2419874
2021-03-05	7476648	275646	207104	68542	6320562	257748	898317	4988253	2488416	0.060	0.030	3277185	3383782	287941	1471072	2258903	2242620	191990	830697	1018282	1141162	95951	640375	7476648	0	21	3893237	2427325	197592	60156	897403	914	4988232	2488416
2021-03-06	7678329	201681	153033	48648	6429785	266188	982335	5141286	2537064	0.062	0.031	3366696	3478463	298371	1480590	2314602	2325555	200824	833966	1052094	1152908	97547	646624	7678329	0	21	3956071	2473714	203794	62394	981400	935	5141265	2537064
2021-03-07	7825863	147534	114048	33486	6509527	272843	1043472	5255334	2570550	0.063	0.031	3437978	3544531	306478	1486155	2360956	2383880	208082	835928	1077022	1160651	98396	650227	7825863	0	21	4004683	2504844	208113	64730	1042517	955	5255313	2570550
2021-03-08	8063313	237450	185857	51593	6643434	283798	1136060	5441191	2622143	0.065	0.032	3556806	3640371	322827	1498475	2442587	2468035	222757	841890	1114219	1172336	100070	656585	8063313	0	21	4090401	2553033	215705	68093	1135064	996	5441170	2622143
2021-03-09	8315528	252215	197364	54851	6783537	296583	1235387	5638555	2676994	0.068	0.032	3677710	3742787	340236	1512022	2524321	2558568	238262	848791	1153389	1184219	101974	663231	8315528	0	21	4179191	2604346	225017	71566	1234326	1061	5638534	2676994
2021-03-10	8603822	288294	221255	67039	6942592	308761	1352447	5859811	2744033	0.070	0.033	3808598	3856306	360962	1530389	2606688	2661880	256906	860000	1201910	1194426	104056	670389	8602851	971	22	4274820	2667772	233636	75125	1351333	1114	5859789	2744033
2021-03-11	8888055	284233	223342	60891	7090221	322479	1475333	6083153	2804924	0.073	0.034	3937470	3976178	382106	1544008	2689957	2769533	276555	867677	1247513	1206645	105551	676331	8886429	1626	22	4365963	2724258	243006	79473	1474162	1171	6083131	2804924
2021-03-12	9214522	326467	255608	70859	7241801	339773	1632926	6338761	2875783	0.076	0.035	4071484	4127850	404783	1559463	2770420	2906954	297406	877132	1301064	1220896	107377	682331	9212686	1836	22	4451479	2790322	255707	84066	1631553	1373	6338739	2875783
2021-03-13	9455115	240593	190313	50280	7357815	349342	1747936	6529074	2926063	0.079	0.035	4181046	4240796	425293	1567511	2840453	3011727	316755	881879	1340593	1229069	108538	685632	9453123	1992	22	4518666	2839149	263935	85407	1746451	1485	6529052	2926063
2021-03-14	9625159	170044	134379	35665	7445864	354854	1824419	6663453	2961728	0.080	0.036	4266043	4307307	441408	1570975	2896461	3072888	331859	883676	1369582	1234419	109549	687299	9623157	2002	22	4572046	2873818	268472	86382	1822913	1506	6663431	2961728
2021-03-15	9872811	247652	188428	59224	7598615	367592	1906582	6851881	3020952	0.082	0.036	4400463	4391447	461474	1582289	2984151	3147219	350790	890548	1416312	1244228	110684	691741	9870526	2285	22	4667362	2931253	279510	88082	1904987	1595	6851859	3020952
2021-03-16	10051713	178902	110738	68164	7765250	378844	1907597	6962619	3089116	0.084	0.037	4527474	4426082	473886	1593025	3059300	3169255	361553	895647	1468174	1256827	112333	697378	10048881	2832	22	4768322	2996928	288277	90567	1905998	1599	6962597	3089116
2021-03-17	10256674	204961	124036	80925	7951482	396831	1908339	7086655	3170041	0.085	0.038	4672447	4463838	487350	1605072	3141952	3193652	373040	902175	1530495	1270186	114310	702897	10253225	3449	22	4878441	3073041	301457	95374	1906735	1604	7086633	3170041
2021-03-18	10450162	193488	117911	75577	8125652	414991	1909497	7204566	3245618	0.087	0.039	4812398	4498757	499905	1615322	3222615	3215628	383588	907340	1589783	1283129	116317	707982	10446290	3872	22	4982235	3143417	314417	100574	1907892	1605	7204544	3245618
2021-03-19	10694855	244693	160538	84155	8311018	435780	1948035	7365104	3329773	0.089	0.040	4961948	4563922	518114	1627194	3306761	3267408	399605	914537	1655187	1296514	118509	712657	10690452	4403	22	5090310	3220708	328399	107381	1946373	1662	7365082	3329773
2021-03-20	10915110	220255	166991	53264	8446392	451075	2017621	7532095	3383037	0.091	0.041	5078536	4641917	537715	1633319	3379545	3337212	417708	917920	1698991	1304705	120007	715399	10910383	4727	22	5176284	3270108	339860	111215	2015929	1692	7532073	3383037
2021-03-21	11079602	164492	126302	38190	8548567	460265	2070748	7658397	3421227	0.092	0.041	5171749	4694283	554274	1635819	3440184	3384099	433219	919244	1731565	1310184	121055	716575	11074875	4727	22	5243539	3305028	345806	114459	2069030	1718	7658375	3421227
2021-03-22	11348748	269146	192756	76390	8714971	484054	2149701	7851153	3497617	0.094	0.042	5329624	4766248	576579	1645397	3534739	3445389	453483	925279	1794885	1320859	123096	720118	11342493	6255	22	5341007	3373964	362195	121859	2147929	1772	7851131	3497617
2021-03-23	11649460	300712	216872	83840	8896424	503766	2249248	8068025	3581457	0.097	0.043	5490190	4854892	604288	1656865	3629814	3521119	478432	932910	1860376	1333773	125856	723955	11638217	11243	22	5443648	3452776	376935	126831	2247420	1828	8068003	3581457
2021-03-24	11988483	339023	249415	89608	9096572	536793	2355096	8317440	3671065	0.100	0.044	5664852	4952071	635971	1672375	3732242	3605792	507202	944863	1932610	1346279	128769	727512	11971448	17035	22	5559570	3537002	404656	132137	2353192	1904	8317418	3671065
2021-03-25	12321119	332636	251486	81150	9282076	564465	2474556	8568926	3752215	0.103	0.045	5830941	5060081	670798	1683452	3832663	3703768	539527	951994	1998278	1356313	131271	731458	12298139	22980	22	5669606	3612470	426757	137708	2472541	2015	8568904	3752215
2021-03-26	12694879	373760	285357	88403	9481627	601630	2611600	8854283	3840618	0.106	0.046	6003833	5184282	710463	1698535	3933360	3816071	576057	962322	2070473	1368211	134406	736213	12665585	29294	22	5787550	3694077	457218	144412	2609493	2107	8854261	3840618
2021-03-27	12976098	281219	218884	62335	9631188	629247	2715640	9073168	3902953	0.109	0.047	6147056	5279869	744190	1703356	4023632	3903670	607441	965464	2123424	1376199	136749	737892	12944454	31644	23	5877943	3753245	481725	147522	2713477	2163	9073145	3902953
2021-03-28	13172486	196388	143124	53264	9746535	647751	2778177	9216292	3956217	0.111	0.048	6253046	5333384	768116	1706823	4085867	3950861	629648	967502	2167179	1382523	138468	739321	13140651	31835	23	5943351	3803184	496955	150796	2775963	2214	9216269	3956217
2021-03-29	13478068	305582	216983	88599	9935269	672727	2870049	9433275	4044816	0.113	0.049	6418833	5404751	806706	1716518	4180272	4010842	665103	973637	2238561	1393909	141603	742881	13440285	37783	23	6050349	3884920	515129	157598	2867774	2275	9433252	4044816
2021-03-30	13807081	329013	236416	92597	10153947	697142	2955969	9669691	4137413	0.116	0.050	6591913	5474211	853024	1727240	4280843	4069380	706095	981320	2311070	1404831	146929	745920	13757162	49919	23	6182947	3971000	533087	164055	2953634	2335	9669668	4137413
2021-03-31	14143283	336202	234697	101505	10401432	733187	3008641	9904388	4238918	0.119	0.051	6774517	5538855	899988	1738789	4384637	4121392	747318	988525	2389880	1417463	152670	750264	14077049	66234	23	6336928	4064504	561166	172021	3006271	2370	9904365	4238918
2021-04-01	14469905	326622	235919	90703	10640309	765638	3063935	10140307	4329621	0.122	0.052	6936269	5606629	944397	1747554	4476928	4175958	787230	994147	2459341	1430671	157167	753407	14383592	86313	23	6493041	4147268	585720	179918	3061523	2412	10140284	4329621
2021-04-02	14695601	225696	157713	67983	10819843	780026	3095709	10298020	4397604	0.124	0.053	7067172	5654574	981393	1749910	4552089	4213818	820223	995356	2515083	1440756	161170	754554	14607764	87837	23	6608960	4210883	595767	184259	3093270	2439	10297997	4397604
2021-04-03	14927415	231814	167453	64361	10993972	795825	3137595	10465473	4461965	0.126	0.054	7198861	5698683	1018737	1753036	4633025	4248782	853330	997097	2565836	1449901	165407	755939	14838179	89236	23	6723613	4270359	606719	189106	3135118	2477	10465450	4461965
2021-04-04	15120346	192931	142564	50367	11126170	805886	3188267	10608037	4512332	0.128	0.054	7309766	5731715	1048001	1754173	4704262	4274251	879171	997551	2605504	1457464	168830	756622	15030974	89372	23	6809377	4316793	612890	192996	3185747	2520	10608014	4512332
2021-04-05	15368142	247796	177613	70183	11291128	823752	3253239	10785650	4582515	0.130	0.055	7456036	5770066	1081529	1756372	4794323	4302940	907924	998846	2661713	1467126	173605	757526	15277460	90682	23	6908963	4382165	625976	197776	3250688	2551	10785627	4582515
2021-04-06	15741862	373720	279016	94704	11546076	855968	3339793	11064668	4677219	0.133	0.056	7644926	5826686	1124640	1761928	4910112	4346229	944820	1001588	2734814	1480457	179820	760340	15614553	127309	25	7077970	4468106	649499	206469	3337174	2619	11064643	4677219
2021-04-07	16409822	667960	571593	96367	12088178	893000	3428619	11636261	4773586	0.140	0.057	7644926	5826686	1124640	1761928	4910112	4346229	944820	1001588	2734814	1480457	179820	760340	15976849	432973	25	7532392	4555786	677927	215073	3425917	2702	11636236	4773586
2021-04-08	17108427	698605	610942	87663	12659484	928631	3520287	12247203	4861249	0.147	0.058	7644926	5826686	1124640	1761928	4910112	4346229	944820	1001588	2734814	1480457	179820	760340	16350576	757851	25	8025089	4634395	704585	224046	3517504	2783	12247178	4861249
2021-04-09	17740045	631618	542724	88894	13149510	965198	3625312	12789927	4950143	0.154	0.060	7644926	5826686	1124640	1761928	4910112	4346229	944820	1001588	2734814	1480457	179820	760340	16742691	997354	25	8437739	4711771	729716	235482	3622447	2865	12789902	4950143
2021-04-10	18112623	372578	307526	65052	13398000	988419	3726179	13097453	5015195	0.157	0.060	7644926	5826686	1124640	1761928	4910112	4346229	944820	1001588	2734814	1480457	179820	760340	17082223	1030400	25	8628921	4769079	745256	243163	3723251	2928	13097428	5015195
2021-04-11	18376532	263909	213589	50320	13568368	1007084	3801055	13311042	5065515	0.160	0.061	7644926	5826686	1124640	1761928	4910112	4346229	944820	1001588	2734814	1480457	179820	760340	17341053	1035479	25	8752992	4815376	759974	247110	3798051	3004	13311017	5065515
2021-04-12	18795062	418530	342156	76374	13847231	1036269	3911536	13653199	5141889	0.164	0.062	7644926	5826686	1124640	1761928	4910112	4346229	944820	1001588	2734814	1480457	179820	760340	17711076	1083986	26	8964007	4883224	780687	255582	3908479	3057	13653173	5141889
2021-04-13	19371858	576796	503128	73668	14279499	1063488	4028845	14156327	5215557	0.170	0.063	7644926	5826686	1124640	1761928	4910112	4346229	944820	1001588	2734814	1480457	179820	760340	18091742	1280116	26	9328242	4951257	802465	261023	4025594	3251	14156301	5215557
2021-04-14	20146758	774900	691735	83165	14895933	1097025	4153774	14848062	5298722	0.179	0.064	7644926	5826686	1124640	1761928	4910112	4346229	944820	1001588	2734814	1480457	179820	760340	18492845	1653913	26	9870573	5025360	827498	269527	4149965	3809	14848036	5298722
2021-04-15	20826889	680131	609935	70196	15429881	1133231	4263750	15457998	5368918	0.186	0.065	7644926	5826686	1124640	1761928	4910112	4346229	944820	1001588	2734814	1480457	179820	760340	18877347	1949542	27	10343883	5085998	855091	278140	4258997	4753	15457971	5368918
2021-04-16	21423417	596528	522344	74184	15867995	1165829	4389566	15980342	5443102	0.192	0.065	7644926	5826686	1124640	1761928	4910112	4346229	944820	1001588	2734814	1480457	179820	760340	19279036	2144381	27	10717047	5150948	879259	286570	4384009	5557	15980315	5443102
2021-04-17	21789402	365985	309378	56607	16092873	1188511	4507991	16289720	5499709	0.196	0.066	7644926	5826686	1124640	1761928	4910112	4346229	944820	1001588	2734814	1480457	179820	760340	19623217	2166185	27	10893935	5198938	894808	293703	4500950	7041	16289693	5499709
2021-04-18	22058825	269423	230426	38997	16264913	1203894	4589991	16520146	5538706	0.199	0.067	7644926	5826686	1124640	1761928	4910112	4346229	944820	1001588	2734814	1480457	179820	760340	19888029	2170796	27	11032037	5232876	906299	297595	4581783	8208	16520119	5538706
2021-04-19	22461080	402255	340867	61388	16558728	1236814	4665510	16861014	5600094	0.203	0.067	7644926	5826686	1124640	1761928	4910112	4346229	944820	1001588	2734814	1480457	179820	760340	20245953	2215127	28	11273699	5285029	931302	305512	4655985	9525	16860986	5600094
2021-04-20	23021782	560702	498034	62668	16940661	1276031	4805062	17359048	5662762	0.209	0.068	7644926	5826686	1124640	1761928	4910112	4346229	944820	1001588	2734814	1480457	179820	760340	20612204	2409578	28	11601638	5339023	963924	312107	4793458	11604	17359020	5662762
2021-04-21	23742608	720826	647784	73042	17394894	1317726	5029960	18006832	5735804	0.217	0.069	7644926	5826686	1124640	1761928	4910112	4346229	944820	1001588	2734814	1480457	179820	760340	20993882	2748726	28	11993337	5401557	997561	320165	5015906	14054	18006804	5735804
2021-04-22	24381063	638455	571317	67138	17776614	1361377	5243044	18578149	5802942	0.223	0.070	7644926	5826686	1124640	1761928	4910112	4346229	944820	1001588	2734814	1480457	179820	760340	21365078	3015985	28	12319175	5457439	1033580	327797	5225366	17678	18578121	5802942
2021-04-23	24937229	556166	487300	68866	18129886	1404915	5402400	19065449	5871808	0.229	0.071	7644926	5826686	1124640	1761928	4910112	4346229	944820	1001588	2734814	1480457	179820	760340	21753049	3184180	28	12617614	5512272	1066635	338280	5381172	21228	19065421	5871808
2021-04-24	25302762	365533	306586	58947	18364860	1454255	5483619	19372035	5930755	0.233	0.071	7644926	5826686	1124640	1761928	4910112	4346229	944820	1001588	2734814	1480457	179820	760340	22101671	3201091	28	12811370	5553490	1100601	353654	5460036	23583	19372007	5930755
2021-04-25	25585626	282864	233821	49043	18552624	1487930	5545044	19605856	5979798	0.236	0.072	7644926	5826686	1124640	1761928	4910112	4346229	944820	1001588	2734814	1480457	179820	760340	22378721	3206905	28	12961737	5590887	1124412	363518	5519679	25365	19605828	5979798
2021-04-26	26018514	432888	358928	73960	18870516	1530400	5617501	19964853	6053758	0.240	0.073	7644926	5826686	1124640	1761928	4910112	4346229	944820	1001588	2734814	1480457	179820	760340	22725017	3293497	97	13218118	5652398	1158492	371908	5588146	29355	19964756	6053758
2021-04-27	26803827	785313	693414	91899	19547216	1581894	5674159	20658728	6145657	0.248	0.074	7644926	5826686	1124640	1761928	4910112	4346229	944820	1001588	2734814	1480457	179820	760340	23095450	3708377	558	13816975	5730241	1200863	381031	5640332	33827	20658170	6145657
2021-04-28	27926791	1122964	996012	126952	20555437	1642606	5727473	21655457	6272609	0.260	0.075	7644926	5826686	1124640	1761928	4910112	4346229	944820	1001588	2734814	1480457	179820	760340	23489331	4437460	1275	14716614	5838823	1249040	393566	5688528	38945	21654182	6272609
2021-04-29	28872715	945924	812514	133410	21379718	1706214	5784628	22468851	6406019	0.270	0.077	7644926	5826686	1124640	1761928	4910112	4346229	944820	1001588	2734814	1480457	179820	760340	23877187	4995528	2155	15428644	5951074	1300265	405949	5737787	46841	22466696	6406019
2021-04-30	29676328	803613	666594	137019	22058112	1763469	5851759	23136278	6543038	0.278	0.079	7644926	5826686	1124640	1761928	4910112	4346229	944820	1001588	2734814	1480457	179820	760340	24280954	5395374	2988	15995484	6062628	1342276	421193	5795530	56229	23133290	6543038
2021-05-01	30012602	336274	260024	76250	22310940	1804958	5891142	23398876	6619288	0.281	0.080	7644926	5826686	1124640	1761928	4910112	4346229	944820	1001588	2734814	1480457	179820	760340	24592578	5420024	5562	16187061	6123879	1377359	427599	5828894	62248	23393314	6619288
2021-05-02	30277594	264992	197611	67381	22506520	1842469	5921235	23598295	6686669	0.284	0.080	7644926	5826686	1124640	1761928	4910112	4346229	944820	1001588	2734814	1480457	179820	760340	24849915	5427679	7370	16326898	6179622	1409619	432850	5854408	66827	23590925	6686669
2021-05-03	30729256	451662	335310	116352	22824400	1913053	5982847	23935191	6803021	0.288	0.082	7644926	5826686	1124640	1761928	4910112	4346229	944820	1001588	2734814	1480457	179820	760340	25207717	5521539	8956	16553808	6270592	1467007	446046	5905420	77427	23926235	6803021
2021-05-04	31571872	842616	680909	161707	23450695	1976195	6133066	24619060	6964728	0.296	0.084	7644926	5826686	1124640	1761928	4910112	4346229	944820	1001588	2734814	1480457	179820	760340	25583081	5988791	11916	17048299	6402396	1516911	459284	6041934	91132	24607144	6964728
2021-05-05	32718593	1146721	914749	231972	24301597	2055163	6345447	25538279	7196700	0.307	0.087	7644926	5826686	1124640	1761928	4910112	4346229	944820	1001588	2734814	1480457	179820	760340	26003838	6714755	16386	17714110	6587487	1570372	484791	6237411	108036	25521893	7196700
2021-05-06	33708786	990193	767033	223160	24994167	2147151	6546888	26309506	7419860	0.316	0.089	7644926	5826686	1124640	1761928	4910112	4346229	944820	1001588	2734814	1480457	179820	760340	26418920	7289866	20580	18229555	6764612	1639971	507180	6419400	127488	26288926	7419860
2021-05-07	34598628	889842	651863	237979	25581139	2233843	6759213	26965222	7657839	0.324	0.092	7644926	5826686	1124640	1761928	4910112	4346229	944820	1001588	2734814	1480457	179820	760340	26864746	7733882	24433	18642615	6938524	1695698	538145	6602476	156737	26940789	7657839
2021-05-08	35024355	425727	271653	154074	25848794	2305621	6843790	27238592	7811913	0.328	0.094	7644926	5826686	1124640	1761928	4910112	4346229	944820	1001588	2734814	1480457	179820	760340	27229982	7794373	26150	18797377	7051417	1747642	557979	6667423	176367	27212442	7811913
2021-05-09	35310477	286122	183570	102552	26042683	2362171	6878407	27423228	7914465	0.330	0.095	7644926	5826686	1124640	1761928	4910112	4346229	944820	1001588	2734814	1480457	179820	760340	27505069	7805408	27216	18912000	7130683	1793396	568775	6690616	187791	27396012	7914465
2021-05-10	35899661	589184	395675	193509	26415834	2443870	7009012	27822632	8107974	0.335	0.097	7644926	5826686	1124640	1761928	4910112	4346229	944820	1001588	2734814	1480457	179820	760340	27905355	7994306	30945	19143389	7272445	1852928	590942	6795370	213642	27791687	8107974
2021-05-11	36985411	1085750	797910	287840	27241752	2523756	7185324	28624176	8395814	0.344	0.101	7644926	5826686	1124640	1761928	4910112	4346229	944820	1001588	2734814	1480457	179820	760340	28337410	8648001	34579	19736410	7505342	1910645	613111	6942542	242782	28589597	8395814
2021-05-12	38401080	1415669	1049208	366461	28334987	2615406	7410525	29678967	8762275	0.357	0.105	7644926	5826686	1124640	1761928	4910112	4346229	944820	1001588	2734814	1480457	179820	760340	28797096	9603984	40162	20533257	7801730	1971770	643636	7133778	276747	29638805	8762275
2021-05-13	38830310	429230	268391	160839	28650314	2682175	7455012	29950005	8923114	0.360	0.107	7644926	5826686	1124640	1761928	4910112	4346229	944820	1001588	2734814	1480457	179820	760340	29152847	9677463	42809	20720814	7929500	2023331	658844	7163051	291961	29907196	8923114
2021-05-14	39586716	756406	525936	230470	29195510	2747084	7593518	30483736	9153584	0.367	0.110	7644926	5826686	1124640	1761928	4910112	4346229	944820	1001588	2734814	1480457	179820	760340	29557916	10028800	50604	21085446	8110064	2073065	674019	7274621	318897	30433132	9153584
2021-05-15	39986743	400027	234511	165516	29474536	2807381	7649942	30722527	9319100	0.369	0.112	7644926	5826686	1124640	1761928	4910112	4346229	944820	1001588	2734814	1480457	179820	760340	29910277	10076466	54884	21242122	8232414	2117012	690369	7308509	341433	30667643	9319100
2021-05-16	40269309	282566	160592	121974	29674715	2860120	7674864	30887845	9441074	0.371	0.114	7644926	5826686	1124640	1761928	4910112	4346229	944820	1001588	2734814	1480457	179820	760340	30176838	10092471	59610	21348553	8326162	2159867	700253	7319815	355049	30828235	9441074
2021-05-17	40824578	555269	349253	206016	30013075	2945796	7796339	31246856	9647090	0.376	0.116	7644926	5826686	1124640	1761928	4910112	4346229	944820	1001588	2734814	1480457	179820	760340	30562789	10261789	69368	21541425	8471650	2221129	724667	7414934	381405	31177488	9647090
2021-05-18	41696535	871957	517320	354637	30602681	3046891	7969823	31771948	10001727	0.382	0.120	7644926	5826686	1124640	1761928	4910112	4346229	944820	1001588	2734814	1480457	179820	760340	30979742	10716793	77140	21840805	8761876	2293638	753253	7560365	409458	31694808	10001727
2021-05-19	42794099	1097564	563561	534003	31406756	3146977	8151108	32347627	10535730	0.389	0.127	7644926	5826686	1124640	1761928	4910112	4346229	944820	1001588	2734814	1480457	179820	760340	31397528	11396571	89258	22184800	9221956	2359879	787098	7713690	437418	32258369	10535730
2021-05-20	43741133	947034	455531	491503	32089890	3243451	8307692	32814000	11027233	0.395	0.133	7644926	5826686	1124640	1761928	4910112	4346229	944820	1001588	2734814	1480457	179820	760340	31813619	11927514	100100	22445718	9644172	2425392	818059	7842790	464902	32713900	11027233
2021-05-21	44591803	850670	405855	444815	32685791	3329118	8464972	33231677	11472048	0.400	0.138	7644926	5826686	1124640	1761928	4910112	4346229	944820	1001588	2734814	1480457	179820	760340	32241569	12350234	111922	22668200	10017591	2481766	847352	7969789	495183	33119755	11472048
2021-05-22	45065570	473767	214785	258982	32991909	3398618	8548843	33460740	11731030	0.402	0.141	7644926	5826686	1124640	1761928	4910112	4346229	944820	1001588	2734814	1480457	179820	760340	32586406	12479164	126200	22766591	10225318	2530071	868547	8037878	510965	33334540	11731030
2021-05-23	45350650	285080	124717	160363	33184834	3458006	8572746	33594321	11891393	0.404	0.143	7644926	5826686	1124640	1761928	4910112	4346229	944820	1001588	2734814	1480457	179820	760340	32853365	12497285	135064	22832216	10352618	2574368	883638	8052673	520073	33459257	11891393
2021-05-24	45676608	325958	141114	184844	33420539	3519556	8593407	33743477	12076237	0.406	0.145	7644926	5826686	1124640	1761928	4910112	4346229	944820	1001588	2734814	1480457	179820	760340	33163798	12512810	143106	22914808	10505731	2620921	898635	8064642	528765	33600371	12076237
2021-05-25	46332030	655422	272056	383366	33867168	3599227	8697418	34040644	12459603	0.409	0.150	7644926	5826686	1124640	1761928	4910112	4346229	944820	1001588	2734814	1480457	179820	760340	33560277	12771753	168217	23056511	10810657	2672367	926860	8143549	553869	33872427	12459603
2021-05-26	47511591	1179561	469472	710089	34752049	3681622	8831488	34588331	13169692	0.416	0.158	7644926	5826686	1124640	1761928	4910112	4346229	944820	1001588	2734814	1480457	179820	760340	33976423	13535168	246432	23371319	11380730	2724952	956670	8245628	585860	34341899	13169692
2021-05-27	48552164	1040573	404053	636520	35491051	3770508	8963057	35073500	13806212	0.422	0.166	7644926	5826686	1124640	1761928	4910112	4346229	944820	1001588	2734814	1480457	179820	760340	34395159	14157005	327548	23629117	11861934	2776572	993936	8340263	622794	34745952	13806212
2021-05-28	49455241	903077	356118	546959	36093925	3856568	9093454	35513364	14353171	0.427	0.173	7644926	5826686	1124640	1761928	4910112	4346229	944820	1001588	2734814	1480457	179820	760340	34830275	14624966	411294	23845812	12248113	2827084	1029484	8429174	664280	35102070	14353171
2021-05-29	49865295	410054	151634	258420	36355714	3919106	9151394	35692785	14611591	0.429	0.176	7644926	5826686	1124640	1761928	4910112	4346229	944820	1001588	2734814	1480457	179820	760340	35165920	14699375	439081	23925607	12430107	2863929	1055177	8464168	687226	35253704	14611591
2021-05-30	50148741	283446	97693	185753	36552779	3966110	9179744	35801505	14797344	0.430	0.178	7644926	5826686	1124640	1761928	4910112	4346229	944820	1001588	2734814	1480457	179820	760340	35427548	14721193	450108	23984804	12567975	2891267	1074843	8475326	704418	35351397	14797344
2021-05-31	50695005	546264	178180	368084	36919841	4033338	9249248	36022155	15165428	0.433	0.182	7644926	5826686	1124640	1761928	4910112	4346229	944820	1001588	2734814	1480457	179820	760340	35816043	14878962	492578	24096438	12823403	2918927	1114411	8514212	735036	35529577	15165428
2021-06-01	51682392	987387	399698	587689	37652920	4112753	9339642	36506352	15753117	0.439	0.189	7644926	5826686	1124640	1761928	4910112	4346229	944820	1001588	2734814	1480457	179820	760340	36212957	15469435	577077	24412416	13240504	2948570	1164183	8568289	771353	35929275	15753117
2021-06-02	52928934	1246542	516628	729914	38641388	4184984	9421813	37126652	16483031	0.446	0.198	7644926	5826686	1124640	1761928	4910112	4346229	944820	1001588	2734814	1480457	179820	760340	36619221	16309713	680749	24861682	13779706	2972994	1211990	8611227	810586	36445903	16483031
2021-06-03	53571413	642479	230330	412149	39116145	4249291	9472025	37410185	16895180	0.450	0.203	7644926	5826686	1124640	1761928	4910112	4346229	944820	1001588	2734814	1480457	179820	760340	36982287	16589126	733952	25041455	14074690	3002696	1246595	8632082	839943	36676233	16895180
2021-06-04	54381597	810184	291011	519173	39701044	4320517	9548868	37778412	17414353	0.454	0.209	7644926	5826686	1124640	1761928	4910112	4346229	944820	1001588	2734814	1480457	179820	760340	37389983	16991614	811168	25269325	14431719	3031384	1289133	8666535	882333	36967244	17414353
2021-06-05	54794314	412717	96227	316490	39972089	4387431	9593015	37905250	17730843	0.456	0.213	7644926	5826686	1124640	1761928	4910112	4346229	944820	1001588	2734814	1480457	179820	760340	37739156	17055158	841779	25328395	14643694	3057667	1329764	8677409	915606	37063471	17730843
2021-06-06	55086474	292160	59364	232796	40177780	4428422	9620251	37982856	17963639	0.457	0.216	7644926	5826686	1124640	1761928	4910112	4346229	944820	1001588	2734814	1480457	179820	760340	38001607	17084867	860021	25372270	14805510	3069637	1358785	8680928	939323	37122835	17963639
2021-06-07	55699526	613052	192519	420533	40578851	4513468	9692727	38229834	18384172	0.460	0.221	7644926	5826686	1124640	1761928	4910112	4346229	944820	1001588	2734814	1480457	179820	760340	38375375	17323248	914480	25506136	15072715	3097182	1416286	8712036	980691	37315354	18384172
2021-06-08	56749256	1049730	338485	711245	41422228	4588729	9755583	38636555	19095417	0.465	0.230	7644926	5826686	1124640	1761928	4910112	4346229	944820	1001588	2734814	1480457	179820	760340	38777284	17968865	982716	25786158	15636070	3123389	1465340	8744292	1011291	37653839	19095417
2021-06-09	58166654	1417398	443486	973912	42592826	4675866	9819536	39175751	20069329	0.471	0.241	7644926	5826686	1124640	1761928	4910112	4346229	944820	1001588	2734814	1480457	179820	760340	39203953	18956810	1078426	26168891	16423935	3151753	1524113	8776681	1042855	38097325	20069329
2021-06-10	59353087	1186433	400330	786103	43545269	4765663	9875290	39664520	20855432	0.477	0.251	7644926	5826686	1124640	1761928	4910112	4346229	944820	1001588	2734814	1480457	179820	760340	39638845	19705530	1166865	26510333	17034936	3183760	1581903	8803562	1071728	38497655	20855432
2021-06-11	60410848	1057761	360161	697600	44348265	4854683	9944269	40121447	21553032	0.482	0.259	7644926	5826686	1124640	1761928	4910112	4346229	944820	1001588	2734814	1480457	179820	760340	40080830	20318630	1263631	26812829	17535436	3211953	1642730	8833034	1111235	38857816	21553032
2021-06-12	60845409	434561	123265	311296	44632491	4926437	9987614	40279948	21864328	0.484	0.263	7644926	5826686	1124640	1761928	4910112	4346229	944820	1001588	2734814	1480457	179820	760340	40412294	20420893	1298867	26904346	17728145	3230660	1695777	8846075	1141539	38981081	21864328
2021-06-13	61128374	282965	64677	218288	44812363	4989943	10013412	40358414	22082616	0.485	0.266	7644926	5826686	1124640	1761928	4910112	4346229	944820	1001588	2734814	1480457	179820	760340	40659599	20456247	1312656	26948485	17863878	3246579	1743364	8850694	1162718	39045758	22082616
2021-06-14	61779565	651191	210878	440313	45239804	5091140	10080733	40624524	22522929	0.488	0.271	7644926	5826686	1124640	1761928	4910112	4346229	944820	1001588	2734814	1480457	179820	760340	41068279	20696780	1367888	27118224	18121580	3270181	1820959	8868231	1212502	39256636	22522929
2021-06-15	62821173	1041608	342669	698939	46033364	5195644	10165194	41026276	23221868	0.493	0.279	7644926	5826686	1124640	1761928	4910112	4346229	944820	1001588	2734814	1480457	179820	760340	41519708	21283470	1426971	27412774	18620590	3298691	1896953	8887840	1277354	39599305	23221868
2021-06-16	64195934	1374761	459750	915011	47129429	5301646	10261602	41562312	24136879	0.500	0.290	7644926	5826686	1124640	1761928	4910112	4346229	944820	1001588	2734814	1480457	179820	760340	41991896	22182018	1503257	27815037	19314392	3330681	1970965	8913337	1348265	40059055	24136879
2021-06-17	65336243	1140309	392712	747597	48006461	5404585	10353682	42023282	24884476	0.505	0.299	7644926	5826686	1124640	1761928	4910112	4346229	944820	1001588	2734814	1480457	179820	760340	42458635	22852215	1571515	28156318	19850143	3359842	2044743	8935607	1418075	40451767	24884476
2021-06-18	66322241	985998	340019	645979	48733879	5498276	10449745	42432127	25530455	0.510	0.307	7644926	5826686	1124640	1761928	4910112	4346229	944820	1001588	2734814	1480457	179820	760340	42911646	23382503	1640341	28443401	20290478	3390793	2107483	8957592	1492153	40791786	25530455
2021-06-19	66748466	426225	118859	307366	49006251	5580153	10500585	42572122	25837821	0.512	0.311	7644926	5826686	1124640	1761928	4910112	4346229	944820	1001588	2734814	1480457	179820	760340	43252130	23466988	1661477	28534979	20471272	3411550	2168603	8964116	1536469	40910645	25837821
2021-06-20	67042974	294508	67589	226919	49184832	5651452	10532403	42652521	26064740	0.513	0.313	7644926	5826686	1124640	1761928	4910112	4346229	944820	1001588	2734814	1480457	179820	760340	43516733	23496614	1674287	28584017	20600815	3427490	2223962	8966727	1565676	40978234	26064740
2021-06-21	67669317	626343	205790	420553	49592300	5748692	10617774	42894575	26485293	0.516	0.318	7644926	5826686	1124640	1761928	4910112	4346229	944820	1001588	2734814	1480457	179820	760340	43911526	23726147	1710551	28751124	20841176	3452216	2296476	8980684	1637090	41184024	26485293
2021-06-22	68738757	1069440	369044	700396	50429735	5844341	10720153	43297596	27185689	0.521	0.327	7644926	5826686	1124640	1761928	4910112	4346229	944820	1001588	2734814	1480457	179820	760340	44348262	24354112	1744528	29073680	21356055	3482514	2361827	8996874	1723279	41553068	27185689
2021-06-23	70065456	1326699	481147	845552	51511314	5939886	10835434	43813037	28031241	0.527	0.337	7644926	5826686	1124640	1761928	4910112	4346229	944820	1001588	2734814	1480457	179820	760340	44786024	25237778	1778822	29504771	22006543	3512099	2427787	9017345	1818089	42034215	28031241
2021-06-24	71092953	1027497	482139	545358	52301336	6026922	10945874	44335175	28576599	0.533	0.344	7644926	5826686	1124640	1761928	4910112	4346229	944820	1001588	2734814	1480457	179820	760340	45216072	25830883	1818821	29930640	22370696	3547164	2479758	9038550	1907324	42516354	28576599
2021-06-25	72005718	912765	373399	539366	52988197	6103142	11055665	44748467	29115965	0.538	0.350	7644926	5826686	1124640	1761928	4910112	4346229	944820	1001588	2734814	1480457	179820	760340	45642092	26314646	1858714	30257735	22730462	3573665	2529477	9058353	1997312	42889753	29115965
2021-06-26	72413845	408127	135094	273033	53241722	6172168	11128118	44896684	29388998	0.540	0.353	7644926	5826686	1124640	1761928	4910112	4346229	944820	1001588	2734814	1480457	179820	760340	45985868	26378225	1871837	30361079	22880643	3599206	2572962	9064562	2063556	43024847	29388998
2021-06-27	72705399	291554	89517	202037	53414328	6230236	11184878	44990321	29591035	0.541	0.356	7644926	5826686	1124640	1761928	4910112	4346229	944820	1001588	2734814	1480457	179820	760340	46251349	26403445	1875957	30427957	22986371	3618453	2611783	9067954	2116924	43114364	29591035
2021-06-28	73329972	624573	240502	384071	53811202	6319926	11298579	45255131	29975106	0.544	0.360	7644926	5826686	1124640	1761928	4910112	4346229	944820	1001588	2734814	1480457	179820	760340	46659428	26617843	1900265	30622513	23188689	3650674	2669252	9081679	2216900	43354866	29975106
2021-06-29	74256721	926749	384411	542338	54490578	6412467	11431218	45661735	30517444	0.549	0.367	7644926	5826686	1124640	1761928	4910112	4346229	944820	1001588	2734814	1480457	179820	760340	47085535	27113831	1922458	30962342	23528236	3683559	2728908	9093376	2337842	43739277	30517444
2021-06-30	75271616	1014895	445417	569478	55252822	6506161	11567594	46129733	31086922	0.555	0.374	7644926	5826686	1124640	1761928	4910112	4346229	944820	1001588	2734814	1480457	179820	760340	47511070	27697962	1945039	31358586	23894236	3718272	2787889	9107836	2459758	44184694	31086922
2021-07-01	76248277	976661	448603	528058	55991367	6589190	11700307	46600710	31614980	0.560	0.380	7644926	5826686	1124640	1761928	4910112	4346229	944820	1001588	2734814	1480457	179820	760340	47913162	28268207	1967413	31763216	24228151	3748736	2840454	9121345	2578962	44633297	31614980
2021-07-02	77088583	840306	375972	464334	56636963	6683514	11779335	46998040	32079314	0.565	0.386	7644926	5826686	1124640	1761928	4910112	4346229	944820	1001588	2734814	1480457	179820	760340	48308331	28709971	1988771	32098331	24538632	3780408	2903106	9130530	2648805	45009269	32079314
2021-07-03	77464496	375913	148018	227895	56891410	6762789	11806428	47161156	32307209	0.567	0.388	7644926	5826686	1124640	1761928	4910112	4346229	944820	1001588	2734814	1480457	179820	760340	48617247	28776252	2003869	32218988	24672422	3804986	2957803	9133313	2673115	45157287	32307209
2021-07-04	77737027	272531	92618	179913	57072704	6830926	11820950	47262352	32487122	0.568	0.391	7644926	5826686	1124640	1761928	4910112	4346229	944820	1001588	2734814	1480457	179820	760340	48862259	28803194	2012447	32291733	24780971	3823413	3007513	9134759	2686191	45249905	32487122
2021-07-05	78270374	533347	194621	338726	57457385	6925215	11860477	47471823	32825848	0.571	0.395	7644926	5826686	1124640	1761928	4910112	4346229	944820	1001588	2734814	1480457	179820	760340	49203551	28993153	2027297	32456039	25001346	3849382	3075833	9139105	2721372	45444526	32825848
2021-07-06	79043604	773230	268481	504749	58071008	7024027	11905662	47755914	33330597	0.574	0.401	7644926	5826686	1124640	1761928	4910112	4346229	944820	1001588	2734814	1480457	179820	760340	49543109	29423099	2042907	32694733	25376275	3874625	3149402	9143649	2762013	45713007	33330597
2021-07-07	80033320	989716	321859	667857	58895280	7119359	11956945	48096602	33998454	0.578	0.409	7644926	5826686	1124640	1761928	4910112	4346229	944820	1001588	2734814	1480457	179820	760340	49894596	30056482	2061736	32986626	25908654	3899193	3220166	9149047	2807898	46034866	33998454
2021-07-08	80874226	840906	261341	579565	59573762	7220058	11999503	48377110	34578019	0.582	0.416	7644926	5826686	1124640	1761928	4910112	4346229	944820	1001588	2734814	1480457	179820	760340	50236300	30551427	2080903	33221274	26352488	3921609	3298449	9153324	2846179	46296207	34578019
2021-07-09	81625273	751047	218094	532953	60163047	7318354	12042561	48615612	35110972	0.585	0.422	7644926	5826686	1124640	1761928	4910112	4346229	944820	1001588	2734814	1480457	179820	760340	50578307	30956968	2101311	33417099	26745948	3939440	3378914	9157762	2884799	46514301	35110972
2021-07-10	81967890	342617	95322	247295	60390681	7402512	12063645	48720675	35358267	0.586	0.425	7644926	5826686	1124640	1761928	4910112	4346229	944820	1001588	2734814	1480457	179820	760340	50852015	31025280	2111052	33492873	26897808	3957549	3444963	9159201	2904444	46609623	35358267
2021-07-11	82195613	227723	60926	166797	60536321	7466018	12073929	48789894	35525064	0.587	0.427	7644926	5826686	1124640	1761928	4910112	4346229	944820	1001588	2734814	1480457	179820	760340	51060444	31044204	2119345	33538562	26997759	3972319	3493699	9159668	2914261	46670549	35525064
2021-07-12	82659360	463747	150030	313717	60883215	7544808	12097938	48953978	35838781	0.589	0.431	7644926	5826686	1124640	1761928	4910112	4346229	944820	1001588	2734814	1480457	179820	760340	51325738	31240232	2133399	33657842	27225373	4001198	3543610	9161539	2936399	46820579	35838781
2021-07-13	83415174	755814	179042	576772	61507091	7622404	12132481	49152819	36415553	0.591	0.438	7644926	5826686	1124640	1761928	4910112	4346229	944820	1001588	2734814	1480457	179820	760340	51578293	31739362	2153198	33808655	27698436	4027165	3595239	9163801	2968680	46999621	36415553
2021-07-14	84384011	968837	202054	766783	62334523	7694113	12179553	49377497	37182336	0.594	0.447	7644926	5826686	1124640	1761928	4910112	4346229	944820	1001588	2734814	1480457	179820	760340	51852589	32429200	2175822	33985857	28348666	4048352	3645761	9167466	3012087	47201675	37182336
2021-07-15	85144378	760367	170009	590358	62963562	7764819	12218082	49569599	37772694	0.596	0.454	7644926	5826686	1124640	1761928	4910112	4346229	944820	1001588	2734814	1480457	179820	760340	52106845	32931568	2197915	34133819	28829743	4067526	3697293	9170339	3047743	47371684	37772694
2021-07-16	85795475	651097	149711	501386	63497419	7828621	12249978	49740852	38274080	0.598	0.460	7644926	5826686	1124640	1761928	4910112	4346229	944820	1001588	2734814	1480457	179820	760340	52357384	33328254	2219457	34264438	29232981	4084704	3743917	9172253	3077725	47521395	38274080
2021-07-17	86063945	268470	70154	198316	63669918	7891628	12265591	49828357	38472396	0.599	0.463	7644926	5826686	1124640	1761928	4910112	4346229	944820	1001588	2734814	1480457	179820	760340	52567477	33384580	2236808	34318106	29351812	4100309	3791319	9173134	3092457	47591549	38472396
2021-07-18	86262505	198560	59011	139549	63804613	7933120	12277009	49898323	38611945	0.600	0.464	7644926	5826686	1124640	1761928	4910112	4346229	944820	1001588	2734814	1480457	179820	760340	52737413	33412623	2247763	34367606	29437007	4109548	3823572	9173406	3103603	47650560	38611945
2021-07-19	86638192	375687	90393	285294	64096374	7983288	12296736	50002747	38897239	0.601	0.468	7644926	5826686	1124640	1761928	4910112	4346229	944820	1001588	2734814	1480457	179820	760340	52931059	33592649	2261794	34443782	29652592	4122465	3860823	9174706	3122030	47740953	38897239
2021-07-20	87234800	596608	125434	471174	64608963	8031372	12318592	50142260	39368413	0.603	0.473	7644926	5826686	1124640	1761928	4910112	4346229	944820	1001588	2734814	1480457	179820	760340	53145555	33970767	2275873	34551173	30057790	4137981	3893391	9177233	3141359	47866387	39368413
2021-07-21	87973813	739013	153399	585614	65266231	8077077	12341309	50308982	39954027	0.605	0.480	7644926	5826686	1124640	1761928	4910112	4346229	944820	1001588	2734814	1480457	179820	760340	53373174	34477235	2289196	34690132	30576099	4150829	3926248	9178825	3162484	48019786	39954027
2021-07-22	88574867	601054	119988	481066	65792665	8120073	12360081	50441822	40435093	0.607	0.486	7644926	5826686	1124640	1761928	4910112	4346229	944820	1001588	2734814	1480457	179820	760340	53589112	34857754	2302048	34798829	30993836	4160740	3959333	9180205	3179876	48139774	40435093
2021-07-23	89124473	549606	111220	438386	66265522	8161754	12378463	50569728	40873479	0.608	0.491	7644926	5826686	1124640	1761928	4910112	4346229	944820	1001588	2734814	1480457	179820	760340	53807866	35185498	2318734	34899032	31366490	4170424	3991330	9181538	3196925	48250994	40873479
2021-07-24	89328304	203831	50707	153124	66414033	8198982	12386120	50630870	41026603	0.609	0.493	7644926	5826686	1124640	1761928	4910112	4346229	944820	1001588	2734814	1480457	179820	760340	53955738	35239989	2329169	34941795	31472238	4177605	4021377	9182301	3203819	48301701	41026603
2021-07-25	89450423	122119	31346	90773	66496358	8230375	12389340	50667397	41117376	0.609	0.494	7644926	5826686	1124640	1761928	4910112	4346229	944820	1001588	2734814	1480457	179820	760340	54058013	35258381	2334350	34966790	31529568	4183838	4046537	9182419	3206921	48333047	41117376
2021-07-26	89774201	323778	69343	254435	66758774	8269310	12401558	50746949	41371811	0.610	0.497	7644926	5826686	1124640	1761928	4910112	4346229	944820	1001588	2734814	1480457	179820	760340	54231547	35406924	2344559	35025806	31732968	4193076	4076234	9183508	3218050	48402390	41371811
2021-07-27	90286682	512481	93595	418886	67200758	8309233	12421205	50851471	41790697	0.611	0.502	7644926	5826686	1124640	1761928	4910112	4346229	944820	1001588	2734814	1480457	179820	760340	54407385	35739285	2355486	35109928	32090830	4201281	4107952	9184776	3236429	48495985	41790697
