date	dosen_kumulativ	dosen_differenz_zum_vortag	dosen_erst_differenz_zum_vortag	dosen_zweit_differenz_zum_vortag	dosen_biontech_kumulativ	dosen_moderna_kumulativ	dosen_astrazeneca_kumulativ	personen_erst_kumulativ	personen_voll_kumulativ	impf_quote_erst	impf_quote_voll	indikation_alter_dosen	indikation_beruf_dosen	indikation_medizinisch_dosen	indikation_pflegeheim_dosen	indikation_alter_erst	indikation_beruf_erst	indikation_medizinisch_erst	indikation_pflegeheim_erst	indikation_alter_voll	indikation_beruf_voll	indikation_medizinisch_voll	indikation_pflegeheim_voll	dosen_dim_kumulativ	dosen_kbv_kumulativ	dosen_johnson_kumulativ	dosen_biontech_erst_kumulativ	dosen_biontech_zweit_kumulativ	dosen_moderna_erst_kumulativ	dosen_moderna_zweit_kumulativ	dosen_astrazeneca_erst_kumulativ	dosen_astrazeneca_zweit_kumulativ	dosen_erst_kumulativ	dosen_zweit_kumulativ
2020-12-27	23324	23324	23307	17	23322	2	0	23307	17	0.000	0.000	10705	8657	1305	12604	10664	8590	1305	12536	41	67	0	68	23324	0	0	23305	17	2	0	0	0	23307	17
2020-12-28	41100	17776	17737	39	41098	2	0	41044	56	0.000	0.000	18621	15788	1991	21344	18580	15721	1991	21276	41	67	0	68	41100	0	0	41042	56	2	0	0	0	41044	56
2020-12-29	90870	49770	49047	723	90868	2	0	90091	779	0.001	0.000	34989	40734	3107	40508	34724	40420	3107	40099	265	314	0	409	90870	0	0	90089	779	2	0	0	0	90091	779
2020-12-30	152630	61760	61633	127	152628	2	0	151724	906	0.002	0.000	55510	73365	4901	63206	55243	73050	4901	62794	267	315	0	412	152630	0	0	151722	906	2	0	0	0	151724	906
2020-12-31	202786	50156	50005	151	202784	2	0	201729	1057	0.002	0.000	72831	96719	6752	83965	72517	96367	6752	83476	314	352	0	489	202786	0	0	201727	1057	2	0	0	0	201729	1057
2021-01-01	228527	25741	25730	11	228517	7	3	227459	1068	0.003	0.000	81208	105449	7830	92301	80894	105097	7830	91812	314	352	0	489	228527	0	0	227450	1067	7	0	2	1	227459	1068
2021-01-02	276165	47638	47353	285	276155	7	3	274812	1353	0.003	0.000	102774	129731	10350	113258	102365	129304	10350	112629	409	427	0	629	276165	0	0	274803	1352	7	0	2	1	274812	1353
2021-01-03	298345	22180	22174	6	298335	7	3	296986	1359	0.004	0.000	113044	140227	11284	123279	112635	139800	11284	122650	409	427	0	629	298345	0	0	296977	1358	7	0	2	1	296986	1359
2021-01-04	344921	46576	46523	53	344910	8	3	343509	1412	0.004	0.000	129646	164913	13951	139091	129237	164486	13951	138462	409	427	0	629	344921	0	0	343499	1411	8	0	2	1	343509	1412
2021-01-05	396775	51854	51824	30	396763	9	3	395333	1442	0.005	0.000	147987	192565	16489	157656	147576	192117	16489	157025	411	448	0	631	396775	0	0	395322	1441	9	0	2	1	395333	1442
2021-01-06	458954	62179	62170	9	458934	15	5	457503	1451	0.006	0.000	169498	225530	19910	180812	169086	225082	19910	180181	412	448	0	631	458954	0	0	457484	1450	15	0	4	1	457503	1451
2021-01-07	513100	54146	54137	9	513076	18	6	511640	1460	0.006	0.000	189172	254868	22957	197233	188758	254418	22957	196600	414	450	0	633	513100	0	0	511617	1459	18	0	5	1	511640	1460
2021-01-08	574924	61824	61493	331	574850	67	7	573133	1791	0.007	0.000	211521	287315	26324	218219	211009	286711	26320	217449	512	604	4	770	574924	0	0	573060	1790	67	0	6	1	573133	1791
2021-01-09	634422	59498	59450	48	634348	67	7	632583	1839	0.008	0.000	237322	313238	29007	243325	236798	312599	29003	242545	524	639	4	780	634422	0	0	632510	1838	67	0	6	1	632583	1839
2021-01-10	669081	34659	34650	9	669005	69	7	667233	1848	0.008	0.000	252455	327794	30379	256315	251929	327151	30375	255535	526	643	4	780	669081	0	0	667158	1847	69	0	6	1	667233	1848
2021-01-11	736213	67132	67078	54	736134	72	7	734311	1902	0.009	0.000	277513	359176	33587	276774	276967	358513	33583	275968	546	663	4	806	736213	0	0	734233	1901	72	0	6	1	734311	1902
2021-01-12	816966	80753	80692	61	816871	87	8	815003	1963	0.010	0.000	305695	401338	36582	301731	305147	400670	36578	300888	548	668	4	843	816966	0	0	814909	1962	87	0	7	1	815003	1963
2021-01-13	928586	111620	111423	197	927320	1258	8	926426	2160	0.011	0.000	345167	458844	40485	337339	344574	458093	40466	336399	593	751	19	940	928586	0	0	925161	2159	1258	0	7	1	926426	2160
2021-01-14	1010624	82038	81854	184	1004217	6399	8	1008280	2344	0.012	0.000	374803	501101	42769	361463	374094	500254	42750	360452	709	847	19	1011	1010624	0	0	1001918	2299	6355	44	7	1	1008280	2344
2021-01-15	1100645	90021	89219	802	1088970	11662	13	1097499	3146	0.013	0.000	408725	545673	46728	389202	407810	544625	46700	387982	915	1048	28	1220	1100645	0	0	1085869	3101	11618	44	12	1	1097499	3146
2021-01-16	1157675	57030	56012	1018	1144319	13342	14	1153511	4164	0.014	0.000	432983	570627	48859	408798	431664	569232	48767	407047	1319	1395	92	1751	1157675	0	0	1140200	4119	13298	44	13	1	1153511	4164
2021-01-17	1206004	48329	30541	17788	1191386	14603	15	1184052	21952	0.014	0.000	453449	591002	50884	428544	444215	583354	50014	417145	9234	7648	870	11399	1206004	0	0	1169479	21907	14559	44	14	1	1184052	21952
2021-01-18	1288083	82079	66220	15859	1269312	18755	16	1250272	37811	0.015	0.000	482728	633883	53106	448900	467235	619730	51700	430238	15493	14153	1406	18662	1288083	0	0	1231548	37764	18709	46	15	1	1250272	37811
2021-01-19	1406534	118451	82446	36005	1384094	22416	24	1332718	73816	0.016	0.001	519765	695968	56714	479843	492669	666683	54375	447938	27096	29285	2339	31905	1406534	0	0	1310329	73765	22366	50	23	1	1332718	73816
2021-01-20	1538649	132115	77879	54236	1513465	25157	27	1410597	128052	0.017	0.002	568076	760039	60957	522078	522876	706310	57505	469463	45200	53729	3452	52615	1538649	0	0	1385464	128001	25107	50	26	1	1410597	128052
2021-01-21	1644767	106118	64193	41925	1616845	27895	27	1474790	169977	0.018	0.002	610150	808503	65406	556195	549621	735602	60889	487988	60529	72901	4517	68207	1644767	0	0	1446920	169925	27844	51	26	1	1474790	169977
2021-01-22	1747609	102842	68190	34652	1717496	30079	34	1542980	204629	0.019	0.002	654049	853889	69013	590642	579902	764987	63599	506975	74147	88902	5414	83667	1747609	0	0	1512921	204575	30026	53	33	1	1542980	204629
2021-01-23	1834227	86618	40709	45909	1803753	30437	37	1583689	250538	0.019	0.003	691767	890989	72414	617916	599855	780966	64783	516268	91912	110023	7631	101648	1834227	0	0	1553270	250483	30383	54	36	1	1583689	250538
2021-01-24	1881960	47733	25736	21997	1851287	30632	41	1609425	272535	0.019	0.003	715655	910067	73331	632982	614016	789814	65130	521524	101639	120253	8201	111458	1881960	0	0	1578807	272480	30578	54	40	1	1609425	272535
2021-01-25	1973145	91185	51980	39205	1941057	32044	44	1661405	311740	0.020	0.004	756375	951632	76827	658117	642321	811974	66847	534304	114054	139658	9980	123813	1973145	0	0	1629373	311684	31989	55	43	1	1661405	311740
2021-01-26	2070623	97478	50356	47122	2037092	33480	51	1711761	358862	0.021	0.004	796572	997196	80614	684405	667753	831436	68195	545278	128819	165760	12419	139127	2070623	0	0	1678290	358802	33421	59	50	1	1711761	358862
2021-01-27	2179276	108653	50716	57937	2143951	35266	59	1762477	416799	0.021	0.005	839834	1049509	85786	715259	691463	852265	70042	556304	148371	197244	15744	158955	2179276	0	0	1727223	416728	35196	70	58	1	1762477	416799
2021-01-28	2269789	90513	45089	45424	2232807	36920	62	1807566	462223	0.022	0.006	877990	1090332	89974	739697	713483	869115	71590	567469	164507	221217	18384	172228	2269789	0	0	1770673	462134	36832	88	61	1	1807566	462223
2021-01-29	2378425	108636	51314	57322	2339997	38361	67	1858880	519545	0.022	0.006	920894	1138243	95507	769100	735839	888487	73819	578309	185055	249756	21688	190791	2378425	0	0	1820541	519456	38273	88	66	1	1858880	519545
2021-01-30	2466776	88351	34493	53858	2427471	39235	70	1893373	573403	0.023	0.007	957412	1174692	99468	796433	752473	901967	75224	586328	204939	272725	24244	210105	2466776	0	0	1854159	573312	39146	89	68	2	1893373	573403
2021-01-31	2523947	57171	25807	31364	2484261	39612	74	1919180	604767	0.023	0.007	982865	1196922	101575	812430	766590	910861	76411	592657	216275	286061	25164	219773	2523947	0	0	1879594	604667	39515	97	71	3	1919180	604767
2021-02-01	2643480	119533	57842	61691	2601535	41820	125	1977022	666458	0.024	0.008	1026174	1260299	105285	839830	787193	944041	78273	602425	238981	316258	27012	237405	2643480	0	0	1935177	666358	41723	97	122	3	1977022	666458
2021-02-02	2774151	130671	64400	66271	2729173	44840	138	2041422	732729	0.025	0.009	1069633	1330364	110479	870030	806216	982089	80866	611659	263417	348275	29613	258371	2774151	0	0	1996545	732628	44742	98	135	3	2041422	732729
2021-02-03	2933288	159137	63333	95804	2881986	51139	162	2104756	828533	0.025	0.010	1128983	1407775	116405	912544	829819	1014401	83062	623312	299164	393374	33343	289232	2933288	0	1	2053557	828429	51039	100	159	3	2104755	828533
2021-02-04	3063709	130421	59997	70424	3006712	56830	166	2164753	898957	0.026	0.011	1177986	1472437	120972	943857	851937	1046473	85311	632945	326049	425964	35661	310912	3063709	0	1	2107861	898851	56728	102	163	3	2164752	898957
2021-02-05	3208058	144349	67823	76526	3144774	63109	174	2232576	975483	0.027	0.012	1232524	1542580	126293	977786	877231	1080338	86905	644262	355293	462242	39388	333524	3208058	0	1	2169398	975376	63007	102	170	4	2232575	975483
2021-02-06	3308484	100426	47031	53395	3242670	65638	175	2279607	1028878	0.027	0.012	1272514	1588658	130853	1003590	896490	1101898	88782	653957	376024	486760	42071	349633	3308484	0	1	2213899	1028771	65536	102	171	4	2279606	1028878
2021-02-07	3361826	53342	28073	25269	3293616	68032	177	2307680	1054147	0.028	0.013	1298155	1609930	133571	1016823	910800	1112720	90015	659435	387355	497210	43556	357388	3361826	0	1	2239577	1054039	67929	103	173	4	2307679	1054147
2021-02-08	3471044	109218	53140	56078	3398725	72116	202	2360820	1110225	0.028	0.013	1350672	1655734	137545	1035599	942269	1129343	91902	666781	408403	526391	45643	368818	3471044	0	1	2288609	1110116	72012	104	198	4	2360819	1110225
2021-02-09	3604691	133647	60219	73428	3528625	75750	315	2421039	1183653	0.029	0.014	1411842	1714380	141993	1058512	978151	1147503	94639	674792	433691	566877	47354	383720	3604691	0	1	2345272	1183353	75455	295	311	4	2421038	1183653
2021-02-10	3758200	153509	76957	76552	3670105	79846	8248	2497996	1260205	0.030	0.015	1478760	1781046	146001	1087933	1017461	1175177	96286	685176	461299	605869	49715	402757	3758200	0	1	2411192	1258913	78570	1276	8233	15	2497995	1260205
2021-02-11	3899628	141428	73996	67432	3788961	87160	23504	2571994	1327637	0.031	0.016	1539776	1848576	151475	1113070	1052428	1208053	98713	694775	487348	640523	52762	418295	3899628	0	3	2465656	1323305	82856	4304	23479	25	2571991	1327637
2021-02-12	4054837	155209	78479	76730	3921518	96529	36784	2650476	1404367	0.032	0.017	1611268	1919253	157751	1138545	1094198	1240389	101429	704318	517070	678864	56322	434227	4054837	0	6	2526607	1394911	87426	9103	36437	347	2650470	1404367
2021-02-13	4162003	107166	61624	45542	4012305	99720	49971	2712101	1449909	0.033	0.017	1667599	1960972	162355	1156080	1129093	1262877	103231	711418	538506	698095	59124	444662	4162003	0	7	2573403	1438902	89074	10646	49617	354	2712094	1449909
2021-02-14	4227390	65387	39702	25685	4067964	102169	57249	2751804	1475594	0.033	0.018	1706122	1983696	163973	1164146	1153761	1276081	104081	714928	552361	707615	59892	449218	4227390	0	8	2604604	1463360	90318	11851	56874	375	2751796	1475594
2021-02-15	4351897	124507	68879	55628	4172524	107322	72042	2820684	1531222	0.034	0.018	1773591	2031897	168008	1183418	1194859	1300739	106358	721524	578732	731158	61650	461894	4351897	0	9	2656510	1516014	92515	14807	71650	392	2820675	1531222
2021-02-16	4489713	137816	82012	55804	4280522	113342	95839	2902697	1587026	0.035	0.019	1839625	2089928	170683	1200400	1236633	1336138	107879	728440	602992	753790	62804	471960	4489713	0	10	2712060	1568462	95189	18153	95438	401	2902687	1587026
2021-02-17	4639792	150079	93641	56438	4402540	121313	115928	2996339	1643464	0.036	0.020	1920033	2147919	175770	1221928	1292995	1368705	110873	736858	627038	779214	64897	485070	4639792	0	11	2780832	1621708	99977	21336	115519	409	2996328	1643464
2021-02-18	4781490	141698	90229	51469	4512963	129446	139069	3086569	1694933	0.037	0.020	1995907	2206102	179208	1240945	1345328	1403985	112659	744258	650579	802117	66549	496687	4781490	0	12	2843332	1669631	104567	24879	138658	411	3086557	1694933
2021-02-19	4935981	154491	100243	54248	4632118	139255	164595	3186813	1749181	0.038	0.021	2076668	2266444	184080	1258305	1402958	1440066	115287	750941	673710	826378	68793	507364	4935981	0	13	2911350	1720768	111367	27888	164083	512	3186800	1749181
2021-02-20	5047828	111847	75938	35909	4717950	143761	186103	3262752	1785090	0.039	0.021	2138268	2310157	187738	1272296	1445964	1469322	117533	755178	692304	840835	70205	517118	5047828	0	14	2961811	1756139	115345	28416	185582	521	3262738	1785090
2021-02-21	5133665	85837	57268	28569	4784335	147408	201907	3320021	1813659	0.040	0.022	2187054	2340674	190304	1282667	1479917	1489494	118664	757407	707137	851180	71640	525260	5133665	0	15	2999791	1784544	118832	28576	201383	524	3320006	1813659
2021-02-22	5292079	158414	98737	59677	4908677	156270	227116	3418759	1873336	0.041	0.023	2266701	2410287	195201	1300517	1538362	1525084	121627	763642	728339	885203	73574	536875	5292079	0	16	3066234	1842443	125926	30344	226583	533	3418743	1873336
2021-02-23	5458515	166436	106858	59578	5040621	163294	254583	3525618	1932914	0.042	0.023	2346910	2483166	200501	1318387	1598211	1563793	124757	771284	748699	919373	75744	547103	5458515	0	17	3140265	1900356	131295	31999	254041	542	3525601	1932914
2021-02-24	5632057	173542	114919	58623	5170984	170881	290174	3640538	1991537	0.044	0.024	2431789	2557990	207079	1337422	1660503	1608669	128907	778912	771286	949321	78172	558510	5632057	0	18	3213706	1957278	137196	33685	289618	556	3640520	1991537
2021-02-25	5820373	188316	130377	57939	5300763	177588	342004	3770915	2049476	0.045	0.025	2514175	2648479	213515	1355541	1722988	1667176	133470	787131	791187	981303	80045	568410	5820373	0	18	3287036	2013727	142423	35165	341438	566	3770897	2049476
2021-02-26	6029045	208672	143201	65471	5439903	186330	402794	3914116	2114947	0.047	0.025	2602819	2749814	220591	1375230	1787946	1735795	138593	794627	814873	1014019	81998	580603	6029045	0	18	3362373	2077530	149574	36756	402151	643	3914098	2114947
2021-02-27	6176353	147308	107361	39947	5532119	190406	453810	4021477	2154894	0.048	0.026	2666475	2822116	227301	1388101	1833818	1790224	143432	799030	832657	1031892	83869	589071	6176353	0	18	3415382	2116737	152918	37488	453159	651	4021459	2154894
2021-02-28	6283451	107098	82976	24122	5593340	194352	495741	4104453	2179016	0.049	0.026	2714700	2875405	231582	1394762	1868893	1834535	146785	801170	845807	1040870	84797	593592	6283451	0	18	3452842	2140498	156512	37840	495081	660	4104435	2179016
2021-03-01	6479211	195760	146269	49491	5722281	203912	553000	4250722	2228507	0.051	0.027	2817221	2953369	239381	1408021	1943445	1896228	153263	806209	873776	1057141	86118	601812	6479211	0	18	3534326	2187955	164048	39864	552330	670	4250704	2228507
2021-03-02	6692166	212955	161334	51621	5857818	213860	620470	4412056	2280128	0.053	0.027	2927307	3047588	248982	1422628	2022735	1971725	160632	812692	904572	1075863	88350	609936	6692166	0	18	3621122	2236696	171130	42730	619786	684	4412038	2280128
2021-03-03	6935256	243090	173452	69638	6014118	228250	692870	4585508	2349766	0.055	0.028	3047976	3148969	260606	1439862	2105531	2048823	170041	819606	942445	1100146	90565	620256	6935256	0	18	3713263	2300855	180109	48141	692118	752	4585490	2349766
2021-03-04	7177761	242505	180185	62320	6154810	242602	780331	4765693	2412086	0.057	0.029	3159240	3258741	272992	1455625	2181653	2136963	180034	825002	977587	1121778	92958	630623	7177761	0	18	3796991	2357819	189145	53457	779539	792	4765675	2412086
2021-03-05	7448363	270602	202822	67780	6302309	255764	890271	4968516	2479866	0.060	0.030	3277185	3383782	287941	1471072	2258903	2242620	191990	830697	1018282	1141162	95951	640375	7448363	0	19	3882626	2419683	196436	59328	889435	836	4968497	2479866
2021-03-06	7650026	201663	153072	48591	6411889	264236	973882	5121588	2528457	0.062	0.030	3366696	3478463	298371	1480590	2314602	2325555	200824	833966	1052094	1152908	97547	646624	7650026	0	19	3945827	2466062	202713	61523	973029	853	5121569	2528457
2021-03-07	7800467	150441	116444	33997	6493820	271006	1035622	5238032	2562454	0.063	0.031	3437978	3544531	306478	1486155	2360956	2383880	208082	835928	1077022	1160651	98396	650227	7800467	0	19	3996118	2497702	207143	63863	1034752	870	5238013	2562454
2021-03-08	8037575	237108	185588	51520	6627864	281949	1127743	5423620	2613974	0.065	0.031	3556806	3640371	322827	1498475	2442587	2468035	222757	841890	1114219	1172336	100070	656585	8037575	0	19	4082074	2545790	214691	67258	1126836	907	5423601	2613974
2021-03-09	8287830	250255	195766	54489	6767677	294592	1225542	5619386	2668463	0.068	0.032	3677710	3742787	340236	1512022	2524321	2558568	238262	848791	1153389	1184219	101974	663231	8287830	0	19	4170808	2596869	223979	70613	1224580	962	5619367	2668463
2021-03-10	8572717	284887	218833	66054	6926089	306199	1340410	5838219	2734517	0.070	0.033	3808598	3856306	360962	1530389	2606688	2661880	256906	860000	1201910	1194426	104056	670389	8571746	971	19	4266419	2659670	232383	73816	1339398	1012	5838200	2734517
2021-03-11	8854456	281739	221172	60567	7073962	319803	1460672	6059391	2795084	0.073	0.034	3937470	3976178	382106	1544008	2689957	2769533	276555	867677	1247513	1206645	105551	676331	8852830	1626	19	4358028	2715934	241735	78068	1459609	1063	6059372	2795084
2021-03-12	9179169	324713	253978	70735	7225163	336978	1617009	6313369	2865819	0.076	0.034	4071484	4127850	404783	1559463	2770420	2906954	297406	877132	1301064	1220896	107377	682331	9177333	1836	19	4443141	2782022	254417	82561	1615792	1217	6313350	2865819
2021-03-13	9426931	247762	198157	49605	7340152	346636	1740124	6511526	2915424	0.078	0.035	4181046	4240796	425293	1567511	2840453	3011727	316755	881879	1340593	1229069	108538	685632	9424939	1992	19	4509925	2830227	262714	83922	1738868	1256	6511507	2915424
2021-03-14	9597970	171039	135113	35926	7429130	351787	1817034	6646639	2951350	0.080	0.035	4266043	4307307	441408	1570975	2896461	3072888	331859	883676	1369582	1234419	109549	687299	9595968	2002	19	4563960	2865170	266894	84893	1815766	1268	6646620	2951350
2021-03-15	9844747	246777	187880	58897	7581396	364260	1899072	6834519	3010247	0.082	0.036	4400463	4391447	461474	1582289	2984151	3147219	350790	890548	1416312	1244228	110684	691741	9842462	2285	19	4659037	2922359	277738	86522	1897725	1347	6834500	3010247
2021-03-16	10022206	177459	110196	67263	7746754	375351	1900082	6944715	3077510	0.084	0.037	4527474	4426082	473886	1593025	3059300	3169255	361553	895647	1468174	1256827	112333	697378	10019374	2832	19	4759490	2987264	286473	88878	1898733	1349	6944696	3077510
2021-03-17	10226290	204084	124219	79865	7932165	393291	1900815	7068934	3157375	0.085	0.038	4672447	4463838	487350	1605072	3141952	3193652	373040	902175	1530495	1270186	114310	702897	10222841	3449	19	4869829	3062336	299625	93666	1899461	1354	7068915	3157375
2021-03-18	10418859	192569	117725	74844	8105558	411320	1901962	7186659	3232219	0.086	0.039	4812398	4498757	499905	1615322	3222615	3215628	383588	907340	1589783	1283129	116317	707982	10414987	3872	19	4973501	3132057	312534	98786	1900605	1357	7186640	3232219
2021-03-19	10662294	243435	160337	83098	8289834	431836	1940605	7346996	3315317	0.088	0.040	4961948	4563922	518114	1627194	3306761	3267408	399605	914537	1655187	1296514	118509	712657	10657891	4403	19	5081323	3208511	326461	105375	1939193	1412	7346977	3315317
2021-03-20	10882553	220259	166995	53264	8425094	447110	2010330	7513991	3368581	0.090	0.041	5078536	4641917	537715	1633319	3379545	3337212	417708	917920	1698991	1304705	120007	715399	10877826	4727	19	5167161	3257933	337921	109189	2008890	1440	7513972	3368581
2021-03-21	11048474	165921	127282	38639	8528186	456561	2063708	7641273	3407220	0.092	0.041	5171749	4694283	554274	1635819	3440184	3384099	433219	919244	1731565	1310184	121055	716575	11043747	4727	19	5234892	3293294	344117	112444	2062245	1463	7641254	3407220
2021-03-22	11316446	267972	191880	76092	8694435	480267	2141725	7833153	3483312	0.094	0.042	5329624	4766248	576579	1645397	3534739	3445389	453483	925279	1794885	1320859	123096	720118	11310191	6255	19	5332459	3361976	360464	119803	2140211	1514	7833134	3483312
2021-03-23	11615165	298719	215749	82970	8874703	500014	2240429	8048902	3566282	0.097	0.043	5490190	4854892	604288	1656865	3629814	3521119	478432	932910	1860376	1333773	125856	723955	11603922	11243	19	5434738	3439965	375284	124730	2238861	1568	8048883	3566282
2021-03-24	11949510	334345	246348	87997	9071996	533302	2344193	8295250	3654279	0.100	0.044	5664852	4952071	635971	1672375	3732242	3605792	507202	944863	1932610	1346279	128769	727512	11932475	17035	19	5549347	3522649	403313	129989	2342571	1622	8295231	3654279
2021-03-25	12287786	338276	258430	79846	9258799	560943	2468025	8553680	3734125	0.103	0.045	5830941	5060081	670798	1683452	3832663	3703768	539527	951994	1998278	1356313	131271	731458	12264806	22980	19	5661918	3596881	425421	135522	2466322	1703	8553661	3734125
2021-03-26	12664512	376726	287956	88770	9461901	597826	2604766	8841636	3822895	0.106	0.046	6003833	5184282	710463	1698535	3933360	3816071	576057	962322	2070473	1368211	134406	736213	12635218	29294	19	5783007	3678894	455642	142184	2602968	1798	8841617	3822895
2021-03-27	12951540	287028	224640	62388	9614607	625363	2711551	9066276	3885283	0.109	0.047	6147056	5279869	744190	1703356	4023632	3903670	607441	965464	2123424	1376199	136749	737892	12919896	31644	19	5876435	3738172	480131	145232	2709691	1860	9066257	3885283
2021-03-28	13148858	197318	144418	52900	9732963	643906	2771968	9210696	3938183	0.111	0.047	6253046	5333384	768116	1706823	4085867	3950861	629648	967502	2167179	1382523	138468	739321	13117023	31835	21	5945198	3787765	495419	148487	2770058	1910	9210675	3938183
2021-03-29	13459182	310324	221021	89303	9922690	669762	2866709	9431717	4027486	0.113	0.048	6418833	5404751	806706	1716518	4180272	4010842	665103	973637	2238561	1393909	141603	742881	13421399	37783	21	6052950	3869740	514006	155756	2864740	1969	9431696	4027486
2021-03-30	13790181	330999	236986	94013	10141628	695918	2952614	9668703	4121499	0.116	0.050	6591913	5474211	853024	1727240	4280843	4069380	706095	981320	2311070	1404831	146929	745920	13740262	49919	21	6185329	3956299	532773	163145	2950580	2034	9668682	4121499
2021-03-31	14129733	339552	236278	103274	10389844	733999	3005869	9904981	4224773	0.119	0.051	6774517	5538855	899988	1738789	4384637	4121392	747318	988525	2389880	1417463	152670	750264	14063499	66234	21	6339166	4050678	561995	172004	3003799	2070	9904960	4224773
2021-04-01	14457996	328263	234914	93349	10628234	767569	3062172	10139895	4318122	0.122	0.052	6936269	5606629	944397	1747554	4476928	4175958	787230	994147	2459341	1430671	157167	753407	14371683	86313	21	6492692	4135542	587120	180449	3060062	2110	10139874	4318122
2021-04-02	14684662	226666	156975	69691	10807571	783868	3093202	10296870	4387813	0.124	0.053	7067172	5654574	981393	1749910	4552089	4213818	820223	995356	2515083	1440756	161170	754554	14596825	87837	21	6607660	4199911	598122	185746	3091067	2135	10296849	4387813
2021-04-03	14917422	232760	166987	65773	10982741	800607	3134053	10463857	4453586	0.126	0.054	7198861	5698683	1018737	1753036	4633025	4248782	853330	997097	2565836	1449901	165407	755939	14828186	89236	21	6722380	4260361	609573	191034	3131883	2170	10463836	4453586
2021-04-04	15113913	196491	142912	53579	11118768	811675	3183449	10606769	4507165	0.128	0.054	7309766	5731715	1048001	1754173	4704262	4274251	879171	997551	2605504	1457464	168830	756622	15024541	89372	21	6809252	4309516	616261	195414	3181235	2214	10606748	4507165
2021-04-05	15362223	248310	175691	72619	11284880	830540	3246782	10782460	4579784	0.130	0.055	7456036	5770066	1081529	1756372	4794323	4302940	907924	998846	2661713	1467126	173605	757526	15271541	90682	21	6908056	4376824	629854	200686	3244529	2253	10782439	4579784
2021-04-06	15735567	373344	277104	96240	11539700	862703	3333143	11059564	4676024	0.133	0.056	7644926	5826686	1124640	1761928	4910112	4346229	944820	1001588	2734814	1480457	179820	760340	15608258	127309	21	7075356	4464344	653376	209327	3330811	2332	11059543	4676024
2021-04-07	16414756	679189	582347	96842	12082595	899443	3432697	11641911	4772866	0.140	0.057	7644926	5826686	1124640	1761928	4910112	4346229	944820	1001588	2734814	1480457	179820	760340	15981783	432973	21	7529990	4552605	681627	217816	3430273	2424	11641890	4772866
2021-04-08	17147688	732932	643381	89551	12657682	934228	3555757	12285292	4862417	0.148	0.058	7644926	5826686	1124640	1761928	4910112	4346229	944820	1001588	2734814	1480457	179820	760340	16389837	757851	21	8024515	4633167	707514	226714	3553242	2515	12285271	4862417
2021-04-09	17775628	627940	539335	88605	13148792	970804	3656011	12824627	4951022	0.154	0.060	7644926	5826686	1124640	1761928	4910112	4346229	944820	1001588	2734814	1480457	179820	760340	16778274	997354	21	8438473	4710319	732734	238070	3653399	2612	12824606	4951022
2021-04-10	18146526	370898	305816	65082	13396974	994016	3755515	13130443	5016104	0.158	0.060	7644926	5826686	1124640	1761928	4910112	4346229	944820	1001588	2734814	1480457	179820	760340	17116126	1030400	21	8629374	4767600	748217	245799	3752831	2684	13130422	5016104
2021-04-11	18408953	262427	212387	50040	13566059	1012338	3830535	13342830	5066144	0.160	0.061	7644926	5826686	1124640	1761928	4910112	4346229	944820	1001588	2734814	1480457	179820	760340	17373474	1035479	21	8752149	4813910	762858	249480	3827802	2733	13342809	5066144
2021-04-12	18826240	417287	340520	76767	13846196	1041544	3938478	13683351	5142911	0.165	0.062	7644926	5826686	1124640	1761928	4910112	4346229	944820	1001588	2734814	1480457	179820	760340	17742254	1083986	22	8964204	4881992	783451	258093	3935674	2804	13683329	5142911
2021-04-13	19398412	572172	498808	73364	14276774	1068364	4053252	14182159	5216275	0.171	0.063	7644926	5826686	1124640	1761928	4910112	4346229	944820	1001588	2734814	1480457	179820	760340	18118296	1280116	22	9327085	4949689	804808	263556	4050244	3008	14182137	5216275
2021-04-14	20172438	774026	690991	83035	14894153	1101911	4176352	14873150	5299310	0.179	0.064	7644926	5826686	1124640	1761928	4910112	4346229	944820	1001588	2734814	1480457	179820	760340	18518525	1653913	22	9870496	5023657	829853	272058	4172779	3573	14873128	5299310
2021-04-15	20851601	679163	608443	70720	15426567	1138460	4286551	15481594	5370030	0.186	0.065	7644926	5826686	1124640	1761928	4910112	4346229	944820	1001588	2734814	1480457	179820	760340	18902059	1949542	23	10342175	5084392	857369	281091	4282027	4524	15481571	5370030
2021-04-16	21447355	595754	520911	74843	15864679	1171401	4411252	16002505	5444873	0.192	0.065	7644926	5826686	1124640	1761928	4910112	4346229	944820	1001588	2734814	1480457	179820	760340	19302974	2144381	23	10715023	5149656	881534	289867	4405925	5327	16002482	5444873
2021-04-17	21811479	364124	307708	56416	16089819	1194123	4527514	16310213	5501289	0.196	0.066	7644926	5826686	1124640	1761928	4910112	4346229	944820	1001588	2734814	1480457	179820	760340	19645294	2166185	23	10892314	5197505	897156	296967	4520720	6794	16310190	5501289
2021-04-18	22079443	267964	229108	38856	16262258	1209156	4608006	16539321	5540145	0.199	0.067	7644926	5826686	1124640	1761928	4910112	4346229	944820	1001588	2734814	1480457	179820	760340	19908647	2170796	23	11030854	5231404	908338	300818	4600106	7900	16539298	5540145
2021-04-19	22480916	401473	340682	60791	16556166	1241824	4682902	16880004	5600936	0.203	0.067	7644926	5826686	1124640	1761928	4910112	4346229	944820	1001588	2734814	1480457	179820	760340	20265789	2215127	24	11273046	5283120	933168	308656	4673766	9136	16879980	5600936
2021-04-20	23038980	558064	496123	61941	16936486	1280655	4821815	17376127	5662877	0.209	0.068	7644926	5826686	1124640	1761928	4910112	4346229	944820	1001588	2734814	1480457	179820	760340	20629402	2409578	24	11600003	5336483	965436	315219	4810664	11151	17376103	5662877
2021-04-21	23758730	719750	647128	72622	17390196	1322113	5046397	18023255	5735499	0.217	0.069	7644926	5826686	1124640	1761928	4910112	4346229	944820	1001588	2734814	1480457	179820	760340	21010004	2748726	24	11991601	5398595	998842	323271	5032788	13609	18023231	5735499
2021-04-22	24395712	636982	570073	66909	17771303	1365349	5259036	18593328	5802408	0.224	0.070	7644926	5826686	1124640	1761928	4910112	4346229	944820	1001588	2734814	1480457	179820	760340	21379727	3015985	24	12317125	5454178	1034408	330941	5241771	17265	18593304	5802408
2021-04-23	24946090	550378	482986	67392	18120995	1407685	5417377	19076323	5869800	0.229	0.071	7644926	5826686	1124640	1761928	4910112	4346229	944820	1001588	2734814	1480457	179820	760340	21761910	3184180	33	12613080	5507915	1066657	341028	5396553	20824	19076290	5869800
2021-04-24	25312939	366849	307870	58979	18356656	1457777	5498471	19384195	5928779	0.233	0.071	7644926	5826686	1124640	1761928	4910112	4346229	944820	1001588	2734814	1480457	179820	760340	22111848	3201091	35	12807708	5548948	1101196	356581	5475256	23215	19384160	5928779
2021-04-25	25595247	282308	234351	47957	18543850	1491530	5559832	19618546	5976736	0.236	0.072	7644926	5826686	1124640	1761928	4910112	4346229	944820	1001588	2734814	1480457	179820	760340	22388342	3206905	35	12958444	5585406	1125287	366243	5534780	25052	19618511	5976736
2021-04-26	26027619	432372	358733	73639	18861836	1534028	5631639	19977360	6050375	0.240	0.073	7644926	5826686	1124640	1761928	4910112	4346229	944820	1001588	2734814	1480457	179820	760340	22734122	3293497	116	13215495	5646341	1159188	374840	5602561	29078	19977244	6050375
2021-04-27	26811098	783479	692836	90643	19537239	1585359	5687923	20670657	6141018	0.249	0.074	7644926	5826686	1124640	1761928	4910112	4346229	944820	1001588	2734814	1480457	179820	760340	23102721	3708377	577	13814334	5722905	1201407	383952	5654339	33584	20670080	6141018
2021-04-28	27933166	1122068	994662	127406	20545713	1645523	5740625	21666047	6268424	0.261	0.075	7644926	5826686	1124640	1761928	4910112	4346229	944820	1001588	2734814	1480457	179820	760340	23495706	4437460	1305	14713543	5832170	1249268	396255	5701931	38694	21664742	6268424
2021-04-29	28878410	945244	812084	133160	21369835	1709095	5797289	22479017	6401584	0.270	0.077	7644926	5826686	1124640	1761928	4910112	4346229	944820	1001588	2734814	1480457	179820	760340	23882882	4995528	2191	15425512	5944323	1300580	408515	5750734	46555	22476826	6401584
2021-04-30	29681336	802926	665250	137676	22048260	1766074	5863979	23145099	6539260	0.278	0.079	7644926	5826686	1124640	1761928	4910112	4346229	944820	1001588	2734814	1480457	179820	760340	24285962	5395374	3023	15991548	6056712	1342547	423527	5807981	55998	23142076	6539260
2021-05-01	30016950	335614	259968	75646	22301069	1807215	5903066	23407644	6614906	0.281	0.080	7644926	5826686	1124640	1761928	4910112	4346229	944820	1001588	2734814	1480457	179820	760340	24596926	5420024	5600	16183729	6117340	1377289	429926	5841026	62040	23402044	6614906
2021-05-02	30280183	263233	196882	66351	22495196	1844523	5933059	23606331	6681257	0.284	0.080	7644926	5826686	1124640	1761928	4910112	4346229	944820	1001588	2734814	1480457	179820	760340	24852504	5427679	7405	16323238	6171958	1409312	435211	5866376	66683	23598926	6681257
2021-05-03	30732070	451887	334862	117025	22813387	1915283	5994470	23942718	6798282	0.288	0.082	7644926	5826686	1124640	1761928	4910112	4346229	944820	1001588	2734814	1480457	179820	760340	25210531	5521539	8930	16549781	6263606	1466827	448456	5917180	77290	23933788	6798282
2021-05-04	31573765	841695	680410	161285	23439356	1978022	6144669	24625916	6959567	0.296	0.084	7644926	5826686	1124640	1761928	4910112	4346229	944820	1001588	2734814	1480457	179820	760340	25584974	5988791	11718	17044349	6395007	1516312	461710	6053537	91132	24614198	6959567
2021-05-05	32714794	1141029	911470	229559	24285802	2056842	6356529	25541289	7189126	0.307	0.086	7644926	5826686	1124640	1761928	4910112	4346229	944820	1001588	2734814	1480457	179820	760340	26000039	6714755	15621	17707442	6578360	1569665	487177	6248561	107968	25525668	7189126
2021-05-06	33697240	982446	763745	218701	24972407	2148152	6557119	26308975	7407827	0.316	0.089	7644926	5826686	1124640	1761928	4910112	4346229	944820	1001588	2734814	1480457	179820	760340	26407374	7289866	19562	18220491	6751916	1639202	508950	6429720	127399	26289413	7407827
2021-05-07	34576501	879261	645011	234250	25551181	2233941	6768110	26957693	7642077	0.324	0.092	7644926	5826686	1124640	1761928	4910112	4346229	944820	1001588	2734814	1480457	179820	760340	26842619	7733882	23269	18628651	6922530	1693997	539944	6611776	156334	26934424	7642077
2021-05-08	35001373	424872	269983	154889	25818314	2305440	6852632	27229394	7796966	0.327	0.094	7644926	5826686	1124640	1761928	4910112	4346229	944820	1001588	2734814	1480457	179820	760340	27207000	7794373	24987	18782207	7036107	1745537	559903	6676663	175969	27204407	7796966
2021-05-09	35286389	285016	181886	103130	26011807	2361302	6887226	27412347	7900096	0.330	0.095	7644926	5826686	1124640	1761928	4910112	4346229	944820	1001588	2734814	1480457	179820	760340	27480981	7805408	26054	18895913	7115894	1790539	570763	6699841	187385	27386293	7900096
2021-05-10	35872503	586114	392393	193721	26383344	2441934	7017456	27808455	8093817	0.334	0.097	7644926	5826686	1124640	1761928	4910112	4346229	944820	1001588	2734814	1480457	179820	760340	27878197	7994306	29769	19125242	7258102	1849029	592905	6804415	213041	27778686	8093817
2021-05-11	36952933	1080430	794485	285945	27205902	2520575	7193243	28606384	8379762	0.344	0.101	7644926	5826686	1124640	1761928	4910112	4346229	944820	1001588	2734814	1480457	179820	760340	28304932	8648001	33213	19716197	7489705	1905704	614871	6951270	241973	28573171	8379762
2021-05-12	38361248	1408315	1044472	363843	28294717	2610664	7417456	29656054	8743605	0.357	0.105	7644926	5826686	1124640	1761928	4910112	4346229	944820	1001588	2734814	1480457	179820	760340	28757264	9603984	38411	20510422	7784295	1965350	645314	7141871	275585	29617643	8743605
2021-05-13	38788138	426890	266005	160885	28608487	2677074	7461905	29924320	8904490	0.360	0.107	7644926	5826686	1124640	1761928	4910112	4346229	944820	1001588	2734814	1480457	179820	760340	29110675	9677463	40672	20695864	7912623	2016608	660466	7171176	290729	29883648	8904490
2021-05-14	39540036	751898	522488	229410	29150745	2741201	7599995	30454231	9133900	0.366	0.110	7644926	5826686	1124640	1761928	4910112	4346229	944820	1001588	2734814	1480457	179820	760340	29511236	10028800	48095	21058252	8092493	2065389	675812	7282495	317500	30406136	9133900
2021-05-15	39936730	396694	231723	164971	29427497	2800594	7656271	30690227	9298871	0.369	0.112	7644926	5826686	1124640	1761928	4910112	4346229	944820	1001588	2734814	1480457	179820	760340	29860264	10076466	52368	21213366	8214131	2108242	692352	7316251	340020	30637859	9298871
2021-05-16	40217363	280633	158545	122088	29626457	2853021	7680877	30853412	9420959	0.371	0.113	7644926	5826686	1124640	1761928	4910112	4346229	944820	1001588	2734814	1480457	179820	760340	30124892	10092471	57008	21318374	8308083	2150760	702261	7327270	353607	30796404	9420959
2021-05-17	40770165	552802	346076	206726	29964718	2935361	7802416	31210150	9627685	0.375	0.116	7644926	5826686	1124640	1761928	4910112	4346229	944820	1001588	2734814	1480457	179820	760340	30508376	10261789	67670	21510551	8454167	2209155	726206	7422774	379642	31142480	9627685
2021-05-18	41646035	875870	517564	358306	30557200	3038126	7975385	31735368	9985991	0.382	0.120	7644926	5826686	1124640	1761928	4910112	4346229	944820	1001588	2734814	1480457	179820	760340	30929242	10716793	75324	21809123	8748077	2283011	755115	7567910	407475	31660044	9985991
2021-05-19	42746364	1100329	562108	538221	31364831	3136740	8156921	32310024	10524212	0.388	0.127	7644926	5826686	1124640	1761928	4910112	4346229	944820	1001588	2734814	1480457	179820	760340	31349793	11396571	87872	22152719	9212112	2348391	788349	7721042	435879	32222152	10524212
2021-05-20	43688338	941974	451113	490861	32044583	3232281	8312863	32771876	11015073	0.394	0.132	7644926	5826686	1124640	1761928	4910112	4346229	944820	1001588	2734814	1480457	179820	760340	31760824	11927514	98611	22411093	9633490	2412328	819953	7849844	463019	32673265	11015073
2021-05-21	44532229	843891	401879	442012	32636701	3316069	8469962	33184641	11457085	0.399	0.138	7644926	5826686	1124640	1761928	4910112	4346229	944820	1001588	2734814	1480457	179820	760340	32181995	12350234	109497	22631566	10005135	2467129	848940	7976449	493513	33075144	11457085
2021-05-22	45007355	475126	214323	260803	32942676	3386713	8553753	33413680	11717888	0.402	0.141	7644926	5826686	1124640	1761928	4910112	4346229	944820	1001588	2734814	1480457	179820	760340	32528191	12479164	124213	22729522	10213154	2515490	871223	8044455	509298	33289467	11717888
2021-05-23	45293359	286004	124138	161866	33135535	3445837	8577678	33547914	11879754	0.403	0.143	7644926	5826686	1124640	1761928	4910112	4346229	944820	1001588	2734814	1480457	179820	760340	32796074	12497285	134309	22794801	10340734	2559514	886323	8059290	518388	33413605	11879754
2021-05-24	45616226	322867	139131	183736	33369497	3506019	8598290	33695156	12063490	0.405	0.145	7644926	5826686	1124640	1761928	4910112	4346229	944820	1001588	2734814	1480457	179820	760340	33103416	12512810	142420	22876800	10492697	2604658	901361	8071278	527012	33552736	12063490
2021-05-25	46268206	651980	269953	382027	33814484	3585136	8701241	33990034	12445517	0.409	0.150	7644926	5826686	1124640	1761928	4910112	4346229	944820	1001588	2734814	1480457	179820	760340	33496453	12771753	167345	23016752	10797732	2655989	929147	8149948	551293	33822689	12445517
2021-05-26	47438624	1170418	464347	706071	34694691	3664929	8833717	34532323	13151588	0.415	0.158	7644926	5826686	1124640	1761928	4910112	4346229	944820	1001588	2734814	1480457	179820	760340	33903456	13535168	245287	23328723	11365968	2707081	957848	8251232	582485	34287036	13151588
2021-05-27	48469548	1030924	400551	630373	35427482	3751718	8963899	35014036	13781961	0.421	0.166	7644926	5826686	1124640	1761928	4910112	4346229	944820	1001588	2734814	1480457	179820	760340	34312543	14157005	326449	23584375	11843107	2757540	994178	8345672	618227	34687587	13781961
2021-05-28	49359169	889621	351917	537704	36022912	3836075	9091075	35448611	14319665	0.426	0.172	7644926	5826686	1124640	1761928	4910112	4346229	944820	1001588	2734814	1480457	179820	760340	34734203	14624966	409107	23798175	12224737	2807274	1028801	8434055	657020	35039504	14319665
2021-05-29	49768459	409290	152704	256586	36284839	3898546	9147758	35629524	14576251	0.428	0.175	7644926	5826686	1124640	1761928	4910112	4346229	944820	1001588	2734814	1480457	179820	760340	35069084	14699375	437316	23878497	12406342	2844736	1053810	8468975	678783	35192208	14576251
2021-05-30	50050981	282522	97835	184687	36481445	3945235	9176055	35738289	14760938	0.430	0.177	7644926	5826686	1124640	1761928	4910112	4346229	944820	1001588	2734814	1480457	179820	760340	35329788	14721193	448246	23937989	12543456	2871922	1073313	8480132	695923	35290043	14760938
2021-05-31	50588138	537157	174305	362852	36844192	4009933	9243282	35955079	15123790	0.432	0.182	7644926	5826686	1124640	1761928	4910112	4346229	944820	1001588	2734814	1480457	179820	760340	35709176	14878962	490731	24047814	12796378	2897969	1111964	8518565	724717	35464348	15123790
2021-06-01	51564023	975885	395818	580067	37570399	4086850	9331888	36435052	15703857	0.438	0.189	7644926	5826686	1124640	1761928	4910112	4346229	944820	1001588	2734814	1480457	179820	760340	36094588	15469435	574886	24361645	13208754	2926174	1160676	8572347	759541	35860166	15703857
2021-06-02	52797773	1233750	514301	719449	38550515	4157204	9412288	37052233	16423306	0.446	0.197	7644926	5826686	1124640	1761928	4910112	4346229	944820	1001588	2734814	1480457	179820	760340	36488060	16309713	677766	24808908	13741607	2950461	1206743	8615098	797190	36374467	16423306
2021-06-03	53430345	632572	227906	404666	39019425	4219671	9461591	37332031	16827972	0.449	0.202	7644926	5826686	1124640	1761928	4910112	4346229	944820	1001588	2734814	1480457	179820	760340	36841219	16589126	729658	24987305	14032120	2979402	1240269	8635666	825925	36602373	16827972
2021-06-04	54247608	817263	292290	524973	39613326	4289364	9538555	37701026	17352945	0.453	0.209	7644926	5826686	1124640	1761928	4910112	4346229	944820	1001588	2734814	1480457	179820	760340	37255994	16991614	806363	25216792	14396534	3007941	1281423	8669930	868625	36894663	17352945
2021-06-05	54653564	405956	95827	310129	39882158	4354719	9581353	37825824	17663074	0.455	0.212	7644926	5826686	1124640	1761928	4910112	4346229	944820	1001588	2734814	1480457	179820	760340	37598406	17055158	835334	25275285	14606873	3034432	1320287	8680773	900580	36990490	17663074
2021-06-06	54943573	290009	59653	230356	40087594	4395523	9608638	37901961	17893430	0.456	0.215	7644926	5826686	1124640	1761928	4910112	4346229	944820	1001588	2734814	1480457	179820	760340	37858706	17084867	851818	25319390	14768204	3046357	1349166	8684396	924242	37050143	17893430
2021-06-07	55542341	598768	188551	410217	40481291	4475776	9679237	38144731	18303647	0.459	0.220	7644926	5826686	1124640	1761928	4910112	4346229	944820	1001588	2734814	1480457	179820	760340	38218190	17323248	906037	25450346	15030945	3072955	1402821	8715393	963844	37238694	18303647
2021-06-08	56563927	1021586	316577	705009	41300473	4548645	9740897	38529183	19008656	0.463	0.229	7644926	5826686	1124640	1761928	4910112	4346229	944820	1001588	2734814	1480457	179820	760340	38591955	17968865	973912	25708986	15591487	3099013	1449632	8747272	993625	37555271	19008656
2021-06-09	57908579	1344652	410654	933998	42408585	4628563	9802191	39035165	19942654	0.469	0.240	7644926	5826686	1124640	1761928	4910112	4346229	944820	1001588	2734814	1480457	179820	760340	38945878	18956810	1069240	26060414	16348171	3126090	1502473	8779421	1022770	37965925	19942654
2021-06-10	59057498	1148919	368569	780350	43326547	4716626	9856864	39491955	20723004	0.475	0.249	7644926	5826686	1124640	1761928	4910112	4346229	944820	1001588	2734814	1480457	179820	760340	39343256	19705530	1157461	26370617	16955930	3157835	1558791	8806042	1050822	38334494	20723004
2021-06-11	60075085	1017587	328101	689486	44095879	4803035	9923480	39915286	21412490	0.480	0.257	7644926	5826686	1124640	1761928	4910112	4346229	944820	1001588	2734814	1480457	179820	760340	39745067	20318630	1252691	26643564	17452315	3184015	1619020	8835016	1088464	38662595	21412490
2021-06-12	60497774	422689	114828	307861	44371138	4873393	9965811	40064855	21720351	0.482	0.261	7644926	5826686	1124640	1761928	4910112	4346229	944820	1001588	2734814	1480457	179820	760340	40064659	20420893	1287432	26727119	17644019	3202248	1671145	8848056	1117755	38777423	21720351
2021-06-13	60776076	278302	63524	214778	44547799	4936217	9990884	40142123	21935129	0.483	0.264	7644926	5826686	1124640	1761928	4910112	4346229	944820	1001588	2734814	1480457	179820	760340	40307301	20456247	1301176	26770123	17777676	3218080	1718137	8852744	1138140	38840947	21935129
2021-06-14	61401776	625700	194942	430758	44955786	5033616	10056373	40391890	22365887	0.486	0.269	7644926	5826686	1124640	1761928	4910112	4346229	944820	1001588	2734814	1480457	179820	760340	40690490	20696780	1356001	26924829	18030957	3240891	1792725	8870169	1186204	39035889	22365887
2021-06-15	62399418	997642	310263	687379	45713696	5132587	10138337	40760950	23053266	0.490	0.277	7644926	5826686	1124640	1761928	4910112	4346229	944820	1001588	2734814	1480457	179820	760340	41097953	21283470	1414798	27189110	18524586	3267384	1865203	8889658	1248679	39346152	23053266
2021-06-16	63707852	1308434	419212	889222	46756611	5231509	10229755	41255341	23942488	0.496	0.288	7644926	5826686	1124640	1761928	4910112	4346229	944820	1001588	2734814	1480457	179820	760340	41503814	22182018	1489977	27550550	19206061	3300000	1931509	8914814	1314941	39765364	23942488
2021-06-17	64763343	1055491	340410	715081	47564832	5326282	10315100	41662903	24657569	0.501	0.296	7644926	5826686	1124640	1761928	4910112	4346229	944820	1001588	2734814	1480457	179820	760340	41885735	22852215	1557129	27841243	19723589	3327953	1998329	8936578	1378522	40105774	24657569
