date	dosen_kumulativ	dosen_differenz_zum_vortag	dosen_erst_differenz_zum_vortag	dosen_zweit_differenz_zum_vortag	dosen_biontech_kumulativ	dosen_moderna_kumulativ	dosen_astrazeneca_kumulativ	personen_erst_kumulativ	personen_voll_kumulativ	impf_quote_erst	impf_quote_voll	indikation_alter_dosen	indikation_beruf_dosen	indikation_medizinisch_dosen	indikation_pflegeheim_dosen	indikation_alter_erst	indikation_beruf_erst	indikation_medizinisch_erst	indikation_pflegeheim_erst	indikation_alter_voll	indikation_beruf_voll	indikation_medizinisch_voll	indikation_pflegeheim_voll	dosen_dim_kumulativ	dosen_kbv_kumulativ	dosen_johnson_kumulativ	dosen_biontech_erst_kumulativ	dosen_biontech_zweit_kumulativ	dosen_moderna_erst_kumulativ	dosen_moderna_zweit_kumulativ	dosen_astrazeneca_erst_kumulativ	dosen_astrazeneca_zweit_kumulativ	dosen_erst_kumulativ	dosen_zweit_kumulativ
2020-12-27	24096	24096	24083	13	24094	2	0	24083	13	0.000	0.000	10705	8657	1305	12604	10664	8590	1305	12536	41	67	0	68	24096	0	0	24081	13	2	0	0	0	24083	13
2020-12-28	42064	17968	17806	162	42062	2	0	41889	175	0.001	0.000	18621	15788	1991	21344	18580	15721	1991	21276	41	67	0	68	42064	0	0	41887	175	2	0	0	0	41889	175
2020-12-29	92090	50026	49292	734	92087	2	1	91181	909	0.001	0.000	34989	40734	3107	40508	34724	40420	3107	40099	265	314	0	409	92090	0	0	91178	909	2	0	1	0	91181	909
2020-12-30	155581	63491	63353	138	155578	2	1	154534	1047	0.002	0.000	55510	73365	4901	63206	55243	73050	4901	62794	267	315	0	412	155581	0	0	154531	1047	2	0	1	0	154534	1047
2020-12-31	205275	49694	49605	89	205272	2	1	204139	1136	0.002	0.000	72831	96719	6752	83965	72517	96367	6752	83476	314	352	0	489	205275	0	0	204136	1136	2	0	1	0	204139	1136
2021-01-01	230621	25346	25337	9	230610	7	4	229476	1145	0.003	0.000	81208	105449	7830	92301	80894	105097	7830	91812	314	352	0	489	230621	0	0	229466	1144	7	0	3	1	229476	1145
2021-01-02	278572	47951	47665	286	278561	7	4	277141	1431	0.003	0.000	102774	129731	10350	113258	102365	129304	10350	112629	409	427	0	629	278572	0	0	277131	1430	7	0	3	1	277141	1431
2021-01-03	300982	22410	22405	5	300970	8	4	299546	1436	0.004	0.000	113044	140227	11284	123279	112635	139800	11284	122650	409	427	0	629	300982	0	0	299535	1435	8	0	3	1	299546	1436
2021-01-04	346806	45824	45728	96	346793	9	4	345274	1532	0.004	0.000	129646	164913	13951	139091	129237	164486	13951	138462	409	427	0	629	346806	0	0	345262	1531	9	0	3	1	345274	1532
2021-01-05	398774	51968	51631	337	398760	10	4	396905	1869	0.005	0.000	147987	192565	16489	157656	147576	192117	16489	157025	411	448	0	631	398774	0	0	396892	1868	10	0	3	1	396905	1869
2021-01-06	461231	62457	62365	92	461208	16	7	459270	1961	0.006	0.000	169498	225530	19910	180812	169086	225082	19910	180181	412	448	0	631	461231	0	0	459249	1959	16	0	5	2	459270	1961
2021-01-07	515196	53965	53944	21	515168	19	9	513214	1982	0.006	0.000	189172	254868	22957	197233	188758	254418	22957	196600	414	450	0	633	515196	0	0	513188	1980	19	0	7	2	513214	1982
2021-01-08	576853	61657	61549	108	576773	70	10	574763	2090	0.007	0.000	211521	287315	26324	218219	211009	286711	26320	217449	512	604	4	770	576853	0	0	574685	2088	70	0	8	2	574763	2090
2021-01-09	636824	59971	59823	148	636740	73	11	634586	2238	0.008	0.000	237322	313238	29007	243325	236798	312599	29003	242545	524	639	4	780	636824	0	0	634505	2235	73	0	8	3	634586	2238
2021-01-10	672076	35252	35103	149	671984	81	11	669689	2387	0.008	0.000	252455	327794	30379	256315	251929	327151	30375	255535	526	643	4	780	672076	0	0	669601	2383	80	1	8	3	669689	2387
2021-01-11	739577	67501	67399	102	739470	94	13	737088	2489	0.009	0.000	277513	359176	33587	276774	276967	358513	33583	275968	546	663	4	806	739577	0	0	736991	2479	87	7	10	3	737088	2489
2021-01-12	817846	78269	78205	64	817723	109	14	815293	2553	0.010	0.000	305695	401338	36582	301731	305147	400670	36578	300888	548	668	4	843	817846	0	0	815181	2542	102	7	10	4	815293	2553
2021-01-13	928579	110733	110532	201	927287	1278	14	925825	2754	0.011	0.000	345167	458844	40485	337339	344574	458093	40466	336399	593	751	19	940	928579	0	0	924544	2743	1271	7	10	4	925825	2754
2021-01-14	1011696	83117	82895	222	1005256	6426	14	1008720	2976	0.012	0.000	374803	501101	42769	361463	374094	500254	42750	360452	709	847	19	1011	1011696	0	0	1002335	2921	6375	51	10	4	1008720	2976
2021-01-15	1102166	90470	89625	845	1090455	11692	19	1098345	3821	0.013	0.000	408725	545673	46728	389202	407810	544625	46700	387982	915	1048	28	1220	1102166	0	0	1086689	3766	11641	51	15	4	1098345	3821
2021-01-16	1159504	57338	56317	1021	1146113	13371	20	1154662	4842	0.014	0.000	432983	570627	48859	408798	431664	569232	48767	407047	1319	1395	92	1751	1159504	0	0	1141326	4787	13320	51	16	4	1154662	4842
2021-01-17	1207061	47557	29785	17772	1192407	14632	21	1184448	22614	0.014	0.000	453449	591002	50884	428544	444215	583354	50014	417145	9234	7648	870	11399	1207061	0	1	1169849	22558	14581	51	17	4	1184447	22614
2021-01-18	1288967	81906	66165	15741	1270170	18774	22	1250613	38355	0.015	0.000	482728	633883	53106	448900	467235	619730	51700	430238	15493	14153	1406	18662	1288967	0	1	1231873	38297	18721	53	18	4	1250612	38355
2021-01-19	1407770	118803	82353	36450	1385304	22435	30	1332966	74805	0.016	0.001	519765	695968	56714	479843	492669	666683	54375	447938	27096	29285	2339	31905	1407770	0	1	1310561	74743	22378	57	26	4	1332965	74805
2021-01-20	1540135	132365	77792	54573	1514924	25177	33	1410758	129378	0.017	0.002	568076	760039	60957	522078	522876	706310	57505	469463	45200	53729	3452	52615	1540135	0	1	1385608	129316	25120	57	29	4	1410757	129378
2021-01-21	1645118	104983	63666	41317	1617166	27917	34	1474424	170695	0.018	0.002	610150	808503	65406	556195	549621	735602	60889	487988	60529	72901	4517	68207	1645118	0	1	1446535	170631	27859	58	29	5	1474423	170695
2021-01-22	1746747	101629	68054	33575	1716600	30104	42	1542478	204270	0.019	0.002	654049	853889	69013	590642	579902	764987	63599	506975	74147	88902	5414	83667	1746747	0	1	1512399	204201	30041	63	37	5	1542477	204270
2021-01-23	1833329	86582	40465	46117	1802825	30458	45	1582943	250387	0.019	0.003	691767	890989	72414	617916	599855	780966	64783	516268	91912	110023	7631	101648	1833329	0	1	1552508	250317	30394	64	40	5	1582942	250387
2021-01-24	1880621	47292	25458	21834	1849915	30656	49	1608401	272221	0.019	0.003	715655	910067	73331	632982	614016	789814	65130	521524	101639	120253	8201	111458	1880621	0	1	1577764	272151	30592	64	44	5	1608400	272221
2021-01-25	1971664	91043	52276	38767	1939539	32072	52	1660677	310988	0.020	0.004	756375	951632	76827	658117	642321	811974	66847	534304	114054	139658	9980	123813	1971664	0	1	1628624	310915	32005	67	47	5	1660676	310988
2021-01-26	2069202	97538	50635	46903	2035635	33507	59	1711312	357891	0.021	0.004	796572	997196	80614	684405	667753	831436	68195	545278	128819	165760	12419	139127	2069202	0	1	1677821	357814	33436	71	54	5	1711311	357891
2021-01-27	2178575	109373	50805	58568	2143214	35293	67	1762117	416459	0.021	0.005	839834	1049509	85786	715259	691463	852265	70042	556304	148371	197244	15744	158955	2178575	0	1	1726844	416370	35210	83	62	5	1762116	416459
2021-01-28	2271035	92460	46561	45899	2234043	36921	70	1808678	462358	0.022	0.006	877990	1090332	89974	739697	713483	869115	71590	567469	164507	221217	18384	172228	2271035	0	1	1771862	462181	36750	171	65	5	1808677	462358
2021-01-29	2378806	107771	49986	57785	2340327	38401	77	1858664	520143	0.022	0.006	920894	1138243	95507	769100	735839	888487	73819	578309	185055	249756	21688	190791	2378806	0	1	1820362	519965	38229	172	72	5	1858663	520143
2021-01-30	2466821	88015	34362	53653	2427460	39281	79	1893026	573796	0.023	0.007	957412	1174692	99468	796433	752473	901967	75224	586328	204939	272725	24244	210105	2466821	0	1	1853845	573615	39107	174	73	6	1893025	573796
2021-01-31	2523688	56867	25751	31116	2483946	39657	84	1918777	604912	0.023	0.007	982865	1196922	101575	812430	766590	910861	76411	592657	216275	286061	25164	219773	2523688	0	1	1879224	604722	39475	182	77	7	1918776	604912
2021-02-01	2643216	119528	57965	61563	2601214	41866	135	1976742	666475	0.024	0.008	1026174	1260299	105285	839830	787193	944041	78273	602425	238981	316258	27012	237405	2643216	0	1	1934931	666283	41682	184	128	7	1976741	666475
2021-02-02	2775402	132186	64967	67219	2730325	44928	148	2041709	733694	0.025	0.009	1069633	1330364	110479	870030	806216	982089	80866	611659	263417	348275	29613	258371	2775402	0	1	1996824	733501	44743	185	141	7	2041708	733694
2021-02-03	2936987	161585	64087	97498	2885555	51256	174	2105797	831192	0.025	0.010	1128983	1407775	116405	912544	829819	1014401	83062	623312	299164	393374	33343	289232	2936987	0	2	2054563	830992	51065	191	167	7	2105795	831192
2021-02-04	3070644	133657	61727	71930	3013375	57088	179	2167524	903122	0.026	0.011	1177986	1472437	120972	943857	851937	1046473	85311	632945	326049	425964	35661	310912	3070644	0	2	2110456	902919	56894	194	172	7	2167522	903122
2021-02-05	3217165	146521	68900	77621	3153439	63537	187	2236424	980743	0.027	0.012	1232524	1542580	126293	977786	877231	1080338	86905	644262	355293	462242	39388	333524	3217165	0	2	2173034	980405	63209	328	179	8	2236422	980743
2021-02-06	3310829	93664	45374	48290	3244476	66163	188	2281798	1029033	0.027	0.012	1272514	1588658	130853	1003590	896490	1101898	88782	653957	376024	486760	42071	349633	3310829	0	2	2215781	1028695	65835	328	180	8	2281796	1029033
2021-02-07	3364131	53302	28251	25051	3295450	68489	190	2310049	1054084	0.028	0.013	1298155	1609930	133571	1016823	910800	1112720	90015	659435	387355	497210	43556	357388	3364131	0	2	2241705	1053745	68160	329	182	8	2310047	1054084
2021-02-08	3473054	108923	52867	56056	3400524	72311	217	2362916	1110140	0.028	0.013	1350672	1655734	137545	1035599	942269	1129343	91902	666781	408403	526391	45643	368818	3473054	0	2	2290725	1109799	71980	331	209	8	2362914	1110140
2021-02-09	3607095	134041	60198	73843	3531018	75745	330	2423114	1183983	0.029	0.014	1411842	1714380	141993	1058512	978151	1147503	94639	674792	433691	566877	47354	383720	3607095	0	2	2347566	1183452	75224	521	322	8	2423112	1183983
2021-02-10	3761486	154391	77322	77069	3672840	79980	8664	2500436	1261052	0.030	0.015	1478760	1781046	146001	1087933	1017461	1175177	96286	685176	461299	605869	49715	402757	3761486	0	2	2413312	1259528	78478	1502	8644	20	2500434	1261052
2021-02-11	3905195	143709	75206	68503	3792964	87247	24980	2575644	1329555	0.031	0.016	1539776	1848576	151475	1113070	1052428	1208053	98713	694775	487348	640523	52762	418295	3905195	0	4	2467981	1324983	82713	4534	24946	34	2575640	1329555
2021-02-12	4060276	155081	79514	75567	3924522	96545	39202	2655161	1405122	0.032	0.017	1611268	1919253	157751	1138545	1094198	1240389	101429	704318	517070	678864	56322	434227	4060276	0	7	2529024	1395498	87285	9260	38845	357	2655154	1405122
2021-02-13	4167643	107367	61923	45444	4015281	99802	52552	2717085	1450566	0.033	0.017	1667599	1960972	162355	1156080	1129093	1262877	103231	711418	538506	698095	59124	444662	4167643	0	8	2575892	1439389	88997	10805	52188	364	2717077	1450566
2021-02-14	4232850	65207	39494	25713	4070769	102276	59796	2756580	1476279	0.033	0.018	1706122	1983696	163973	1164146	1153761	1276081	104081	714928	552361	707615	59892	449218	4232850	0	9	2606893	1463876	90267	12009	59411	385	2756571	1476279
2021-02-15	4358113	125263	69522	55741	4175347	107505	75251	2826103	1532020	0.034	0.018	1773591	2031897	168008	1183418	1194859	1300739	106358	721524	578732	731158	61650	461894	4358113	0	10	2658705	1516642	92539	14966	74849	402	2826093	1532020
2021-02-16	4492217	134104	77755	56349	4283740	113624	94842	2903859	1588369	0.035	0.019	1839625	2089928	170683	1200400	1236633	1336138	107879	728440	602992	753790	62804	471960	4492217	0	11	2714156	1569584	95264	18360	94428	414	2903848	1588369
2021-02-17	4642980	150763	94461	56302	4405749	121622	115597	2998321	1644671	0.036	0.020	1920033	2147919	175770	1221928	1292995	1368705	110873	736858	627038	779214	64897	485070	4642980	0	12	2783062	1622687	100077	21545	115170	427	2998309	1644671
2021-02-18	4787229	144249	91261	52988	4517936	129846	139434	3089583	1697659	0.037	0.020	1995907	2206102	179208	1240945	1345328	1403985	112659	744258	650579	802117	66549	496687	4787229	0	13	2845808	1672128	104759	25087	139003	431	3089570	1697659
2021-02-19	4945554	158325	102771	55554	4638885	139807	166848	3192355	1753213	0.038	0.021	2076668	2266444	184080	1258305	1402958	1440066	115287	750941	673710	826378	68793	507364	4945554	0	14	2914320	1724565	111710	28097	166311	537	3192341	1753213
2021-02-20	5057618	112064	75796	36268	4725262	144271	188070	3268152	1789481	0.039	0.022	2138268	2310157	187738	1272296	1445964	1469322	117533	755178	692304	840835	70205	517118	5057618	0	15	2964872	1760390	115742	28529	187523	547	3268137	1789481
2021-02-21	5143417	85799	57418	28381	4791772	147912	203717	3325571	1817862	0.040	0.022	2187054	2340674	190304	1282667	1479917	1489494	118664	757407	707137	851180	71640	525260	5143417	0	16	3003167	1788605	119224	28688	203164	553	3325555	1817862
2021-02-22	5298750	155333	97584	57749	4914495	156906	227332	3423156	1875611	0.041	0.023	2266701	2410287	195201	1300517	1538362	1525084	121627	763642	728339	885203	73574	536875	5298750	0	17	3069922	1844573	126450	30456	226767	565	3423139	1875611
2021-02-23	5468392	169642	109162	60480	5048083	164115	256176	3532319	1936091	0.042	0.023	2346910	2483166	200501	1318387	1598211	1563793	124757	771284	748699	919373	75744	547103	5468392	0	18	3144701	1903382	132001	32114	255599	577	3532301	1936091
2021-02-24	5644040	175648	116509	59139	5179468	171725	292828	3648829	1995230	0.044	0.024	2431789	2557990	207079	1337422	1660503	1608669	128907	778912	771286	949321	78172	558510	5644040	0	19	3218651	1960817	137926	33799	292233	595	3648810	1995230
2021-02-25	5832765	188725	129755	58970	5310587	178484	343675	3778584	2054200	0.045	0.025	2514175	2648479	213515	1355541	1722988	1667176	133470	787131	791187	981303	80045	568410	5832765	0	19	3292342	2018245	143156	35328	343067	608	3778565	2054200
2021-02-26	6045066	212301	145465	66836	5451255	187316	406476	3924049	2121036	0.047	0.026	2602819	2749814	220591	1375230	1787946	1735795	138593	794627	814873	1014019	81998	580603	6045066	0	19	3367863	2083392	150372	36944	405795	681	3924030	2121036
2021-02-27	6192785	147719	107826	39893	5543911	191398	457457	4031875	2160929	0.048	0.026	2666475	2822116	227301	1388101	1833818	1790224	143432	799030	832657	1031892	83869	589071	6192785	0	19	3421366	2122545	153722	37676	456768	689	4031856	2160929
2021-02-28	6295619	102834	78770	24064	5605188	195352	495059	4110646	2184993	0.049	0.026	2714700	2875405	231582	1394762	1868893	1834535	146785	801170	845807	1040870	84797	593592	6295619	0	20	3458951	2146237	157324	38028	494351	708	4110626	2184993
2021-03-01	6493720	198101	148278	49823	5735336	204976	553388	4258924	2234816	0.051	0.027	2817221	2953369	239381	1408021	1943445	1896228	153263	806209	873776	1057141	86118	601812	6493720	0	20	3541314	2194022	164926	40050	552664	724	4258904	2234816
2021-03-02	6712293	218573	166473	52100	5875098	214965	622210	4425397	2286916	0.053	0.027	2927307	3047588	248982	1422628	2022735	1971725	160632	812692	904572	1075863	88350	609936	6712293	0	20	3631872	2243226	172041	42924	621464	746	4425377	2286916
2021-03-03	6958552	246259	175783	70476	6032063	229915	696554	4601180	2357392	0.055	0.028	3047976	3148969	260606	1439862	2105531	2048823	170041	819606	942445	1100146	90565	620256	6958552	0	20	3724313	2307750	181114	48801	695733	821	4601160	2357392
2021-03-04	7203219	244667	181829	62838	6173150	244381	785668	4783009	2420230	0.058	0.029	3159240	3258741	272992	1455625	2181653	2136963	180034	825002	977587	1121778	92958	630623	7203219	0	20	3807999	2365151	190187	54194	784803	865	4782989	2420230
2021-03-05	7478865	275646	207103	68543	6322625	257746	898473	4990113	2488773	0.060	0.030	3277185	3383782	287941	1471072	2258903	2242620	191990	830697	1018282	1141162	95951	640375	7478865	0	21	3894942	2427683	197592	60154	897558	915	4990092	2488773
2021-03-06	7680545	201680	153032	48648	6431848	266186	982490	5143145	2537421	0.062	0.031	3366696	3478463	298371	1480590	2314602	2325555	200824	833966	1052094	1152908	97547	646624	7680545	0	21	3957776	2474072	203794	62392	981554	936	5143124	2537421
2021-03-07	7828078	147533	114047	33486	6511590	272840	1043627	5257192	2570907	0.063	0.031	3437978	3544531	306478	1486155	2360956	2383880	208082	835928	1077022	1160651	98396	650227	7828078	0	21	4006388	2505202	208112	64728	1042671	956	5257171	2570907
2021-03-08	8065529	237451	185858	51593	6645497	283795	1136216	5443050	2622500	0.065	0.032	3556806	3640371	322827	1498475	2442587	2468035	222757	841890	1114219	1172336	100070	656585	8065529	0	21	4092106	2553391	215704	68091	1135219	997	5443029	2622500
2021-03-09	8317745	252216	197365	54851	6785601	296580	1235543	5640415	2677351	0.068	0.032	3677710	3742787	340236	1512022	2524321	2558568	238262	848791	1153389	1184219	101974	663231	8317745	0	21	4180897	2604704	225016	71564	1234481	1062	5640394	2677351
2021-03-10	8606048	288303	221264	67039	6944665	308758	1352603	5861680	2744390	0.070	0.033	3808598	3856306	360962	1530389	2606688	2661880	256906	860000	1201910	1194426	104056	670389	8605077	971	22	4276535	2668130	233635	75123	1351488	1115	5861658	2744390
2021-03-11	8890281	284233	223341	60892	7092295	322476	1475488	6085021	2805282	0.073	0.034	3937470	3976178	382106	1544008	2689957	2769533	276555	867677	1247513	1206645	105551	676331	8888655	1626	22	4367679	2724616	243005	79471	1474315	1173	6084999	2805282
2021-03-12	9216750	326469	255610	70859	7243875	339770	1633083	6340631	2876141	0.076	0.035	4071484	4127850	404783	1559463	2770420	2906954	297406	877132	1301064	1220896	107377	682331	9214914	1836	22	4453195	2790680	255706	84064	1631708	1375	6340609	2876141
2021-03-13	9457343	240593	190313	50280	7359889	349339	1748093	6530944	2926421	0.079	0.035	4181046	4240796	425293	1567511	2840453	3011727	316755	881879	1340593	1229069	108538	685632	9455351	1992	22	4520382	2839507	263934	85405	1746606	1487	6530922	2926421
2021-03-14	9627389	170046	134381	35665	7447938	354851	1824578	6665325	2962086	0.080	0.036	4266043	4307307	441408	1570975	2896461	3072888	331859	883676	1369582	1234419	109549	687299	9625387	2002	22	4573762	2874176	268471	86380	1823070	1508	6665303	2962086
2021-03-15	9875039	247650	188429	59221	7600688	367588	1906741	6853754	3021307	0.082	0.036	4400463	4391447	461474	1582289	2984151	3147219	350790	890548	1416312	1244228	110684	691741	9872754	2285	22	4669079	2931609	279509	88079	1905144	1597	6853732	3021307
2021-03-16	10053942	178903	110739	68164	7767324	378840	1907756	6964493	3089471	0.084	0.037	4527474	4426082	473886	1593025	3059300	3169255	361553	895647	1468174	1256827	112333	697378	10051110	2832	22	4770040	2997284	288276	90564	1906155	1601	6964471	3089471
2021-03-17	10258909	204967	124042	80925	7953560	396829	1908498	7088535	3170396	0.085	0.038	4672447	4463838	487350	1605072	3141952	3193652	373040	902175	1530495	1270186	114310	702897	10255460	3449	22	4880163	3073397	301458	95371	1906892	1606	7088513	3170396
2021-03-18	10452401	193492	117913	75579	8127733	414990	1909656	7206448	3245975	0.087	0.039	4812398	4498757	499905	1615322	3222615	3215628	383588	907340	1589783	1283129	116317	707982	10448529	3872	22	4983958	3143775	314419	100571	1908049	1607	7206426	3245975
2021-03-19	10697109	244708	160553	84155	8313112	435780	1948195	7367001	3330130	0.089	0.040	4961948	4563922	518114	1627194	3306761	3267408	399605	914537	1655187	1296514	118509	712657	10692706	4403	22	5092046	3221066	328402	107378	1946531	1664	7366979	3330130
2021-03-20	10917364	220255	166993	53262	8448488	451074	2017780	7533994	3383392	0.091	0.041	5078536	4641917	537715	1633319	3379545	3337212	417708	917920	1698991	1304705	120007	715399	10912637	4727	22	5178023	3270465	339863	111211	2016086	1694	7533972	3383392
2021-03-21	11081858	164494	126304	38190	8550663	460264	2070909	7660298	3421582	0.092	0.041	5171749	4694283	554274	1635819	3440184	3384099	433219	919244	1731565	1310184	121055	716575	11077131	4727	22	5245278	3305385	345809	114455	2069189	1720	7660276	3421582
2021-03-22	11351011	269153	192763	76390	8717074	484052	2149863	7853061	3497972	0.094	0.042	5329624	4766248	576579	1645397	3534739	3445389	453483	925279	1794885	1320859	123096	720118	11344756	6255	22	5342753	3374321	362197	121855	2148089	1774	7853039	3497972
2021-03-23	11651721	300710	216869	83841	8898525	503764	2249410	8069930	3581813	0.097	0.043	5490190	4854892	604288	1656865	3629814	3521119	478432	932910	1860376	1333773	125856	723955	11640478	11243	22	5445391	3453134	376937	126827	2247580	1830	8069908	3581813
2021-03-24	11990742	339021	249414	89607	9098672	536790	2355258	8319344	3671420	0.100	0.044	5664852	4952071	635971	1672375	3732242	3605792	507202	944863	1932610	1346279	128769	727512	11973707	17035	22	5561312	3537360	404657	132133	2353353	1905	8319322	3671420
2021-03-25	12323412	332670	251510	81160	9284197	564475	2474718	8570854	3752580	0.103	0.045	5830941	5060081	670798	1683452	3832663	3703768	539527	951994	1998278	1356313	131271	731458	12300432	22980	22	5671360	3612837	426771	137704	2472701	2017	8570832	3752580
2021-03-26	12697184	373772	285368	88404	9483761	601640	2611761	8856222	3840984	0.106	0.046	6003833	5184282	710463	1698535	3933360	3816071	576057	962322	2070473	1368211	134406	736213	12667890	29294	22	5789316	3694445	457232	144408	2609652	2109	8856200	3840984
2021-03-27	12978402	281218	218883	62335	9633322	629258	2715799	9075106	3903319	0.109	0.047	6147056	5279869	744190	1703356	4023632	3903670	607441	965464	2123424	1376199	136749	737892	12946758	31644	23	5879709	3753613	481740	147518	2713634	2165	9075083	3903319
2021-03-28	13174793	196391	143127	53264	9748669	647762	2778339	9218233	3956583	0.111	0.048	6253046	5333384	768116	1706823	4085867	3950861	629648	967502	2167179	1382523	138468	739321	13142958	31835	23	5945117	3803552	496970	150792	2776123	2216	9218210	3956583
2021-03-29	13480380	305587	216985	88602	9937407	672739	2870211	9435218	4045185	0.113	0.049	6418833	5404751	806706	1716518	4180272	4010842	665103	973637	2238561	1393909	141603	742881	13442597	37783	23	6052116	3885291	515145	157594	2867934	2277	9435195	4045185
2021-03-30	13809409	329029	236432	92597	10156102	697154	2956130	9671650	4137782	0.116	0.050	6591913	5474211	853024	1727240	4280843	4069380	706095	981320	2311070	1404831	146929	745920	13759490	49919	23	6184731	3971371	533103	164051	2953793	2337	9671627	4137782
2021-03-31	14145612	336203	234698	101505	10403588	733199	3008802	9906348	4239287	0.119	0.051	6774517	5538855	899988	1738789	4384637	4121392	747318	988525	2389880	1417463	152670	750264	14079378	66234	23	6338713	4064875	561182	172017	3006430	2372	9906325	4239287
2021-04-01	14472239	326627	235923	90704	10642470	765651	3064095	10142271	4329991	0.122	0.052	6936269	5606629	944397	1747554	4476928	4175958	787230	994147	2459341	1430671	157167	753407	14385926	86313	23	6494830	4147640	585737	179914	3061681	2414	10142248	4329991
2021-04-02	14697932	225693	157710	67983	10822002	780039	3095868	10299981	4397974	0.124	0.053	7067172	5654574	981393	1749910	4552089	4213818	820223	995356	2515083	1440756	161170	754554	14610095	87837	23	6610747	4211255	595784	184255	3093427	2441	10299958	4397974
2021-04-03	14929750	231818	167457	64361	10996135	795838	3137754	10467438	4462335	0.126	0.054	7198861	5698683	1018737	1753036	4633025	4248782	853330	997097	2565836	1449901	165407	755939	14840514	89236	23	6725404	4270731	606736	189102	3135275	2479	10467415	4462335
2021-04-04	15122683	192933	142566	50367	11128334	805899	3188427	10610004	4512702	0.128	0.054	7309766	5731715	1048001	1754173	4704262	4274251	879171	997551	2605504	1457464	168830	756622	15033311	89372	23	6811169	4317165	612907	192992	3185905	2522	10609981	4512702
2021-04-05	15370483	247800	177615	70185	11293296	823765	3253399	10787619	4582887	0.130	0.055	7456036	5770066	1081529	1756372	4794323	4302940	907924	998846	2661713	1467126	173605	757526	15279801	90682	23	6910757	4382539	625993	197772	3250846	2553	10787596	4582887
2021-04-06	15744208	373725	279020	94705	11548249	855981	3339953	11066641	4677592	0.133	0.056	7644926	5826686	1124640	1761928	4910112	4346229	944820	1001588	2734814	1480457	179820	760340	15616899	127309	25	7079768	4468481	649516	206465	3337332	2621	11066616	4677592
2021-04-07	16412248	668040	571669	96371	12090428	893016	3428779	11638310	4773963	0.140	0.057	7644926	5826686	1124640	1761928	4910112	4346229	944820	1001588	2734814	1480457	179820	760340	15979275	432973	25	7534263	4556165	677947	215069	3426075	2704	11638285	4773963
2021-04-08	17110854	698606	610941	87665	12661737	928647	3520445	12249251	4861628	0.147	0.058	7644926	5826686	1124640	1761928	4910112	4346229	944820	1001588	2734814	1480457	179820	760340	16353003	757851	25	8026961	4634776	704605	224042	3517660	2785	12249226	4861628
2021-04-09	17742475	631621	542725	88896	13151768	965213	3625469	12791976	4950524	0.154	0.060	7644926	5826686	1124640	1761928	4910112	4346229	944820	1001588	2734814	1480457	179820	760340	16745121	997354	25	8439613	4712155	729736	235477	3622602	2867	12791951	4950524
2021-04-10	18115054	372579	307526	65053	13400260	988433	3726336	13099502	5015577	0.158	0.060	7644926	5826686	1124640	1761928	4910112	4346229	944820	1001588	2734814	1480457	179820	760340	17084654	1030400	25	8630796	4769464	745275	243158	3723406	2930	13099477	5015577
2021-04-11	18378963	263909	213589	50320	13570628	1007098	3801212	13313091	5065897	0.160	0.061	7644926	5826686	1124640	1761928	4910112	4346229	944820	1001588	2734814	1480457	179820	760340	17343484	1035479	25	8754867	4815761	759993	247105	3798206	3006	13313066	5065897
2021-04-12	18797492	418529	342155	76374	13849491	1036284	3911691	13655247	5142271	0.164	0.062	7644926	5826686	1124640	1761928	4910112	4346229	944820	1001588	2734814	1480457	179820	760340	17713506	1083986	26	8965883	4883608	780706	255578	3908632	3059	13655221	5142271
2021-04-13	19374291	576799	503131	73668	14281763	1063502	4029000	14158378	5215939	0.170	0.063	7644926	5826686	1124640	1761928	4910112	4346229	944820	1001588	2734814	1480457	179820	760340	18094175	1280116	26	9330122	4951641	802483	261019	4025747	3253	14158352	5215939
2021-04-14	20149189	774898	691733	83165	14898195	1097039	4153929	14850111	5299104	0.179	0.064	7644926	5826686	1124640	1761928	4910112	4346229	944820	1001588	2734814	1480457	179820	760340	18495276	1653913	26	9872451	5025744	827516	269523	4150118	3811	14850085	5299104
2021-04-15	20829321	680132	609934	70198	15432144	1133245	4263905	15460046	5369302	0.186	0.065	7644926	5826686	1124640	1761928	4910112	4346229	944820	1001588	2734814	1480457	179820	760340	18879779	1949542	27	10345760	5086384	855109	278136	4259150	4755	15460019	5369302
2021-04-16	21425855	596534	522349	74185	15870262	1165843	4389723	15982395	5443487	0.192	0.065	7644926	5826686	1124640	1761928	4910112	4346229	944820	1001588	2734814	1480457	179820	760340	19281474	2144381	27	10718927	5151335	879277	286566	4384164	5559	15982368	5443487
2021-04-17	21791841	365986	309379	56607	16095140	1188525	4508149	16291774	5500094	0.196	0.066	7644926	5826686	1124640	1761928	4910112	4346229	944820	1001588	2734814	1480457	179820	760340	19625656	2166185	27	10895815	5199325	894826	293699	4501106	7043	16291747	5500094
2021-04-18	22061265	269424	230427	38997	16267181	1203908	4590149	16522201	5539091	0.199	0.067	7644926	5826686	1124640	1761928	4910112	4346229	944820	1001588	2734814	1480457	179820	760340	19890469	2170796	27	11033918	5233263	906317	297591	4581939	8210	16522174	5539091
2021-04-19	22463525	402260	340868	61392	16561001	1236828	4665668	16863070	5600483	0.203	0.067	7644926	5826686	1124640	1761928	4910112	4346229	944820	1001588	2734814	1480457	179820	760340	20248398	2215127	28	11275580	5285421	931320	305508	4656142	9526	16863042	5600483
2021-04-20	23024243	560718	498048	62670	16942943	1276047	4805225	17361118	5663153	0.209	0.068	7644926	5826686	1124640	1761928	4910112	4346229	944820	1001588	2734814	1480457	179820	760340	20614665	2409578	28	11603530	5339413	963942	312105	4793618	11607	17361090	5663153
2021-04-21	23745081	720838	647796	73042	17397185	1317742	5030126	18008914	5736195	0.217	0.069	7644926	5826686	1124640	1761928	4910112	4346229	944820	1001588	2734814	1480457	179820	760340	20996355	2748726	28	11995239	5401946	997578	320164	5016069	14057	18008886	5736195
2021-04-22	24383570	638489	571350	67139	17778931	1361393	5243218	18580264	5803334	0.223	0.070	7644926	5826686	1124640	1761928	4910112	4346229	944820	1001588	2734814	1480457	179820	760340	21367585	3015985	28	12321103	5457828	1033596	327797	5225537	17681	18580236	5803334
2021-04-23	24939740	556170	487294	68876	18132213	1404930	5402569	19067558	5872210	0.229	0.071	7644926	5826686	1124640	1761928	4910112	4346229	944820	1001588	2734814	1480457	179820	760340	21755560	3184180	28	12619542	5512671	1066650	338280	5381338	21231	19067530	5872210
2021-04-24	25305287	365547	306600	58947	18367188	1454270	5483801	19374158	5931157	0.233	0.071	7644926	5826686	1124640	1761928	4910112	4346229	944820	1001588	2734814	1480457	179820	760340	22104196	3201091	28	12813299	5553889	1100616	353654	5460215	23586	19374130	5931157
2021-04-25	25588174	282887	233845	49042	18554956	1487945	5545245	19608003	5980199	0.236	0.072	7644926	5826686	1124640	1761928	4910112	4346229	944820	1001588	2734814	1480457	179820	760340	22381269	3206905	28	12963671	5591285	1124427	363518	5519877	25368	19607975	5980199
2021-04-26	26021070	432896	358931	73965	18872856	1530413	5617704	19967003	6054164	0.240	0.073	7644926	5826686	1124640	1761928	4910112	4346229	944820	1001588	2734814	1480457	179820	760340	22727573	3293497	97	13220054	5652802	1158506	371907	5588346	29358	19966906	6054164
2021-04-27	26806387	785317	693416	91901	19549559	1581907	5674363	20660880	6146065	0.248	0.074	7644926	5826686	1124640	1761928	4910112	4346229	944820	1001588	2734814	1480457	179820	760340	23098010	3708377	558	13818912	5730647	1200877	381030	5640533	33830	20660322	6146065
2021-04-28	27929367	1122980	996027	126953	20557784	1642621	5727687	21657624	6273018	0.260	0.075	7644926	5826686	1124640	1761928	4910112	4346229	944820	1001588	2734814	1480457	179820	760340	23491907	4437460	1275	14718555	5839229	1249055	393566	5688739	38948	21656349	6273018
2021-04-29	28875292	945925	812511	133414	21382071	1706228	5784838	22471015	6406432	0.270	0.077	7644926	5826686	1124640	1761928	4910112	4346229	944820	1001588	2734814	1480457	179820	760340	23879764	4995528	2155	15430587	5951484	1300279	405949	5737994	46844	22468860	6406432
2021-04-30	29678907	803615	666591	137024	22060467	1763484	5851968	23138439	6543456	0.278	0.079	7644926	5826686	1124640	1761928	4910112	4346229	944820	1001588	2734814	1480457	179820	760340	24283533	5395374	2988	15997425	6063042	1342290	421194	5795736	56232	23135451	6543456
2021-05-01	30015183	336276	260028	76248	22313295	1804974	5891352	23401041	6619704	0.281	0.080	7644926	5826686	1124640	1761928	4910112	4346229	944820	1001588	2734814	1480457	179820	760340	24595159	5420024	5562	16189003	6124292	1377374	427600	5829102	62250	23395479	6619704
2021-05-02	30280175	264992	197610	67382	22508875	1842485	5921445	23600459	6687086	0.284	0.080	7644926	5826686	1124640	1761928	4910112	4346229	944820	1001588	2734814	1480457	179820	760340	24852496	5427679	7370	16328839	6180036	1409634	432851	5854616	66829	23593089	6687086
2021-05-03	30731843	451668	335313	116355	22826758	1913069	5983060	23937358	6803441	0.288	0.082	7644926	5826686	1124640	1761928	4910112	4346229	944820	1001588	2734814	1480457	179820	760340	25210304	5521539	8956	16555748	6271010	1467023	446046	5905631	77429	23928402	6803441
2021-05-04	31574575	842732	681007	161725	23453073	1976297	6133288	24621326	6965166	0.296	0.084	7644926	5826686	1124640	1761928	4910112	4346229	944820	1001588	2734814	1480457	179820	760340	25585784	5988791	11917	17050241	6402832	1517014	459283	6042154	91134	24609409	6965166
2021-05-05	32721412	1146837	914850	231987	24304017	2055266	6345741	25540647	7197153	0.307	0.087	7644926	5826686	1124640	1761928	4910112	4346229	944820	1001588	2734814	1480457	179820	760340	26006657	6714755	16388	17716077	6587940	1570475	484791	6237707	108034	25524259	7197153
2021-05-06	33711777	990365	767190	223175	24996674	2147333	6547188	26312031	7420328	0.316	0.089	7644926	5826686	1124640	1761928	4910112	4346229	944820	1001588	2734814	1480457	179820	760340	26421911	7289866	20582	18231604	6765070	1640140	507193	6419705	127483	26291449	7420328
2021-05-07	34601776	889999	652023	237976	25583794	2234025	6759522	26967907	7658304	0.324	0.092	7644926	5826686	1124640	1761928	4910112	4346229	944820	1001588	2734814	1480457	179820	760340	26867894	7733882	24435	18644812	6938982	1695868	538157	6602792	156730	26943472	7658304
2021-05-08	35027510	425734	271657	154077	25851450	2305807	6844101	27241281	7812381	0.328	0.094	7644926	5826686	1124640	1761928	4910112	4346229	944820	1001588	2734814	1480457	179820	760340	27233137	7794373	26152	18799571	7051879	1747817	557990	6667741	176360	27215129	7812381
2021-05-09	35313644	286134	183581	102553	26045346	2362357	6878723	27425928	7914934	0.330	0.095	7644926	5826686	1124640	1761928	4910112	4346229	944820	1001588	2734814	1480457	179820	760340	27508236	7805408	27218	18914200	7131146	1793571	568786	6690939	187784	27398710	7914934
2021-05-10	35902836	589192	395673	193519	26418501	2444059	7009329	27825330	8108453	0.335	0.097	7644926	5826686	1124640	1761928	4910112	4346229	944820	1001588	2734814	1480457	179820	760340	27908530	7994306	30947	19145586	7272915	1853103	590956	6795694	213635	27794383	8108453
2021-05-11	36988605	1085769	797925	287844	27244421	2523954	7185649	28626889	8396297	0.344	0.101	7644926	5826686	1124640	1761928	4910112	4346229	944820	1001588	2734814	1480457	179820	760340	28340604	8648001	34581	19738605	7505816	1910829	613125	6942874	242775	28592308	8396297
2021-05-12	38404369	1415764	1049218	366546	28337677	2615606	7410858	29681754	8762843	0.357	0.105	7644926	5826686	1124640	1761928	4910112	4346229	944820	1001588	2734814	1480457	179820	760340	28800385	9603984	40228	20535454	7802223	1971953	643653	7134119	276739	29641526	8762843
2021-05-13	38833601	429232	268392	160840	28653006	2682375	7455345	29952793	8923683	0.360	0.107	7644926	5826686	1124640	1761928	4910112	4346229	944820	1001588	2734814	1480457	179820	760340	29156138	9677463	42875	20723012	7929994	2023514	658861	7163392	291953	29909918	8923683
2021-05-14	39590013	756412	525939	230473	29198207	2747284	7593852	30486527	9154156	0.367	0.110	7644926	5826686	1124640	1761928	4910112	4346229	944820	1001588	2734814	1480457	179820	760340	29561213	10028800	50670	21087645	8110562	2073248	674036	7274964	318888	30435857	9154156
2021-05-15	39990047	400034	234517	165517	29477235	2807582	7650280	30725324	9319673	0.369	0.112	7644926	5826686	1124640	1761928	4910112	4346229	944820	1001588	2734814	1480457	179820	760340	29913581	10076466	54950	21244323	8232912	2117195	690387	7308856	341424	30670374	9319673
2021-05-16	40272615	282568	160595	121973	29677416	2860322	7675201	30890645	9441646	0.371	0.114	7644926	5826686	1124640	1761928	4910112	4346229	944820	1001588	2734814	1480457	179820	760340	30180144	10092471	59676	21350756	8326660	2160051	700271	7320162	355039	30830969	9441646
2021-05-17	40827891	555276	349257	206019	30015777	2945999	7796681	31249660	9647665	0.376	0.116	7644926	5826686	1124640	1761928	4910112	4346229	944820	1001588	2734814	1480457	179820	760340	30566102	10261789	69434	21543627	8472150	2221313	724686	7415286	381395	31180226	9647665
2021-05-18	41699859	871968	517325	354643	30605393	3047094	7970166	31774757	10002308	0.382	0.120	7644926	5826686	1124640	1761928	4910112	4346229	944820	1001588	2734814	1480457	179820	760340	30983066	10716793	77206	21843010	8762383	2293822	753272	7560719	409447	31697551	10002308
2021-05-19	42797490	1097631	563573	534058	31409484	3147184	8151457	32350489	10536366	0.389	0.127	7644926	5826686	1124640	1761928	4910112	4346229	944820	1001588	2734814	1480457	179820	760340	31400919	11396571	89365	22187008	9222476	2360064	787120	7714052	437405	32261124	10536366
2021-05-20	43744533	947043	455537	491506	32092621	3243662	8308043	32816868	11027872	0.395	0.133	7644926	5826686	1124640	1761928	4910112	4346229	944820	1001588	2734814	1480457	179820	760340	31817019	11927514	100207	22447926	9644695	2425579	818083	7843156	464887	32716661	11027872
2021-05-21	44595225	850692	405873	444819	32688532	3329329	8465336	33234562	11472691	0.400	0.138	7644926	5826686	1124640	1761928	4910112	4346229	944820	1001588	2734814	1480457	179820	760340	32244991	12350234	112028	22670414	10018118	2481953	847376	7970167	495169	33122534	11472691
2021-05-22	45068986	473761	214786	258975	32994642	3398829	8549209	33463626	11731666	0.402	0.141	7644926	5826686	1124640	1761928	4910112	4346229	944820	1001588	2734814	1480457	179820	760340	32589822	12479164	126306	22768804	10225838	2530258	868571	8038258	510951	33337320	11731666
2021-05-23	45354065	285079	124717	160362	33187566	3458217	8573112	33597207	11892028	0.404	0.143	7644926	5826686	1124640	1761928	4910112	4346229	944820	1001588	2734814	1480457	179820	760340	32856780	12497285	135170	22834429	10353137	2574555	883662	8053053	520059	33462037	11892028
2021-05-24	45680031	325966	141115	184851	33423279	3519767	8593773	33746364	12076879	0.406	0.145	7644926	5826686	1124640	1761928	4910112	4346229	944820	1001588	2734814	1480457	179820	760340	33167221	12512810	143212	22917022	10506257	2621108	898659	8065022	528751	33603152	12076879
2021-05-25	46335463	655432	272062	383370	33869910	3599437	8697793	34043537	12460249	0.409	0.150	7644926	5826686	1124640	1761928	4910112	4346229	944820	1001588	2734814	1480457	179820	760340	33563710	12771753	168323	23058724	10811186	2672553	926884	8143937	553856	33875214	12460249
2021-05-26	47515034	1179571	469480	710091	34754793	3681832	8831871	34591232	13170340	0.416	0.158	7644926	5826686	1124640	1761928	4910112	4346229	944820	1001588	2734814	1480457	179820	760340	33979866	13535168	246538	23373532	11381261	2725139	956693	8246023	585848	34344694	13170340
2021-05-27	48555626	1040592	404059	636533	35493800	3770717	8963448	35076414	13806873	0.422	0.166	7644926	5826686	1124640	1761928	4910112	4346229	944820	1001588	2734814	1480457	179820	760340	34398621	14157005	327661	23631330	11862470	2776759	993958	8340664	622784	34748753	13806873
2021-05-28	49458742	903116	356136	546980	36096701	3856777	9093857	35516296	14353853	0.427	0.173	7644926	5826686	1124640	1761928	4910112	4346229	944820	1001588	2734814	1480457	179820	760340	34833776	14624966	411407	23848032	12248669	2827271	1029506	8429586	664271	35104889	14353853
2021-05-29	49868794	410052	151634	258418	36358490	3919312	9151797	35695718	14612271	0.429	0.176	7644926	5826686	1124640	1761928	4910112	4346229	944820	1001588	2734814	1480457	179820	760340	35169419	14699375	439195	23927827	12430663	2864115	1055197	8464581	687216	35256523	14612271
2021-05-30	50152244	283450	97692	185758	36555558	3966316	9180147	35804438	14798029	0.431	0.178	7644926	5826686	1124640	1761928	4910112	4346229	944820	1001588	2734814	1480457	179820	760340	35431051	14721193	450223	23987023	12568535	2891453	1074863	8475739	704408	35354215	14798029
2021-05-31	50698525	546281	178201	368080	36922630	4033544	9249658	36025109	15166109	0.433	0.182	7644926	5826686	1124640	1761928	4910112	4346229	944820	1001588	2734814	1480457	179820	760340	35819563	14878962	492693	24098671	12823959	2919113	1114431	8514632	735026	35532416	15166109
2021-06-01	51686191	987666	399777	587889	37655800	4113144	9340055	36509385	15753998	0.439	0.189	7644926	5826686	1124640	1761928	4910112	4346229	944820	1001588	2734814	1480457	179820	760340	36216756	15469435	577192	24414678	13241122	2948803	1164341	8568712	771343	35932193	15753998
2021-06-02	52932842	1246651	516647	730004	38644380	4185366	9422232	37129704	16484002	0.446	0.198	7644926	5826686	1124640	1761928	4910112	4346229	944820	1001588	2734814	1480457	179820	760340	36623129	16309713	680864	24863956	13780424	2973231	1212135	8611653	810579	36448840	16484002
2021-06-03	53575360	642518	230333	412185	39119177	4249672	9472444	37413240	16896187	0.450	0.203	7644926	5826686	1124640	1761928	4910112	4346229	944820	1001588	2734814	1480457	179820	760340	36986234	16589126	734067	25043732	14075445	3002933	1246739	8632508	839936	36679173	16896187
2021-06-04	54385590	810230	291014	519216	39704122	4320900	9549285	37781470	17415403	0.454	0.209	7644926	5826686	1124640	1761928	4910112	4346229	944820	1001588	2734814	1480457	179820	760340	37393976	16991614	811283	25271604	14432518	3031622	1289278	8666961	882324	36970187	17415403
2021-06-05	54798322	412732	96234	316498	39975174	4387818	9593433	37908318	17731901	0.456	0.213	7644926	5826686	1124640	1761928	4910112	4346229	944820	1001588	2734814	1480457	179820	760340	37743164	17055158	841897	25330676	14644498	3057909	1329909	8677836	915597	37066421	17731901
2021-06-06	55090484	292162	59367	232795	40180866	4428810	9620669	37985927	17964696	0.457	0.216	7644926	5826686	1124640	1761928	4910112	4346229	944820	1001588	2734814	1480457	179820	760340	38005617	17084867	860139	25374553	14806313	3069880	1358930	8681355	939314	37125788	17964696
2021-06-07	55703562	613078	192535	420543	40581965	4513847	9693152	38232921	18385239	0.460	0.221	7644926	5826686	1124640	1761928	4910112	4346229	944820	1001588	2734814	1480457	179820	760340	38379411	17323248	914598	25508431	15073534	3097423	1416424	8712469	980683	37318323	18385239
2021-06-08	56753689	1050127	338762	711365	41425588	4589200	9756066	38639920	19096604	0.465	0.230	7644926	5826686	1124640	1761928	4910112	4346229	944820	1001588	2734814	1480457	179820	760340	38781717	17968865	982835	25788693	15636895	3123648	1465552	8744744	1011322	37657085	19096604
2021-06-09	58171529	1417840	443897	973943	42596603	4676359	9820022	39179527	20070547	0.471	0.241	7644926	5826686	1124640	1761928	4910112	4346229	944820	1001588	2734814	1480457	179820	760340	39208828	18956810	1078545	26171824	16424779	3152022	1524337	8777136	1042886	38100982	20070547
2021-06-10	59358353	1186824	400726	786098	43549437	4766157	9875776	39668691	20856645	0.477	0.251	7644926	5826686	1124640	1761928	4910112	4346229	944820	1001588	2734814	1480457	179820	760340	39644111	19705530	1166983	26513661	17035776	3184030	1582127	8804017	1071759	38501708	20856645
2021-06-11	60416611	1058258	360659	697599	44352925	4855177	9944760	40126116	21554244	0.482	0.259	7644926	5826686	1124640	1761928	4910112	4346229	944820	1001588	2734814	1480457	179820	760340	40086593	20318630	1263749	26816647	17536278	3212227	1642950	8833493	1111267	38862367	21554244
2021-06-12	60851219	434608	123312	311296	44637196	4926934	9988104	40284664	21865540	0.484	0.263	7644926	5826686	1124640	1761928	4910112	4346229	944820	1001588	2734814	1480457	179820	760340	40418104	20420893	1298985	26908208	17728988	3230937	1695997	8846534	1141570	38985679	21865540
2021-06-13	61134190	282971	64682	218289	44817070	4990445	10013901	40363135	22083829	0.485	0.266	7644926	5826686	1124640	1761928	4910112	4346229	944820	1001588	2734814	1480457	179820	760340	40665415	20456247	1312774	26952349	17864721	3246859	1743586	8851153	1162748	39050361	22083829
2021-06-14	61786276	652086	211749	440337	45245402	5091646	10081222	40630116	22524166	0.489	0.271	7644926	5826686	1124640	1761928	4910112	4346229	944820	1001588	2734814	1480457	179820	760340	41074990	20696780	1368006	27122955	18122447	3270465	1821181	8868690	1212532	39262110	22524166
2021-06-15	62828955	1042679	343502	699177	46040018	5196163	10165685	41032701	23223343	0.493	0.279	7644926	5826686	1124640	1761928	4910112	4346229	944820	1001588	2734814	1480457	179820	760340	41527490	21283470	1427089	27418331	18621687	3298981	1897182	8888300	1277385	39605612	23223343
2021-06-16	64204880	1375925	460920	915005	47137125	5302277	10262102	41569908	24138348	0.500	0.290	7644926	5826686	1124640	1761928	4910112	4346229	944820	1001588	2734814	1480457	179820	760340	42000842	22182018	1503376	27821613	19315512	3331115	1971162	8913804	1348298	40066532	24138348
2021-06-17	65346150	1141270	393659	747611	48015116	5405216	10354184	42031825	24885959	0.505	0.299	7644926	5826686	1124640	1761928	4910112	4346229	944820	1001588	2734814	1480457	179820	760340	42468542	22852215	1571634	28163834	19851282	3360281	2044935	8936076	1418108	40460191	24885959
2021-06-18	66332744	986594	340546	646048	48743031	5498946	10450307	42441197	25532007	0.510	0.307	7644926	5826686	1124640	1761928	4910112	4346229	944820	1001588	2734814	1480457	179820	760340	42922149	23382503	1640460	28451434	20291597	3391238	2107708	8958065	1492242	40800737	25532007
2021-06-19	66759093	426349	118972	307377	49015505	5580845	10501147	42581305	25839384	0.512	0.311	7644926	5826686	1124640	1761928	4910112	4346229	944820	1001588	2734814	1480457	179820	760340	43262757	23466988	1661596	28543103	20472402	3412017	2168828	8964589	1536558	40919709	25839384
2021-06-20	67053607	294514	67595	226919	49194089	5652145	10532966	42661711	26066303	0.513	0.313	7644926	5826686	1124640	1761928	4910112	4346229	944820	1001588	2734814	1480457	179820	760340	43527366	23496614	1674407	28592145	20601944	3427959	2224186	8967200	1565766	40987304	26066303
2021-06-21	67680319	626712	206142	420570	49601919	5749389	10618340	42904117	26486873	0.516	0.318	7644926	5826686	1124640	1761928	4910112	4346229	944820	1001588	2734814	1480457	179820	760340	43922528	23726147	1710671	28759606	20842313	3452681	2296708	8981159	1637181	41193446	26486873
2021-06-22	68750452	1070133	369637	700496	50439964	5845047	10720721	43307803	27187369	0.521	0.327	7644926	5826686	1124640	1761928	4910112	4346229	944820	1001588	2734814	1480457	179820	760340	44359957	24354112	1744720	29082747	21357217	3482986	2362061	8997350	1723371	41563083	27187369
2021-06-23	70077824	1327372	481811	845561	51522168	5940593	10836008	43823949	28032930	0.527	0.337	7644926	5826686	1124640	1761928	4910112	4346229	944820	1001588	2734814	1480457	179820	760340	44798392	25237778	1779055	29514496	22007672	3512573	2428020	9017825	1818183	42044894	28032930
2021-06-24	71106027	1028203	482759	545444	52312802	6027629	10946458	44346791	28578374	0.533	0.344	7644926	5826686	1124640	1761928	4910112	4346229	944820	1001588	2734814	1480457	179820	760340	45229146	25830883	1819138	29940978	22371824	3547641	2479988	9039034	1907424	42527653	28578374
2021-06-25	72019678	913651	374141	539510	53000428	6103914	11056271	44760859	29117884	0.538	0.350	7644926	5826686	1124640	1761928	4910112	4346229	944820	1001588	2734814	1480457	179820	760340	45656052	26314646	1859065	30268815	22731613	3574143	2529771	9058836	1997435	42901794	29117884
2021-06-26	72427826	408148	135117	273031	53253969	6172940	11128729	44909099	29390915	0.540	0.353	7644926	5826686	1124640	1761928	4910112	4346229	944820	1001588	2734814	1480457	179820	760340	45999849	26378225	1872188	30372176	22881793	3599684	2573256	9065051	2063678	43036911	29390915
2021-06-27	72719389	291563	89530	202033	53426584	6231009	11185488	45002749	29592948	0.541	0.356	7644926	5826686	1124640	1761928	4910112	4346229	944820	1001588	2734814	1480457	179820	760340	46265339	26403445	1876308	30439066	22987518	3618932	2612077	9068443	2117045	43126441	29592948
2021-06-28	73344407	625018	240859	384159	53823866	6320705	11299188	45267948	29977107	0.544	0.360	7644926	5826686	1124640	1761928	4910112	4346229	944820	1001588	2734814	1480457	179820	760340	46673863	26617843	1900648	30633975	23189891	3651157	2669548	9082168	2217020	43367300	29977107
2021-06-29	74271754	927347	384795	542552	54503687	6413247	11431829	45675086	30519659	0.549	0.367	7644926	5826686	1124640	1761928	4910112	4346229	944820	1001588	2734814	1480457	179820	760340	47100568	27113831	1922991	30974183	23529504	3684045	2729202	9093867	2337962	43752095	30519659
2021-06-30	75287220	1015466	445841	569625	55266477	6506942	11568210	46143527	31089284	0.555	0.374	7644926	5826686	1124640	1761928	4910112	4346229	944820	1001588	2734814	1480457	179820	760340	47526674	27697962	1945591	31370841	23895636	3718764	2788178	9108331	2459879	44197936	31089284
2021-07-01	76264215	976995	448882	528113	56005337	6589971	11700923	46614802	31617397	0.560	0.380	7644926	5826686	1124640	1761928	4910112	4346229	944820	1001588	2734814	1480457	179820	760340	47929100	28268207	1967984	31775750	24229587	3749228	2840743	9121840	2579083	44646818	31617397
2021-07-02	77105078	840863	376407	464456	56651421	6684295	11779956	47012631	32081853	0.565	0.386	7644926	5826686	1124640	1761928	4910112	4346229	944820	1001588	2734814	1480457	179820	760340	48324826	28709971	1989406	32111289	24540132	3780900	2903395	9131036	2648920	45023225	32081853
2021-07-03	77481058	375980	148079	227901	56905929	6763569	11807055	47175809	32309754	0.567	0.388	7644926	5826686	1124640	1761928	4910112	4346229	944820	1001588	2734814	1480457	179820	760340	48633809	28776252	2004505	32232007	24673922	3805478	2958091	9133819	2673236	45171304	32309754
2021-07-04	77753590	272532	92620	179912	57087225	6831706	11821576	47277007	32489666	0.568	0.391	7644926	5826686	1124640	1761928	4910112	4346229	944820	1001588	2734814	1480457	179820	760340	48878822	28803194	2013083	32304755	24782470	3823905	3007801	9135264	2686312	45263924	32489666
2021-07-05	78287082	533492	194681	338811	57472048	6925996	11861105	47486538	32828477	0.571	0.395	7644926	5826686	1124640	1761928	4910112	4346229	944820	1001588	2734814	1480457	179820	760340	49220259	28993153	2027933	32469118	25002930	3849875	3076121	9139612	2721493	45458605	32828477
2021-07-06	79060471	773389	268511	504878	58085824	7024813	11906291	47770659	33333355	0.574	0.401	7644926	5826686	1124640	1761928	4910112	4346229	944820	1001588	2734814	1480457	179820	760340	49559976	29423099	2043543	32707842	25377982	3875118	3149695	9144156	2762135	45727116	33333355
2021-07-07	80050550	990079	321972	668107	58910453	7120148	11957575	48111462	34001462	0.578	0.409	7644926	5826686	1124640	1761928	4910112	4346229	944820	1001588	2734814	1480457	179820	760340	49911826	30056482	2062374	32999847	25910606	3899687	3220461	9149554	2808021	46049088	34001462
2021-07-08	80891897	841347	261385	579962	59589369	7220854	12000133	48392014	34581424	0.582	0.416	7644926	5826686	1124640	1761928	4910112	4346229	944820	1001588	2734814	1480457	179820	760340	50253971	30551427	2081541	33234539	26354830	3922103	3298751	9153831	2846302	46310473	34581424
2021-07-09	81643669	751772	218108	533664	60179335	7319178	12043205	48630532	35115088	0.585	0.422	7644926	5826686	1124640	1761928	4910112	4346229	944820	1001588	2734814	1480457	179820	760340	50596703	30956968	2101951	33430375	26748960	3939937	3379241	9158269	2884936	46528581	35115088
2021-07-10	81986397	342728	95357	247371	60407080	7403337	12064288	48735630	35362459	0.586	0.425	7644926	5826686	1124640	1761928	4910112	4346229	944820	1001588	2734814	1480457	179820	760340	50870522	31025280	2111692	33506183	26900897	3958047	3445290	9159708	2904580	46623938	35362459
2021-07-11	82214122	227725	60927	166798	60552721	7466843	12074573	48804850	35529257	0.587	0.427	7644926	5826686	1124640	1761928	4910112	4346229	944820	1001588	2734814	1480457	179820	760340	51078953	31044204	2119985	33551872	27000849	3972818	3494025	9160175	2914398	46684865	35529257
2021-07-12	82678016	463894	150059	313835	60899753	7545639	12098582	48968966	35843092	0.589	0.431	7644926	5826686	1124640	1761928	4910112	4346229	944820	1001588	2734814	1480457	179820	760340	51344394	31240232	2134042	33671181	27228572	4001697	3543942	9162046	2936536	46834924	35843092
2021-07-13	83434122	756106	179059	577047	61523887	7623244	12133125	49167849	36420139	0.591	0.438	7644926	5826686	1124640	1761928	4910112	4346229	944820	1001588	2734814	1480457	179820	760340	51597241	31739362	2153866	33822011	27701876	4027664	3595580	9164308	2968817	47013983	36420139
2021-07-14	84403209	969087	202067	767020	62351458	7694997	12180216	49392588	37187159	0.594	0.447	7644926	5826686	1124640	1761928	4910112	4346229	944820	1001588	2734814	1480457	179820	760340	51871787	32429200	2176538	33999226	28352232	4048851	3646146	9167973	3012243	47216050	37187159
2021-07-15	85164302	761093	170047	591046	62980969	7765823	12218746	49584861	37778205	0.596	0.454	7644926	5826686	1124640	1761928	4910112	4346229	944820	1001588	2734814	1480457	179820	760340	52126769	32931568	2198764	34147225	28833744	4068026	3697797	9170846	3047900	47386097	37778205
2021-07-16	85817062	652760	150114	502646	63515986	7829943	12250676	49756668	38280851	0.598	0.460	7644926	5826686	1124640	1761928	4910112	4346229	944820	1001588	2734814	1480457	179820	760340	52378971	33328254	2220457	34278238	29237748	4085211	3744732	9172762	3077914	47536211	38280851
2021-07-17	86086138	269076	70473	198603	63688916	7893025	12266302	49844579	38479454	0.599	0.463	7644926	5826686	1124640	1761928	4910112	4346229	944820	1001588	2734814	1480457	179820	760340	52589670	33384580	2237895	34332205	29356711	4100836	3792189	9173643	3092659	47606684	38479454
2021-07-18	86284897	198759	59146	139613	63823741	7934546	12277726	49914714	38619067	0.600	0.464	7644926	5826686	1124640	1761928	4910112	4346229	944820	1001588	2734814	1480457	179820	760340	52759805	33412623	2248884	34381815	29441926	4110100	3824446	9173915	3103811	47665830	38619067
2021-07-19	86661736	376839	90842	285997	64116231	7984995	12297467	50019715	38905064	0.601	0.468	7644926	5826686	1124640	1761928	4910112	4346229	944820	1001588	2734814	1480457	179820	760340	52954603	33592649	2263043	34458426	29657805	4123027	3861968	9175219	3122248	47756672	38905064
2021-07-20	87259363	597627	125600	472027	64629744	8033156	12319324	50159411	39377091	0.603	0.473	7644926	5826686	1124640	1761928	4910112	4346229	944820	1001588	2734814	1480457	179820	760340	53170118	33970767	2277139	34565913	30063831	4138613	3894543	9177746	3141578	47882272	39377091
2021-07-21	88000746	741383	154198	587185	65288749	8079102	12342051	50327314	39964276	0.605	0.481	7644926	5826686	1124640	1761928	4910112	4346229	944820	1001588	2734814	1480457	179820	760340	53400107	34477235	2290844	34705561	30583188	4151571	3927531	9179338	3162713	48036470	39964276
2021-07-22	88606233	605487	120556	484931	65819040	8122359	12360877	50460983	40449207	0.607	0.486	7644926	5826686	1124640	1761928	4910112	4346229	944820	1001588	2734814	1480457	179820	760340	53620478	34857754	2303957	34814698	31004342	4161609	3960750	9180719	3180158	48157026	40449207
2021-07-23	89162651	556418	112386	444032	66297508	8164439	12379370	50590746	40893239	0.608	0.492	7644926	5826686	1124640	1761928	4910112	4346229	944820	1001588	2734814	1480457	179820	760340	53846044	35185498	2321334	34915928	31381580	4171430	3993009	9182054	3197316	48269412	40893239
2021-07-24	89368597	205946	51519	154427	66447401	8201870	12387108	50653149	41047666	0.609	0.494	7644926	5826686	1124640	1761928	4910112	4346229	944820	1001588	2734814	1480457	179820	760340	53996031	35239989	2332218	34959432	31487969	4178682	4023188	9182817	3204291	48320931	41047666
2021-07-25	89491715	123118	31649	91469	66530320	8233284	12390386	50690305	41139135	0.610	0.495	7644926	5826686	1124640	1761928	4910112	4346229	944820	1001588	2734814	1480457	179820	760340	54099305	35258381	2337725	34984721	31545599	4184924	4048360	9182935	3207451	48352580	41139135
2021-07-26	89818983	327268	70259	257009	66795299	8272756	12402636	50771131	41396144	0.610	0.498	7644926	5826686	1124640	1761928	4910112	4346229	944820	1001588	2734814	1480457	179820	760340	54276329	35406924	2348292	35044508	31750791	4194305	4078451	9184026	3218610	48422839	41396144
2021-07-27	90349434	530451	95926	434525	67252947	8313956	12422336	50878960	41830669	0.612	0.503	7644926	5826686	1124640	1761928	4910112	4346229	944820	1001588	2734814	1480457	179820	760340	54470137	35739285	2360195	35130714	32122233	4202745	4111211	9185306	3237030	48518765	41830669
2021-07-28	90998253	648819	116700	532119	67822262	8358856	12445470	51007130	42362788	0.613	0.509	7644926	5826686	1124640	1761928	4910112	4346229	944820	1001588	2734814	1480457	179820	760340	54668800	36185608	2371665	35237199	32585063	4211741	4147115	9186525	3258945	48635465	42362788
