date	dosen_kumulativ	dosen_differenz_zum_vortag	dosen_erst_differenz_zum_vortag	dosen_zweit_differenz_zum_vortag	dosen_biontech_kumulativ	dosen_moderna_kumulativ	dosen_astrazeneca_kumulativ	personen_erst_kumulativ	personen_voll_kumulativ	impf_quote_erst	impf_quote_voll	indikation_alter_dosen	indikation_beruf_dosen	indikation_medizinisch_dosen	indikation_pflegeheim_dosen	indikation_alter_erst	indikation_beruf_erst	indikation_medizinisch_erst	indikation_pflegeheim_erst	indikation_alter_voll	indikation_beruf_voll	indikation_medizinisch_voll	indikation_pflegeheim_voll	dosen_dim_kumulativ	dosen_kbv_kumulativ	dosen_johnson_kumulativ	dosen_biontech_erst_kumulativ	dosen_biontech_zweit_kumulativ	dosen_moderna_erst_kumulativ	dosen_moderna_zweit_kumulativ	dosen_astrazeneca_erst_kumulativ	dosen_astrazeneca_zweit_kumulativ	dosen_erst_kumulativ	dosen_zweit_kumulativ
2020-12-27	24088	24088	24075	13	24086	2	0	24075	13	0.000	0.000	10705	8657	1305	12604	10664	8590	1305	12536	41	67	0	68	24088	0	0	24073	13	2	0	0	0	24075	13
2020-12-28	42079	17991	17830	161	42077	2	0	41905	174	0.001	0.000	18621	15788	1991	21344	18580	15721	1991	21276	41	67	0	68	42079	0	0	41903	174	2	0	0	0	41905	174
2020-12-29	92088	50009	49275	734	92085	2	1	91180	908	0.001	0.000	34989	40734	3107	40508	34724	40420	3107	40099	265	314	0	409	92088	0	0	91177	908	2	0	1	0	91180	908
2020-12-30	155585	63497	63359	138	155582	2	1	154539	1046	0.002	0.000	55510	73365	4901	63206	55243	73050	4901	62794	267	315	0	412	155585	0	0	154536	1046	2	0	1	0	154539	1046
2020-12-31	205276	49691	49602	89	205273	2	1	204141	1135	0.002	0.000	72831	96719	6752	83965	72517	96367	6752	83476	314	352	0	489	205276	0	0	204138	1135	2	0	1	0	204141	1135
2021-01-01	230626	25350	25341	9	230615	7	4	229482	1144	0.003	0.000	81208	105449	7830	92301	80894	105097	7830	91812	314	352	0	489	230626	0	0	229472	1143	7	0	3	1	229482	1144
2021-01-02	278573	47947	47661	286	278562	7	4	277143	1430	0.003	0.000	102774	129731	10350	113258	102365	129304	10350	112629	409	427	0	629	278573	0	0	277133	1429	7	0	3	1	277143	1430
2021-01-03	300986	22413	22408	5	300973	9	4	299551	1435	0.004	0.000	113044	140227	11284	123279	112635	139800	11284	122650	409	427	0	629	300986	0	0	299539	1434	9	0	3	1	299551	1435
2021-01-04	346831	45845	45749	96	346817	10	4	345300	1531	0.004	0.000	129646	164913	13951	139091	129237	164486	13951	138462	409	427	0	629	346831	0	0	345287	1530	10	0	3	1	345300	1531
2021-01-05	399062	52231	51894	337	399047	11	4	397194	1868	0.005	0.000	147987	192565	16489	157656	147576	192117	16489	157025	411	448	0	631	399062	0	0	397180	1867	11	0	3	1	397194	1868
2021-01-06	461572	62510	62417	93	461548	17	7	459611	1961	0.006	0.000	169498	225530	19910	180812	169086	225082	19910	180181	412	448	0	631	461572	0	0	459589	1959	17	0	5	2	459611	1961
2021-01-07	516154	54582	54560	22	516124	20	9	514172	1983	0.006	0.000	189172	254868	22957	197233	188758	254418	22957	196600	414	450	0	633	516154	0	1	514144	1980	20	0	7	2	514171	1983
2021-01-08	578369	62215	62107	108	578287	71	10	576279	2091	0.007	0.000	211521	287315	26324	218219	211009	286711	26320	217449	512	604	4	770	578369	0	1	576199	2088	71	0	8	2	576278	2091
2021-01-09	638374	60005	59857	148	638288	74	11	636136	2239	0.008	0.000	237322	313238	29007	243325	236798	312599	29003	242545	524	639	4	780	638374	0	1	636053	2235	74	0	8	3	636135	2239
2021-01-10	674106	35732	35583	149	674012	82	11	671719	2388	0.008	0.000	252455	327794	30379	256315	251929	327151	30375	255535	526	643	4	780	674106	0	1	671629	2383	81	1	8	3	671718	2388
2021-01-11	741919	67813	67711	102	741809	96	13	739430	2490	0.009	0.000	277513	359176	33587	276774	276967	358513	33583	275968	546	663	4	806	741919	0	1	739330	2479	89	7	10	3	739429	2490
2021-01-12	820469	78550	78485	65	820343	111	14	817915	2555	0.010	0.000	305695	401338	36582	301731	305147	400670	36578	300888	548	668	4	843	820469	0	1	817800	2543	104	7	10	4	817914	2555
2021-01-13	931688	111219	111018	201	930394	1279	14	928933	2756	0.011	0.000	345167	458844	40485	337339	344574	458093	40466	336399	593	751	19	940	931688	0	1	927650	2744	1272	7	10	4	928932	2756
2021-01-14	1015262	83574	83352	222	1008819	6428	14	1012285	2978	0.012	0.000	374803	501101	42769	361463	374094	500254	42750	360452	709	847	19	1011	1015262	0	1	1005897	2922	6377	51	10	4	1012284	2978
2021-01-15	1106243	90981	90135	846	1094529	11694	19	1102420	3824	0.013	0.000	408725	545673	46728	389202	407810	544625	46700	387982	915	1048	28	1220	1106243	0	1	1090761	3768	11643	51	15	4	1102419	3824
2021-01-16	1163717	57474	56469	1005	1150323	13373	20	1158889	4829	0.014	0.000	432983	570627	48859	408798	431664	569232	48767	407047	1319	1395	92	1751	1163717	0	1	1145550	4773	13322	51	16	4	1158888	4829
2021-01-17	1211059	47342	30427	16915	1196402	14634	21	1189317	21744	0.014	0.000	453449	591002	50884	428544	444215	583354	50014	417145	9234	7648	870	11399	1211059	0	2	1174715	21687	14583	51	17	4	1189315	21744
2021-01-18	1293270	82211	66625	15586	1274471	18775	22	1255942	37330	0.015	0.000	482728	633883	53106	448900	467235	619730	51700	430238	15493	14153	1406	18662	1293270	0	2	1237200	37271	18722	53	18	4	1255940	37330
2021-01-19	1412275	119005	83006	35999	1389800	22442	31	1338948	73329	0.016	0.001	519765	695968	56714	479843	492669	666683	54375	447938	27096	29285	2339	31905	1412275	0	2	1316535	73265	22384	58	27	4	1338946	73329
2021-01-20	1543724	131449	78058	53391	1518505	25183	34	1417006	126720	0.017	0.002	568076	760039	60957	522078	522876	706310	57505	469463	45200	53729	3452	52615	1543724	0	2	1391849	126656	25125	58	30	4	1417004	126720
2021-01-21	1648562	104838	64097	40741	1620602	27923	35	1481103	167461	0.018	0.002	610150	808503	65406	556195	549621	735602	60889	487988	60529	72901	4517	68207	1648562	0	2	1453207	167395	27864	59	30	5	1481101	167461
2021-01-22	1749950	101388	68219	33169	1719797	30108	43	1549322	200630	0.019	0.002	654049	853889	69013	590642	579902	764987	63599	506975	74147	88902	5414	83667	1749950	0	2	1519238	200559	30044	64	38	5	1549320	200630
2021-01-23	1836293	86343	40477	45866	1805784	30461	46	1589799	246496	0.019	0.003	691767	890989	72414	617916	599855	780966	64783	516268	91912	110023	7631	101648	1836293	0	2	1559360	246424	30396	65	41	5	1589797	246496
2021-01-24	1883417	47124	25533	21591	1852706	30659	50	1615332	268087	0.019	0.003	715655	910067	73331	632982	614016	789814	65130	521524	101639	120253	8201	111458	1883417	0	2	1584691	268015	30594	65	45	5	1615330	268087
2021-01-25	1974178	90761	52464	38297	1942048	32075	53	1667796	306384	0.020	0.004	756375	951632	76827	658117	642321	811974	66847	534304	114054	139658	9980	123813	1974178	0	2	1635739	306309	32007	68	48	5	1667794	306384
2021-01-26	2071620	97442	50718	46724	2038049	33509	60	1718514	353108	0.021	0.004	796572	997196	80614	684405	667753	831436	68195	545278	128819	165760	12419	139127	2071620	0	2	1685021	353028	33436	73	55	5	1718512	353108
2021-01-27	2180643	109023	50869	58154	2145277	35295	68	1769384	411262	0.021	0.005	839834	1049509	85786	715259	691463	852265	70042	556304	148371	197244	15744	158955	2180643	0	3	1734108	411169	35210	85	63	5	1769381	411262
2021-01-28	2273119	92476	46593	45883	2236122	36923	71	1815977	457145	0.022	0.005	877990	1090332	89974	739697	713483	869115	71590	567469	164507	221217	18384	172228	2273119	0	3	1779158	456964	36750	173	66	5	1815974	457145
2021-01-29	2380853	107734	49994	57740	2342369	38403	78	1865971	514885	0.022	0.006	920894	1138243	95507	769100	735839	888487	73819	578309	185055	249756	21688	190791	2380853	0	3	1827666	514703	38229	174	73	5	1865968	514885
2021-01-30	2468855	88002	34393	53609	2429489	39283	80	1900364	568494	0.023	0.007	957412	1174692	99468	796433	752473	901967	75224	586328	204939	272725	24244	210105	2468855	0	3	1861180	568309	39107	176	74	6	1900361	568494
2021-01-31	2525660	56805	25770	31035	2485913	39659	85	1926134	599529	0.023	0.007	982865	1196922	101575	812430	766590	910861	76411	592657	216275	286061	25164	219773	2525660	0	3	1886578	599335	39475	184	78	7	1926131	599529
2021-02-01	2645078	119418	57973	61445	2603072	41867	136	1984107	660974	0.024	0.008	1026174	1260299	105285	839830	787193	944041	78273	602425	238981	316258	27012	237405	2645078	0	3	1942294	660778	41681	186	129	7	1984104	660974
2021-02-02	2777297	132219	65059	67160	2732216	44929	149	2049166	728134	0.025	0.009	1069633	1330364	110479	870030	806216	982089	80866	611659	263417	348275	29613	258371	2777297	0	3	2004279	727937	44742	187	142	7	2049163	728134
2021-02-03	2939231	161934	64236	97698	2887797	51256	175	2113402	825832	0.025	0.010	1128983	1407775	116405	912544	829819	1014401	83062	623312	299164	393374	33343	289232	2939231	0	3	2062168	825629	51063	193	168	7	2113399	825832
2021-02-04	3073123	133892	61800	72092	3015852	57088	180	2175202	897924	0.026	0.011	1177986	1472437	120972	943857	851937	1046473	85311	632945	326049	425964	35661	310912	3073123	0	3	2118134	897718	56892	196	173	7	2175199	897924
2021-02-05	3219883	146760	68962	77798	3156156	63536	188	2244164	975722	0.027	0.012	1232524	1542580	126293	977786	877231	1080338	86905	644262	355293	462242	39388	333524	3219883	0	3	2180775	975381	63206	330	180	8	2244161	975722
2021-02-06	3313554	93671	45441	48230	3247200	66162	189	2289605	1023952	0.028	0.012	1272514	1588658	130853	1003590	896490	1101898	88782	653957	376024	486760	42071	349633	3313554	0	3	2223589	1023611	65832	330	181	8	2289602	1023952
2021-02-07	3366863	53309	28260	25049	3298180	68488	191	2317866	1049001	0.028	0.013	1298155	1609930	133571	1016823	910800	1112720	90015	659435	387355	497210	43556	357388	3366863	0	4	2249522	1048658	68157	331	183	8	2317862	1049001
2021-02-08	3475726	108863	52827	56036	3403192	72310	219	2370694	1105037	0.029	0.013	1350672	1655734	137545	1035599	942269	1129343	91902	666781	408403	526391	45643	368818	3475726	0	5	2298501	1104691	71977	333	211	8	2370689	1105037
2021-02-09	3609711	133985	60209	73776	3533630	75744	332	2430903	1178813	0.029	0.014	1411842	1714380	141993	1058512	978151	1147503	94639	674792	433691	566877	47354	383720	3609711	0	5	2355353	1178277	75221	523	324	8	2430898	1178813
2021-02-10	3764125	154414	77291	77123	3675472	79980	8668	2508194	1255936	0.030	0.015	1478760	1781046	146001	1087933	1017461	1175177	96286	685176	461299	605869	49715	402757	3764125	0	5	2421066	1254406	78475	1505	8648	20	2508189	1255936
2021-02-11	3907863	143738	75244	68494	3795628	87244	24984	2583440	1324430	0.031	0.016	1539776	1848576	151475	1113070	1052428	1208053	98713	694775	487348	640523	52762	418295	3907863	0	7	2475775	1319853	82708	4536	24950	34	2583433	1324430
2021-02-12	4062983	155120	79552	75568	3927197	96541	39235	2662995	1399998	0.032	0.017	1611268	1919253	157751	1138545	1094198	1240389	101429	704318	517070	678864	56322	434227	4062983	0	10	2536828	1390369	87279	9262	38878	357	2662985	1399998
2021-02-13	4170301	107318	61931	45387	4017909	99798	52583	2724927	1445385	0.033	0.017	1667599	1960972	162355	1156080	1129093	1262877	103231	711418	538506	698095	59124	444662	4170301	0	11	2583706	1434203	88991	10807	52219	364	2724916	1445385
2021-02-14	4235470	65169	39492	25677	4073361	102272	59825	2764420	1471062	0.033	0.018	1706122	1983696	163973	1164146	1153761	1276081	104081	714928	552361	707615	59892	449218	4235470	0	12	2614707	1458654	90261	12011	59440	385	2764408	1471062
2021-02-15	4360715	125245	69587	55658	4177881	107539	75282	2834008	1526720	0.034	0.018	1773591	2031897	168008	1183418	1194859	1300739	106358	721524	578732	731158	61650	461894	4360715	0	13	2666584	1511297	92533	15006	74878	404	2833995	1526720
2021-02-16	4494698	133983	77775	56208	4286119	113691	94874	2911784	1582928	0.035	0.019	1839625	2089928	170683	1200400	1236633	1336138	107879	728440	602992	753790	62804	471960	4494698	0	14	2722054	1564065	95258	18433	94458	416	2911770	1582928
2021-02-17	4645419	150721	94431	56290	4408087	121689	115628	3006216	1639218	0.036	0.020	1920033	2147919	175770	1221928	1292995	1368705	110873	736858	627038	779214	64897	485070	4645419	0	15	2790931	1617156	100071	21618	115199	429	3006201	1639218
2021-02-18	4789639	144220	91233	52987	4520239	129912	139472	3097450	1692205	0.037	0.020	1995907	2206102	179208	1240945	1345328	1403985	112659	744258	650579	802117	66549	496687	4789639	0	16	2853642	1666597	104753	25159	139039	433	3097434	1692205
2021-02-19	4947957	158318	102750	55568	4641173	139873	166894	3200201	1747773	0.038	0.021	2076668	2266444	184080	1258305	1402958	1440066	115287	750941	673710	826378	68793	507364	4947957	0	17	2922125	1719048	111704	28169	166355	539	3200184	1747773
2021-02-20	5060008	112051	75793	36258	4727561	144337	188092	3275995	1784031	0.039	0.021	2138268	2310157	187738	1272296	1445964	1469322	117533	755178	692304	840835	70205	517118	5060008	0	18	2972698	1754863	115736	28601	187543	549	3275977	1784031
2021-02-21	5145770	85762	57384	28378	4794066	147978	203707	3333380	1812409	0.040	0.022	2187054	2340674	190304	1282667	1479917	1489494	118664	757407	707137	851180	71640	525260	5145770	0	19	3010991	1783075	119218	28760	203152	555	3333361	1812409
2021-02-22	5301010	155240	97556	57684	4916729	156938	227323	3430937	1870093	0.041	0.022	2266701	2410287	195201	1300517	1538362	1525084	121627	763642	728339	885203	73574	536875	5301010	0	20	3077751	1838978	126410	30528	226756	567	3430917	1870093
2021-02-23	5470851	169841	109384	60457	5050507	164147	256176	3540322	1930550	0.043	0.023	2346910	2483166	200501	1318387	1598211	1563793	124757	771284	748699	919373	75744	547103	5470851	0	21	3152742	1897765	131961	32186	255598	578	3540301	1930550
2021-02-24	5646531	175680	116539	59141	5181931	171757	292821	3656862	1989691	0.044	0.024	2431789	2557990	207079	1337422	1660503	1608669	128907	778912	771286	949321	78172	558510	5646531	0	22	3226729	1955202	137886	33871	292225	596	3656840	1989691
2021-02-25	5835465	188934	130004	58930	5313258	178515	343670	3786866	2048621	0.046	0.025	2514175	2648479	213515	1355541	1722988	1667176	133470	787131	791187	981303	80045	568410	5835465	0	22	3300668	2012590	143115	35400	343061	609	3786844	2048621
2021-02-26	6047895	212430	145574	66856	5454039	187348	406486	3932440	2115477	0.047	0.025	2602819	2749814	220591	1375230	1787946	1735795	138593	794627	814873	1014019	81998	580603	6047895	0	22	3376281	2077758	150332	37016	405805	681	3932418	2115477
2021-02-27	6195609	147714	107829	39885	5546690	191430	457467	4040269	2155362	0.049	0.026	2666475	2822116	227301	1388101	1833818	1790224	143432	799030	832657	1031892	83869	589071	6195609	0	22	3429787	2116903	153682	37748	456778	689	4040247	2155362
2021-02-28	6298442	102833	78774	24059	5607967	195385	495067	4119044	2179421	0.050	0.026	2714700	2875405	231582	1394762	1868893	1834535	146785	801170	845807	1040870	84797	593592	6298442	0	23	3467378	2140589	157284	38101	494359	708	4119021	2179421
2021-03-01	6496659	198217	148362	49855	5738232	205007	553397	4267406	2229276	0.051	0.027	2817221	2953369	239381	1408021	1943445	1896228	153263	806209	873776	1057141	86118	601812	6496659	0	23	3549825	2188407	164885	40122	552673	724	4267383	2229276
2021-03-02	6715625	218966	166874	52092	5878387	215001	622214	4434280	2281368	0.053	0.027	2927307	3047588	248982	1422628	2022735	1971725	160632	812692	904572	1075863	88350	609936	6715625	0	23	3640784	2237603	172005	42996	621468	746	4434257	2281368
2021-03-03	6962684	247059	176564	70495	6036150	229949	696562	4610844	2351863	0.055	0.028	3047976	3148969	260606	1439862	2105531	2048823	170041	819606	942445	1100146	90565	620256	6962684	0	23	3733980	2302170	181078	48871	695763	799	4610821	2351863
2021-03-04	7207494	244810	181996	62814	6177369	244414	785688	4792840	2414677	0.058	0.029	3159240	3258741	272992	1455625	2181653	2136963	180034	825002	977587	1121778	92958	630623	7207494	0	23	3817815	2359554	190151	54263	784851	837	4792817	2414677
2021-03-05	7481749	274255	207286	66969	6325292	257779	898654	5000127	2481646	0.060	0.030	3277185	3383782	287941	1471072	2258903	2242620	191990	830697	1018282	1141162	95951	640375	7481749	0	24	3904777	2420515	197556	60223	897770	884	5000103	2481646
2021-03-06	7683424	201675	153017	48658	6434519	266218	982663	5153144	2530304	0.062	0.030	3366696	3478463	298371	1480590	2314602	2325555	200824	833966	1052094	1152908	97547	646624	7683424	0	24	3967605	2466914	203757	62461	981758	905	5153120	2530304
2021-03-07	7830960	147536	114055	33481	6514258	272872	1043806	5267199	2563785	0.063	0.031	3437978	3544531	306478	1486155	2360956	2383880	208082	835928	1077022	1160651	98396	650227	7830960	0	24	4016219	2498039	208075	64797	1042881	925	5267175	2563785
2021-03-08	8068385	237425	185846	51579	6648163	283828	1136370	5453045	2615364	0.066	0.031	3556806	3640371	322827	1498475	2442587	2468035	222757	841890	1114219	1172336	100070	656585	8068385	0	24	4101949	2546214	215668	68160	1135404	966	5453021	2615364
2021-03-09	8320586	252201	197406	54795	6788261	296610	1235691	5650451	2670159	0.068	0.032	3677710	3742787	340236	1512022	2524321	2558568	238262	848791	1153389	1184219	101974	663231	8320586	0	24	4190789	2597472	224978	71632	1234660	1031	5650427	2670159
2021-03-10	8608971	288385	221360	67025	6947362	308788	1352796	5871812	2737184	0.071	0.033	3808598	3856306	360962	1530389	2606688	2661880	256906	860000	1201910	1194426	104056	670389	8608000	971	25	4286478	2660884	233597	75191	1351712	1084	5871787	2737184
2021-03-11	8893175	284204	223314	60890	7094989	322505	1475656	6095126	2798074	0.073	0.034	3937470	3976178	382106	1544008	2689957	2769533	276555	867677	1247513	1206645	105551	676331	8891549	1626	25	4377619	2717370	242967	79538	1474515	1141	6095101	2798074
2021-03-12	9219375	326200	255352	70848	7246567	339798	1632985	6350478	2868922	0.076	0.034	4071484	4127850	404783	1559463	2770420	2906954	297406	877132	1301064	1220896	107377	682331	9217539	1836	25	4463143	2783424	255667	84131	1631643	1342	6350453	2868922
2021-03-13	9459933	240558	190293	50265	7362582	349366	1747960	6540771	2919187	0.079	0.035	4181046	4240796	425293	1567511	2840453	3011727	316755	881879	1340593	1229069	108538	685632	9457941	1992	25	4530345	2832237	263895	85471	1746506	1454	6540746	2919187
2021-03-14	9629909	169976	134298	35678	7450641	354878	1824365	6675069	2954865	0.080	0.036	4266043	4307307	441408	1570975	2896461	3072888	331859	883676	1369582	1234419	109549	687299	9627907	2002	25	4583722	2866919	268432	86446	1822890	1475	6675044	2954865
2021-03-15	9877580	247671	188463	59208	7603448	367598	1906509	6863532	3014073	0.083	0.036	4400463	4391447	461474	1582289	2984151	3147219	350790	890548	1416312	1244228	110684	691741	9875295	2285	25	4679112	2924336	279453	88145	1904942	1567	6863507	3014073
2021-03-16	10056481	178901	110708	68193	7770082	378848	1907526	6974240	3082266	0.084	0.037	4527474	4426082	473886	1593025	3059300	3169255	361553	895647	1468174	1256827	112333	697378	10053649	2832	25	4780042	2990040	288218	90630	1905955	1571	6974215	3082266
2021-03-17	10261525	205044	124095	80949	7956390	396839	1908271	7098335	3163215	0.085	0.038	4672447	4463838	487350	1605072	3141952	3193652	373040	902175	1530495	1270186	114310	702897	10258076	3449	25	4890213	3066177	301402	95437	1906695	1576	7098310	3163215
2021-03-18	10455070	193545	117983	75562	8130613	415003	1909429	7216318	3238777	0.087	0.039	4812398	4498757	499905	1615322	3222615	3215628	383588	907340	1589783	1283129	116317	707982	10451198	3872	25	4994074	3136539	314367	100636	1907852	1577	7216293	3238777
2021-03-19	10700026	244956	160723	84233	8316218	435790	1947993	7377041	3323010	0.089	0.040	4961948	4563922	518114	1627194	3306761	3267408	399605	914537	1655187	1296514	118509	712657	10695623	4403	25	5102308	3213910	328349	107441	1946359	1634	7377016	3323010
2021-03-20	10920222	220196	166928	53268	8451595	451078	2017524	7543969	3376278	0.091	0.041	5078536	4641917	537715	1633319	3379545	3337212	417708	917920	1698991	1304705	120007	715399	10915495	4727	25	5188279	3263316	339805	111273	2015860	1664	7543944	3376278
2021-03-21	11084706	164484	126299	38185	8553768	460275	2070638	7670268	3414463	0.092	0.041	5171749	4694283	554274	1635819	3440184	3384099	433219	919244	1731565	1310184	121055	716575	11079979	4727	25	5255537	3298231	345758	114517	2068948	1690	7670243	3414463
2021-03-22	11353908	269202	192796	76406	8720208	484084	2149591	7863064	3490869	0.095	0.042	5329624	4766248	576579	1645397	3534739	3445389	453483	925279	1794885	1320859	123096	720118	11347653	6255	25	5353023	3367185	362168	121916	2147848	1743	7863039	3490869
2021-03-23	11654864	300956	216922	84034	8901893	503815	2249131	8079986	3574903	0.097	0.043	5490190	4854892	604288	1656865	3629814	3521119	478432	932910	1860376	1333773	125856	723955	11643621	11243	25	5455704	3446189	376926	126889	2247331	1800	8079961	3574903
2021-03-24	11994075	339211	249634	89577	9102202	536846	2355002	8329620	3664480	0.100	0.044	5664852	4952071	635971	1672375	3732242	3605792	507202	944863	1932610	1346279	128769	727512	11977040	17035	25	5571817	3530385	404650	132196	2353128	1874	8329595	3664480
2021-03-25	12326757	332682	251530	81152	9287736	564522	2474474	8581150	3745632	0.103	0.045	5830941	5060081	670798	1683452	3832663	3703768	539527	951994	1998278	1356313	131271	731458	12303777	22980	25	5681878	3605858	426758	137764	2472489	1985	8581125	3745632
2021-03-26	12700822	374065	285530	88535	9487524	601690	2611582	8866681	3834167	0.107	0.046	6003833	5184282	710463	1698535	3933360	3816071	576057	962322	2070473	1368211	134406	736213	12671528	29294	26	5799930	3687594	457226	144464	2609499	2083	8866655	3834167
2021-03-27	12982087	281265	218935	62330	9637110	629309	2715641	9085617	3896497	0.109	0.047	6147056	5279869	744190	1703356	4023632	3903670	607441	965464	2123424	1376199	136749	737892	12950443	31644	27	5890355	3746755	481735	147574	2713500	2141	9085590	3896497
2021-03-28	13178477	196390	143171	53219	9752439	647812	2778199	9228788	3949716	0.111	0.047	6253046	5333384	768116	1706823	4085867	3950861	629648	967502	2167179	1382523	138468	739321	13146642	31835	27	5955790	3796649	496964	150848	2776007	2192	9228761	3949716
2021-03-29	13484145	305668	217076	88592	9941154	672809	2870155	9445864	4038308	0.114	0.049	6418833	5404751	806706	1716518	4180272	4010842	665103	973637	2238561	1393909	141603	742881	13446362	37783	27	6062787	3878367	515152	157657	2867898	2257	9445837	4038308
2021-03-30	13813067	328922	236430	92492	10159739	697235	2956066	9682294	4130800	0.116	0.050	6591913	5474211	853024	1727240	4280843	4069380	706095	981320	2311070	1404831	146929	745920	13763148	49919	27	6195399	3964340	533120	164115	2953748	2318	9682267	4130800
2021-03-31	14149276	336209	234751	101458	10407207	733277	3008765	9917045	4232258	0.119	0.051	6774517	5538855	899988	1738789	4384637	4121392	747318	988525	2389880	1417463	152670	750264	14083042	66234	27	6349412	4057795	561195	172082	3006411	2354	9917018	4232258
2021-04-01	14475982	326706	235953	90753	10646142	765725	3064088	10152998	4323011	0.122	0.052	6936269	5606629	944397	1747554	4476928	4175958	787230	994147	2459341	1430671	157167	753407	14389669	86313	27	6505528	4140614	585751	179974	3061692	2396	10152971	4323011
2021-04-02	14701697	225715	157731	67984	10825672	780109	3095889	10310729	4390995	0.124	0.053	7067172	5654574	981393	1749910	4552089	4213818	820223	995356	2515083	1440756	161170	754554	14613860	87837	27	6621441	4204231	595794	184315	3093467	2422	10310702	4390995
2021-04-03	14933643	231946	167532	64414	10999887	795909	3137820	10478261	4455409	0.126	0.054	7198861	5698683	1018737	1753036	4633025	4248782	853330	997097	2565836	1449901	165407	755939	14844407	89236	27	6736126	4263761	606748	189161	3135360	2460	10478234	4455409
2021-04-04	15126597	192954	142598	50356	11132093	805971	3188506	10620859	4505765	0.128	0.054	7309766	5731715	1048001	1754173	4704262	4274251	879171	997551	2605504	1457464	168830	756622	15037225	89372	27	6821908	4310185	612921	193050	3186003	2503	10620832	4505765
2021-04-05	15374454	247857	177652	70205	11297087	823832	3253508	10798511	4575970	0.130	0.055	7456036	5770066	1081529	1756372	4794323	4302940	907924	998846	2661713	1467126	173605	757526	15283772	90682	27	6921509	4375578	626002	197830	3250973	2535	10798484	4575970
2021-04-06	15748191	373737	279053	94684	11552009	856039	3340114	11077566	4670654	0.133	0.056	7644926	5826686	1124640	1761928	4910112	4346229	944820	1001588	2734814	1480457	179820	760340	15620882	127309	29	7090509	4461500	649517	206522	3337511	2603	11077537	4670654
2021-04-07	16416156	667965	571629	96336	12094158	893080	3428889	11649195	4766990	0.140	0.057	7644926	5826686	1124640	1761928	4910112	4346229	944820	1001588	2734814	1480457	179820	760340	15983183	432973	29	7545007	4549151	677956	215124	3426203	2686	11649166	4766990
2021-04-08	17115026	698870	611166	87704	12665685	928713	3520599	12260361	4854694	0.147	0.058	7644926	5826686	1124640	1761928	4910112	4346229	944820	1001588	2734814	1480457	179820	760340	16357175	757851	29	8037884	4627801	704615	224098	3517833	2766	12260332	4854694
2021-04-09	17747205	632179	543234	88945	13156134	965304	3625738	12803595	4943639	0.154	0.059	7644926	5826686	1124640	1761928	4910112	4346229	944820	1001588	2734814	1480457	179820	760340	16749851	997354	29	8450906	4705228	729771	235533	3622889	2849	12803566	4943639
2021-04-10	18119736	372531	307510	65021	13404568	988528	3726611	13111105	5008660	0.158	0.060	7644926	5826686	1124640	1761928	4910112	4346229	944820	1001588	2734814	1480457	179820	760340	17089336	1030400	29	8642063	4762505	745314	243214	3723699	2912	13111076	5008660
2021-04-11	18383649	263913	213596	50317	13574934	1007194	3801492	13324701	5058977	0.160	0.061	7644926	5826686	1124640	1761928	4910112	4346229	944820	1001588	2734814	1480457	179820	760340	17348170	1035479	29	8766133	4808801	760035	247159	3798504	2988	13324672	5058977
2021-04-12	18802254	418605	342236	76369	13853805	1036427	3911992	13666938	5135346	0.164	0.062	7644926	5826686	1124640	1761928	4910112	4346229	944820	1001588	2734814	1480457	179820	760340	17718268	1083986	30	8977159	4876646	780798	255629	3908951	3041	13666908	5135346
2021-04-13	19379132	576878	503188	73690	14286007	1063751	4029344	14170126	5209036	0.170	0.063	7644926	5826686	1124640	1761928	4910112	4346229	944820	1001588	2734814	1480457	179820	760340	18099016	1280116	30	9341307	4944700	802680	261071	4026109	3235	14170096	5209036
2021-04-14	20153987	774855	691650	83205	14902343	1097298	4154316	14861776	5292241	0.179	0.064	7644926	5826686	1124640	1761928	4910112	4346229	944820	1001588	2734814	1480457	179820	760340	18500074	1653913	30	9883500	5018843	827723	269575	4150523	3793	14861746	5292241
2021-04-15	20834194	680207	609898	70309	15436409	1133412	4264342	15471675	5362550	0.186	0.064	7644926	5826686	1124640	1761928	4910112	4346229	944820	1001588	2734814	1480457	179820	760340	18884652	1949542	31	10356816	5079593	855224	278188	4259604	4738	15471644	5362550
2021-04-16	21430728	596534	522343	74191	15874579	1165929	4390189	15994018	5436741	0.192	0.065	7644926	5826686	1124640	1761928	4910112	4346229	944820	1001588	2734814	1480457	179820	760340	19286347	2144381	31	10730030	5144549	879311	286618	4384646	5543	15993987	5436741
2021-04-17	21796758	366030	309419	56611	16099457	1188614	4508656	16303437	5493352	0.196	0.066	7644926	5826686	1124640	1761928	4910112	4346229	944820	1001588	2734814	1480457	179820	760340	19630573	2166185	31	10906915	5192542	894859	293755	4501632	7024	16303406	5493352
2021-04-18	22066295	269537	230532	39005	16271512	1204003	4590749	16533969	5532357	0.199	0.067	7644926	5826686	1124640	1761928	4910112	4346229	944820	1001588	2734814	1480457	179820	760340	19895499	2170796	31	11045029	5226483	906350	297653	4582559	8190	16533938	5532357
2021-04-19	22468567	402272	340855	61417	16565298	1236937	4666300	16874825	5593774	0.203	0.067	7644926	5826686	1124640	1761928	4910112	4346229	944820	1001588	2734814	1480457	179820	760340	20253440	2215127	32	11286642	5278656	931360	305577	4656791	9509	16874793	5593774
2021-04-20	23029336	560769	497998	62771	16947206	1276182	4805915	17372824	5656545	0.209	0.068	7644926	5826686	1124640	1761928	4910112	4346229	944820	1001588	2734814	1480457	179820	760340	20619758	2409578	33	11614526	5332680	963940	312242	4794325	11590	17372791	5656545
2021-04-21	23750433	721097	647940	73157	17401510	1317895	5030995	18020764	5729702	0.217	0.069	7644926	5826686	1124640	1761928	4910112	4346229	944820	1001588	2734814	1480457	179820	760340	21001707	2748726	33	12006255	5395255	997521	320374	5016955	14040	18020731	5729702
2021-04-22	24389058	638625	571429	67196	17783288	1361571	5244166	18592193	5796898	0.224	0.070	7644926	5826686	1124640	1761928	4910112	4346229	944820	1001588	2734814	1480457	179820	760340	21373073	3015985	33	12332138	5451150	1033517	328054	5226505	17661	18592160	5796898
2021-04-23	24945485	556427	487493	68934	18136591	1405163	5403698	19079686	5865832	0.229	0.071	7644926	5826686	1124640	1761928	4910112	4346229	944820	1001588	2734814	1480457	179820	760340	21761305	3184180	33	12630584	5506007	1066585	338578	5382484	21214	19079653	5865832
2021-04-24	25311114	365629	306688	58941	18371567	1454497	5485017	19386374	5924773	0.233	0.071	7644926	5826686	1124640	1761928	4910112	4346229	944820	1001588	2734814	1480457	179820	760340	22110023	3201091	33	12824343	5547224	1100549	353948	5461449	23568	19386341	5924773
2021-04-25	25594089	282975	233935	49040	18559349	1488169	5546538	19620309	5973813	0.236	0.072	7644926	5826686	1124640	1761928	4910112	4346229	944820	1001588	2734814	1480457	179820	760340	22387184	3206905	33	12974731	5584618	1124361	363808	5521184	25354	19620276	5973813
2021-04-26	26027073	432984	358995	73989	18877172	1530669	5619129	19979374	6047802	0.240	0.073	7644926	5826686	1124640	1761928	4910112	4346229	944820	1001588	2734814	1480457	179820	760340	22733576	3293497	103	13231034	5646138	1158462	372207	5589775	29354	19979271	6047802
2021-04-27	26812432	785359	693358	92001	19553801	1582169	5675806	20673285	6139803	0.249	0.074	7644926	5826686	1124640	1761928	4910112	4346229	944820	1001588	2734814	1480457	179820	760340	23104055	3708377	656	13829821	5723980	1200834	381335	5641974	33832	20672629	6139803
2021-04-28	27935578	1123146	996093	127053	20561947	1642894	5729249	21670210	6266856	0.261	0.075	7644926	5826686	1124640	1761928	4910112	4346229	944820	1001588	2734814	1480457	179820	760340	23498118	4437460	1488	14729396	5832551	1249019	393875	5690307	38942	21668722	6266856
2021-04-29	28881870	946292	812816	133476	21386261	1706817	5786395	22483935	6400332	0.270	0.077	7644926	5826686	1124640	1761928	4910112	4346229	944820	1001588	2734814	1480457	179820	760340	23886342	4995528	2397	15441436	5944825	1300548	406269	5739554	46841	22481538	6400332
2021-04-30	29685543	803673	666604	137069	22064561	1764106	5853604	23151414	6537401	0.278	0.079	7644926	5826686	1124640	1761928	4910112	4346229	944820	1001588	2734814	1480457	179820	760340	24290169	5395374	3272	16008183	6056378	1342580	421526	5797379	56225	23148142	6537401
2021-05-01	30021835	336292	260060	76232	22317395	1805598	5892996	23414048	6613633	0.282	0.080	7644926	5826686	1124640	1761928	4910112	4346229	944820	1001588	2734814	1480457	179820	760340	24601811	5420024	5846	16199780	6117615	1377667	427931	5830755	62241	23408202	6613633
2021-05-02	30286827	264992	197626	67366	22512969	1843107	5923098	23613481	6680999	0.284	0.080	7644926	5826686	1124640	1761928	4910112	4346229	944820	1001588	2734814	1480457	179820	760340	24859148	5427679	7653	16339622	6173347	1409925	433182	5856281	66817	23605828	6680999
2021-05-03	30738494	451667	335275	116392	22830816	1913681	5984758	23950342	6797391	0.288	0.082	7644926	5826686	1124640	1761928	4910112	4346229	944820	1001588	2734814	1480457	179820	760340	25216955	5521539	9239	16566475	6264341	1467291	446390	5907337	77421	23941103	6797391
2021-05-04	31581410	842916	681218	161698	23457065	1977153	6134992	24634521	6959089	0.296	0.084	7644926	5826686	1124640	1761928	4910112	4346229	944820	1001588	2734814	1480457	179820	760340	25592619	5988791	12200	17060934	6396131	1517517	459636	6043870	91122	24622321	6959089
2021-05-05	32728470	1147060	914841	232219	24308268	2056071	6347460	25553833	7191308	0.307	0.086	7644926	5826686	1124640	1761928	4910112	4346229	944820	1001588	2734814	1480457	179820	760340	26013715	6714755	16671	17726771	6581497	1570942	485129	6239449	108011	25537162	7191308
2021-05-06	33719352	990882	767275	223607	25000958	2148167	6549006	26325658	7414915	0.317	0.089	7644926	5826686	1124640	1761928	4910112	4346229	944820	1001588	2734814	1480457	179820	760340	26429486	7289866	21221	18242273	6758685	1640624	507543	6421540	127466	26304437	7414915
2021-05-07	34610426	891074	652638	238436	25588722	2234831	6761450	26982498	7653351	0.324	0.092	7644926	5826686	1124640	1761928	4910112	4346229	944820	1001588	2734814	1480457	179820	760340	26876544	7733882	25423	18656040	6932682	1696321	538510	6604714	156736	26957075	7653351
2021-05-08	35036214	425788	271733	154055	25856399	2306606	6846069	27255948	7807406	0.328	0.094	7644926	5826686	1124640	1761928	4910112	4346229	944820	1001588	2734814	1480457	179820	760340	27241841	7794373	27140	18810824	7045575	1748268	558338	6669716	176353	27228808	7807406
2021-05-09	35322393	286179	183644	102535	26050287	2363163	6880736	27440659	7909941	0.330	0.095	7644926	5826686	1124640	1761928	4910112	4346229	944820	1001588	2734814	1480457	179820	760340	27516985	7805408	28207	18925455	7124832	1794032	569131	6692965	187771	27412452	7909941
2021-05-10	35911605	589212	395730	193482	26423342	2444951	7011376	27840118	8103423	0.335	0.097	7644926	5826686	1124640	1761928	4910112	4346229	944820	1001588	2734814	1480457	179820	760340	27917299	7994306	31936	19156750	7266592	1853642	591309	6797790	213586	27808182	8103423
2021-05-11	36997314	1085709	797932	287777	27249200	2524820	7187717	28641691	8391200	0.344	0.101	7644926	5826686	1124640	1761928	4910112	4346229	944820	1001588	2734814	1480457	179820	760340	28349313	8648001	35577	19749759	7499441	1911345	613475	6945010	242707	28606114	8391200
2021-05-12	38413240	1415926	1049257	366669	28342468	2616466	7412977	29696700	8757869	0.357	0.105	7644926	5826686	1124640	1761928	4910112	4346229	944820	1001588	2734814	1480457	179820	760340	28809256	9603984	41329	20546599	7795869	1972458	644008	7136314	276663	29655371	8757869
2021-05-13	38842395	429155	268321	160834	28657731	2683201	7457487	29967668	8918703	0.360	0.107	7644926	5826686	1124640	1761928	4910112	4346229	944820	1001588	2734814	1480457	179820	760340	29164932	9677463	43976	20734100	7923631	2023983	659218	7165609	291878	29923692	8918703
2021-05-14	39598805	756410	526072	230338	29202893	2748068	7596076	30501532	9149041	0.367	0.110	7644926	5826686	1124640	1761928	4910112	4346229	944820	1001588	2734814	1480457	179820	760340	29570005	10028800	51768	21098837	8104056	2073678	674390	7277249	318827	30449764	9149041
2021-05-15	39999094	400289	234684	165605	29482073	2808447	7652526	30740496	9314646	0.370	0.112	7644926	5826686	1124640	1761928	4910112	4346229	944820	1001588	2734814	1480457	179820	760340	29922628	10076466	56048	21255641	8226432	2117633	690814	7311174	341352	30684448	9314646
2021-05-16	40281224	282130	160538	121592	29681828	2861173	7677452	30905757	9436238	0.372	0.113	7644926	5826686	1124640	1761928	4910112	4346229	944820	1001588	2734814	1480457	179820	760340	30188753	10092471	60771	21362022	8319806	2160477	700696	7322487	354965	30844986	9436238
2021-05-17	40836344	555120	349262	205858	30020052	2946816	7798948	31264776	9642096	0.376	0.116	7644926	5826686	1124640	1761928	4910112	4346229	944820	1001588	2734814	1480457	179820	760340	30574555	10261789	70528	21554900	8465152	2221708	725108	7417640	381308	31194248	9642096
2021-05-18	41708098	871754	517347	354407	30609431	3047892	7972475	31789895	9996503	0.382	0.120	7644926	5826686	1124640	1761928	4910112	4346229	944820	1001588	2734814	1480457	179820	760340	30991305	10716793	78300	21854265	8755166	2294207	753685	7563123	409352	31711595	9996503
2021-05-19	42805867	1097769	563709	534060	31413493	3147965	8153953	32365760	10530563	0.389	0.127	7644926	5826686	1124640	1761928	4910112	4346229	944820	1001588	2734814	1480457	179820	760340	31409296	11396571	90456	22198232	9215261	2360431	787534	7716641	437312	32275304	10530563
2021-05-20	43753274	947407	455558	491849	32097008	3244400	8310573	32832155	11022412	0.395	0.133	7644926	5826686	1124640	1761928	4910112	4346229	944820	1001588	2734814	1480457	179820	760340	31825760	11927514	101293	22459139	9637869	2425926	818474	7845797	464776	32730862	11022412
2021-05-21	44604287	851013	405986	445027	32693064	3330077	8467974	33250020	11467439	0.400	0.138	7644926	5826686	1124640	1761928	4910112	4346229	944820	1001588	2734814	1480457	179820	760340	32254053	12350234	113172	22681634	10011430	2482292	847785	7972922	495052	33136848	11467439
2021-05-22	45078070	473783	214996	258787	32999242	3399580	8551799	33479293	11726226	0.403	0.141	7644926	5826686	1124640	1761928	4910112	4346229	944820	1001588	2734814	1480457	179820	760340	32598906	12479164	127449	22780189	10219053	2530600	868980	8041055	510744	33351844	11726226
2021-05-23	45363131	285061	124756	160305	33192147	3458967	8575704	33612913	11886531	0.404	0.143	7644926	5826686	1124640	1761928	4910112	4346229	944820	1001588	2734814	1480457	179820	760340	32865846	12497285	136313	22845846	10346301	2574899	884068	8055855	519849	33476600	11886531
2021-05-24	45688991	325860	141111	184749	33427797	3520493	8596350	33762062	12071280	0.406	0.145	7644926	5826686	1124640	1761928	4910112	4346229	944820	1001588	2734814	1480457	179820	760340	33176181	12512810	144351	22928448	10499349	2621429	899064	8067834	528516	33617711	12071280
2021-05-25	46344448	655457	272080	383377	33874323	3600224	8700393	34059299	12454657	0.410	0.150	7644926	5826686	1124640	1761928	4910112	4346229	944820	1001588	2734814	1480457	179820	760340	33572695	12771753	169508	23070115	10804208	2672864	927360	8146812	553581	33889791	12454657
2021-05-26	47524198	1179750	469520	710230	34759348	3682572	8834499	34607090	13164887	0.416	0.158	7644926	5826686	1124640	1761928	4910112	4346229	944820	1001588	2734814	1480457	179820	760340	33989030	13535168	247779	23384924	11374424	2725445	957127	8248942	585557	34359311	13164887
2021-05-27	48565000	1040802	404183	636619	35498463	3771499	8966138	35092394	13801506	0.422	0.166	7644926	5826686	1124640	1761928	4910112	4346229	944820	1001588	2734814	1480457	179820	760340	34407995	14157005	328900	23642787	11855676	2777070	994429	8343637	622501	34763494	13801506
2021-05-28	49468897	903897	356361	547536	36101947	3857629	9096666	35532510	14349042	0.427	0.173	7644926	5826686	1124640	1761928	4910112	4346229	944820	1001588	2734814	1480457	179820	760340	34843931	14624966	412655	23859612	12242335	2827593	1030036	8432650	664016	35119855	14349042
2021-05-29	49879071	410174	151735	258439	36363770	3920222	9154632	35712037	14607481	0.429	0.176	7644926	5826686	1124640	1761928	4910112	4346229	944820	1001588	2734814	1480457	179820	760340	35179696	14699375	440447	23939458	12424312	2864449	1055773	8467683	686949	35271590	14607481
2021-05-30	50162606	283535	97726	185809	36560911	3967233	9182983	35820795	14793290	0.431	0.178	7644926	5826686	1124640	1761928	4910112	4346229	944820	1001588	2734814	1480457	179820	760340	35441413	14721193	451479	23998669	12562242	2891801	1075432	8478846	704137	35369316	14793290
2021-05-31	50709336	546730	178384	368346	36928116	4034662	9252604	36041654	15161636	0.433	0.182	7644926	5826686	1124640	1761928	4910112	4346229	944820	1001588	2734814	1480457	179820	760340	35830374	14878962	493954	24110430	12817686	2919485	1115177	8517785	734819	35547700	15161636
2021-06-01	51697693	988357	400073	588284	37661610	4114455	9343120	36526281	15749920	0.439	0.189	7644926	5826686	1124640	1761928	4910112	4346229	944820	1001588	2734814	1480457	179820	760340	36228258	15469435	578508	24426609	13235001	2949238	1165217	8571926	771194	35947773	15749920
2021-06-02	52946324	1248631	516833	731798	38650591	4187028	9425347	37147964	16481718	0.447	0.198	7644926	5826686	1124640	1761928	4910112	4346229	944820	1001588	2734814	1480457	179820	760340	36636611	16309713	683358	24876004	13774587	2973708	1213320	8614894	810453	36464606	16481718
2021-06-03	53589044	642720	230402	412318	39125581	4251336	9475567	37431568	16894036	0.450	0.203	7644926	5826686	1124640	1761928	4910112	4346229	944820	1001588	2734814	1480457	179820	760340	36999918	16589126	736560	25055836	14069745	3003415	1247921	8635757	839810	36695008	16894036
2021-06-04	54400062	811018	291269	519749	39711285	4322559	9552443	37800052	17413785	0.455	0.209	7644926	5826686	1124640	1761928	4910112	4346229	944820	1001588	2734814	1480457	179820	760340	37408448	16991614	813775	25283915	14427370	3032109	1290450	8670253	882190	36986277	17413785
2021-06-05	54812918	412856	96345	316511	39982382	4389526	9596624	37927008	17730296	0.456	0.213	7644926	5826686	1124640	1761928	4910112	4346229	944820	1001588	2734814	1480457	179820	760340	37757760	17055158	844386	25343043	14639339	3058406	1331120	8681173	915451	37082622	17730296
2021-06-06	55105116	292198	59467	232731	40188096	4430521	9623872	38004716	17963027	0.457	0.216	7644926	5826686	1124640	1761928	4910112	4346229	944820	1001588	2734814	1480457	179820	760340	38020249	17084867	862627	25386993	14801103	3070380	1360141	8684716	939156	37142089	17963027
2021-06-07	55719330	614214	193136	421078	40590241	4515588	9696392	38252334	18384105	0.460	0.221	7644926	5826686	1124640	1761928	4910112	4346229	944820	1001588	2734814	1480457	179820	760340	38395179	17323248	917109	25521407	15068834	3097948	1417640	8715870	980522	37335225	18384105
2021-06-08	56772859	1053529	341557	711972	41437087	4590966	9759349	38662239	19096077	0.465	0.230	7644926	5826686	1124640	1761928	4910112	4346229	944820	1001588	2734814	1480457	179820	760340	38800887	17968865	985457	25804426	15632661	3124184	1466782	8748172	1011177	37676782	19096077
2021-06-09	58196578	1423719	449060	974659	42613783	4678206	9823354	39207077	20070736	0.471	0.241	7644926	5826686	1124640	1761928	4910112	4346229	944820	1001588	2734814	1480457	179820	760340	39233877	18956810	1081235	26192664	16421119	3152595	1525611	8780583	1042771	38125842	20070736
2021-06-10	59388273	1191695	405102	786593	43571435	4768016	9879143	39700623	20857329	0.477	0.251	7644926	5826686	1124640	1761928	4910112	4346229	944820	1001588	2734814	1480457	179820	760340	39674031	19705530	1169679	26538818	17032617	3184629	1583387	8807497	1071646	38530944	20857329
2021-06-11	60450948	1062675	364457	698218	44379194	4857035	9948265	40161855	21555547	0.483	0.259	7644926	5826686	1124640	1761928	4910112	4346229	944820	1001588	2734814	1480457	179820	760340	40120930	20318630	1266454	26845444	17533750	3212846	1644189	8837111	1111154	38895401	21555547
2021-06-12	60886335	435387	123953	311434	44664042	4928899	9991701	40321047	21866981	0.485	0.263	7644926	5826686	1124640	1761928	4910112	4346229	944820	1001588	2734814	1480457	179820	760340	40453220	20420893	1301693	26937531	17726511	3231569	1697330	8850254	1141447	39019354	21866981
2021-06-13	61169301	282966	64748	218218	44843905	4992402	10017514	40399582	22085199	0.486	0.266	7644926	5826686	1124640	1761928	4910112	4346229	944820	1001588	2734814	1480457	179820	760340	40700526	20456247	1315480	26981704	17862201	3247504	1744898	8854894	1162620	39084102	22085199
2021-06-14	61824589	655288	214292	440996	45275209	5093719	10084944	40669111	22526195	0.489	0.271	7644926	5826686	1124640	1761928	4910112	4346229	944820	1001588	2734814	1480457	179820	760340	41113303	20696780	1370717	27154735	18120474	3271132	1822587	8872527	1212417	39298394	22526195
2021-06-15	62871273	1046684	346893	699791	46073564	5198351	10169557	41075088	23225986	0.494	0.279	7644926	5826686	1124640	1761928	4910112	4346229	944820	1001588	2734814	1480457	179820	760340	41569808	21283470	1429801	27453417	18620147	3299676	1898675	8892194	1277363	39645287	23225986
2021-06-16	64253272	1381999	466096	915903	47176081	5304860	10266242	41617472	24141889	0.500	0.290	7644926	5826686	1124640	1761928	4910112	4346229	944820	1001588	2734814	1480457	179820	760340	42049234	22182018	1506089	27861558	19314523	3332075	1972785	8917750	1348492	40111383	24141889
2021-06-17	65400775	1147503	399358	748145	48059560	5408420	10358449	42085087	24890034	0.506	0.299	7644926	5826686	1124640	1761928	4910112	4346229	944820	1001588	2734814	1480457	179820	760340	42523167	22852215	1574346	28208893	19850667	3361799	2046621	8940049	1418400	40510741	24890034
2021-06-18	66392718	991943	344928	647015	48791931	5502826	10454781	42498849	25537049	0.511	0.307	7644926	5826686	1124640	1761928	4910112	4346229	944820	1001588	2734814	1480457	179820	760340	42982123	23382503	1643180	28500482	20291449	3393061	2109765	8962126	1492655	40855669	25537049
2021-06-19	66819694	426976	119629	307347	49064769	5584902	10505701	42639620	25844396	0.513	0.311	7644926	5826686	1124640	1761928	4910112	4346229	944820	1001588	2734814	1480457	179820	760340	43323358	23466988	1664322	28592583	20472186	3414043	2170859	8968672	1537029	40975298	25844396
2021-06-20	67114751	295057	67865	227192	49243573	5656495	10537548	42720298	26071588	0.514	0.313	7644926	5826686	1124640	1761928	4910112	4346229	944820	1001588	2734814	1480457	179820	760340	43588510	23496614	1677135	28641801	20601772	3430072	2226423	8971290	1566258	41043163	26071588
2021-06-21	67745451	630700	209450	421250	49654811	5754130	10623026	42966097	26492838	0.517	0.319	7644926	5826686	1124640	1761928	4910112	4346229	944820	1001588	2734814	1480457	179820	760340	43987660	23726147	1713484	28812214	20842597	3455119	2299011	8985280	1637746	41252613	26492838
2021-06-22	68821377	1075926	374812	701114	50498015	5850148	10725581	43375058	27193952	0.522	0.327	7644926	5826686	1124640	1761928	4910112	4346229	944820	1001588	2734814	1480457	179820	760340	44430882	24354112	1747633	29140082	21357933	3485830	2364318	9001513	1724068	41627425	27193952
2021-06-23	70155394	1334017	487771	846246	51585857	5946173	10841200	43897360	28040198	0.528	0.337	7644926	5826686	1124640	1761928	4910112	4346229	944820	1001588	2734814	1480457	179820	760340	44875962	25237778	1782164	29577101	22008756	3515920	2430253	9022175	1819025	42115196	28040198
2021-06-24	71189969	1034575	488528	546047	52382073	6033515	10951919	44426186	28586245	0.534	0.344	7644926	5826686	1124640	1761928	4910112	4346229	944820	1001588	2734814	1480457	179820	760340	45313088	25830883	1822462	30008978	22373095	3551323	2482192	9043423	1908496	42603724	28586245
2021-06-25	72109850	919881	379882	539999	53075314	6110102	11061828	44846212	29126244	0.539	0.350	7644926	5826686	1124640	1761928	4910112	4346229	944820	1001588	2734814	1480457	179820	760340	45746224	26314646	1862606	30342155	22733159	3578156	2531946	9063295	1998533	42983606	29126244
2021-06-26	72519466	409616	136605	273011	53330047	6179175	11134377	44996078	29399255	0.541	0.353	7644926	5826686	1124640	1761928	4910112	4346229	944820	1001588	2734814	1480457	179820	760340	46091489	26378225	1875867	30446843	22883204	3603774	2575401	9069594	2064783	43120211	29399255
2021-06-27	72811339	291873	89974	201899	53502930	6237289	11191132	45090173	29601154	0.542	0.356	7644926	5826686	1124640	1761928	4910112	4346229	944820	1001588	2734814	1480457	179820	760340	46357289	26403445	1879988	30514097	22988833	3623091	2614198	9072997	2118135	43210185	29601154
2021-06-28	73440171	628832	243880	384952	53903572	6327329	11304895	45358440	29986106	0.545	0.361	7644926	5826686	1124640	1761928	4910112	4346229	944820	1001588	2734814	1480457	179820	760340	46769627	26617843	1904375	30711803	23191769	3655514	2671815	9086748	2218147	43454065	29986106
2021-06-29	74372416	932245	388826	543419	54587713	6420275	11437627	45769692	30529525	0.550	0.367	7644926	5826686	1124640	1761928	4910112	4346229	944820	1001588	2734814	1480457	179820	760340	47201230	27113831	1926801	31055834	23531879	3688554	2731721	9098503	2339124	43842891	30529525
2021-06-30	75394664	1022248	451239	571009	55356496	6514420	11574237	46243641	31100534	0.556	0.374	7644926	5826686	1124640	1761928	4910112	4346229	944820	1001588	2734814	1480457	179820	760340	47634118	27697962	1949511	31457736	23898760	3723392	2791028	9113002	2461235	44294130	31100534
2021-07-01	76376799	982135	452686	529449	56099699	6597945	11707044	46718927	31629983	0.562	0.380	7644926	5826686	1124640	1761928	4910112	4346229	944820	1001588	2734814	1480457	179820	760340	48041684	28268207	1972111	31866290	24233409	3753993	2843952	9126533	2580511	44746816	31629983
2021-07-02	77223489	846690	380133	466557	56750002	6692932	11786269	47121235	32096540	0.567	0.386	7644926	5826686	1124640	1761928	4910112	4346229	944820	1001588	2734814	1480457	179820	760340	48443237	28709971	1994286	32205389	24544613	3785807	2907125	9135753	2650516	45126949	32096540
2021-07-03	77600887	377398	149327	228071	57005727	6772254	11813411	47285771	32324611	0.569	0.389	7644926	5826686	1124640	1761928	4910112	4346229	944820	1001588	2734814	1480457	179820	760340	48753638	28776252	2009495	32327261	24678466	3810459	2961795	9138556	2674855	45276276	32324611
2021-07-04	77874210	273323	93145	180178	57187446	6840410	11827941	47387834	32504789	0.570	0.391	7644926	5826686	1124640	1761928	4910112	4346229	944820	1001588	2734814	1480457	179820	760340	48999442	28803194	2018413	32400471	24786975	3828937	3011473	9140013	2687928	45369421	32504789
2021-07-05	78410680	536470	196799	339671	57574981	6934942	11867492	47599485	32844460	0.572	0.395	7644926	5826686	1124640	1761928	4910112	4346229	944820	1001588	2734814	1480457	179820	760340	49343857	28993153	2033265	32566656	25008325	3855194	3079748	9144370	2723122	45566220	32844460
2021-07-06	79188561	777881	270542	507339	58192630	7034162	11912800	47885731	33351799	0.576	0.401	7644926	5826686	1124640	1761928	4910112	4346229	944820	1001588	2734814	1480457	179820	760340	49688066	29423099	2048969	32807208	25385422	3880563	3153599	9148991	2763809	45836762	33351799
2021-07-07	80184143	995582	323953	671629	59021995	7130023	11964112	48228728	34023428	0.580	0.409	7644926	5826686	1124640	1761928	4910112	4346229	944820	1001588	2734814	1480457	179820	760340	50045419	30056482	2068013	33101122	25920873	3905192	3224831	9154401	2809711	46160715	34023428
2021-07-08	81031722	847579	263071	584508	59706062	7231500	12006745	48511201	34607936	0.583	0.416	7644926	5826686	1124640	1761928	4910112	4346229	944820	1001588	2734814	1480457	179820	760340	50393796	30551427	2087415	33337417	26368645	3927681	3303819	9158688	2848057	46423786	34607936
2021-07-09	81789369	757647	219627	538020	60300978	7330381	12049948	48751475	35145956	0.586	0.423	7644926	5826686	1124640	1761928	4910112	4346229	944820	1001588	2734814	1480457	179820	760340	50742403	30956968	2108062	33534697	26766281	3945586	3384795	9163130	2886818	46643413	35145956
2021-07-10	82132790	343421	95808	247613	60529310	7414573	12071065	48857063	35393569	0.587	0.426	7644926	5826686	1124640	1761928	4910112	4346229	944820	1001588	2734814	1480457	179820	760340	51016915	31025280	2117842	33610902	26918408	3963746	3450827	9164573	2906492	46739221	35393569
2021-07-11	82360703	227913	61112	166801	60675091	7478123	12081354	48926468	35560370	0.588	0.428	7644926	5826686	1124640	1761928	4910112	4346229	944820	1001588	2734814	1480457	179820	760340	51225534	31044204	2126135	33656738	27018353	3978552	3499571	9165043	2916311	46800333	35560370
2021-07-12	82828597	467894	151173	316721	61025376	7557606	12105387	49091734	35877091	0.590	0.431	7644926	5826686	1124640	1761928	4910112	4346229	944820	1001588	2734814	1480457	179820	760340	51494975	31240232	2140228	33777073	27248303	4007520	3550086	9166913	2938474	46951506	35877091
2021-07-13	83589667	761070	180196	580874	61654026	7635490	12140000	49291853	36457965	0.593	0.438	7644926	5826686	1124640	1761928	4910112	4346229	944820	1001588	2734814	1480457	179820	760340	51752786	31739362	2160151	33928980	27725046	4033547	3601943	9169175	2970825	47131702	36457965
2021-07-14	84564299	974632	203231	771401	62486499	7707582	12187143	49518008	37229366	0.595	0.448	7644926	5826686	1124640	1761928	4910112	4346229	944820	1001588	2734814	1480457	179820	760340	52032877	32429200	2183075	34107270	28379229	4054818	3652764	9172845	3014298	47334933	37229366
2021-07-15	85330823	766524	170925	595599	63120733	7778732	12225707	49711509	37824965	0.598	0.455	7644926	5826686	1124640	1761928	4910112	4346229	944820	1001588	2734814	1480457	179820	760340	52293290	32931568	2205651	34256082	28864651	4074056	3704676	9175720	3049987	47505858	37824965
2021-07-16	85990270	659447	151655	507792	63661537	7843206	12257669	49885371	38332757	0.600	0.461	7644926	5826686	1124640	1761928	4910112	4346229	944820	1001588	2734814	1480457	179820	760340	52552179	33328254	2227858	34388540	29272997	4091330	3751876	9177643	3080026	47657513	38332757
2021-07-17	86261824	271554	71048	200506	63835643	7906427	12273322	49974993	38533263	0.601	0.463	7644926	5826686	1124640	1761928	4910112	4346229	944820	1001588	2734814	1480457	179820	760340	52765356	33384580	2246432	34442960	29392683	4107072	3799355	9178529	3094793	47728561	38533263
2021-07-18	86461761	199937	59729	140208	63971312	7947992	12284778	50045969	38673471	0.602	0.465	7644926	5826686	1124640	1761928	4910112	4346229	944820	1001588	2734814	1480457	179820	760340	52936669	33412623	2257679	34493112	29478200	4116372	3831620	9178806	3105972	47788290	38673471
2021-07-19	86842373	380612	91602	289010	64267374	7998519	12304561	50151811	38962481	0.603	0.468	7644926	5826686	1124640	1761928	4910112	4346229	944820	1001588	2734814	1480457	179820	760340	53135240	33592649	2271919	34570432	29696942	4129322	3869197	9180138	3124423	47879892	38962481
2021-07-20	87447580	605207	126373	478834	64787987	8046869	12326490	50292499	39441315	0.605	0.474	7644926	5826686	1124640	1761928	4910112	4346229	944820	1001588	2734814	1480457	179820	760340	53358335	33970767	2286234	34678657	30109330	4144942	3901927	9182666	3143824	48006265	39441315
2021-07-21	88201318	753738	154983	598755	65459007	8092921	12349276	50461362	40040070	0.607	0.481	7644926	5826686	1124640	1761928	4910112	4346229	944820	1001588	2734814	1480457	179820	760340	53600679	34477235	2300114	34819084	30639923	4157902	3935019	9184262	3165014	48161248	40040070
2021-07-22	88821310	619992	121346	498646	66003149	8136351	12368120	50596284	40538716	0.608	0.487	7644926	5826686	1124640	1761928	4910112	4346229	944820	1001588	2734814	1480457	179820	760340	53835555	34857754	2313690	34928949	31074200	4167991	3968360	9185654	3182466	48282594	40538716
2021-07-23	89388993	567683	113490	454193	66491861	8178644	12386672	50727900	40992909	0.610	0.493	7644926	5826686	1124640	1761928	4910112	4346229	944820	1001588	2734814	1480457	179820	760340	54072386	35185498	2331816	35031137	31460724	4177954	4000690	9186993	3199679	48396084	40992909
2021-07-24	89599364	210371	52579	157792	66645179	8216112	12394414	50792322	41150701	0.611	0.495	7644926	5826686	1124640	1761928	4910112	4346229	944820	1001588	2734814	1480457	179820	760340	54226798	35239989	2343659	35075679	31569500	4185227	4030885	9187757	3206657	48448663	41150701
2021-07-25	89723623	124259	31991	92268	66728968	8247556	12397690	50830063	41242969	0.611	0.496	7644926	5826686	1124640	1761928	4910112	4346229	944820	1001588	2734814	1480457	179820	760340	54331213	35258381	2349409	35101293	31627675	4191487	4056069	9187874	3209816	48480654	41242969
2021-07-26	90059747	336124	71460	264664	67001928	8287337	12410022	50912574	41507633	0.612	0.499	7644926	5826686	1124640	1761928	4910112	4346229	944820	1001588	2734814	1480457	179820	760340	54517093	35406924	2360460	35162038	31839890	4201046	4086291	9189030	3220992	48552114	41507633
2021-07-27	90607652	547905	97778	450127	67474991	8329477	12429901	51023175	41957760	0.614	0.505	7644926	5826686	1124640	1761928	4910112	4346229	944820	1001588	2734814	1480457	179820	760340	54728355	35739285	2373283	35249836	32225155	4209713	4119764	9190343	3239558	48649892	41957760
2021-07-28	91292378	684726	121478	563248	68075843	8376309	12453231	51158365	42521008	0.615	0.511	7644926	5826686	1124640	1761928	4910112	4346229	944820	1001588	2734814	1480457	179820	760340	54962925	36185608	2386995	35360649	32715194	4219144	4157165	9191577	3261654	48771370	42521008
2021-07-29	91866212	573834	104781	469053	68571845	8419744	12473016	51277758	42990061	0.617	0.517	7644926	5826686	1124640	1761928	4910112	4346229	944820	1001588	2734814	1480457	179820	760340	55176828	36541536	2401607	35455039	33116806	4228319	4191425	9192793	3280223	48876151	42990061
2021-07-30	92360302	494090	93886	400204	68987498	8464994	12490179	51387668	43390265	0.618	0.522	7644926	5826686	1124640	1761928	4910112	4346229	944820	1001588	2734814	1480457	179820	760340	55391352	36818387	2417631	35538857	33448641	4237318	4227676	9193862	3296317	48970037	43390265
2021-07-31	92554600	194298	47060	147238	69127441	8500848	12496196	51447212	43537503	0.619	0.523	7644926	5826686	1124640	1761928	4910112	4346229	944820	1001588	2734814	1480457	179820	760340	55547156	36856357	2430115	35579522	33547919	4243558	4257290	9194017	3302179	49017097	43537503
2021-08-01	92671160	116560	30384	86176	69210747	8525914	12498512	51483468	43623679	0.619	0.525	7644926	5826686	1124640	1761928	4910112	4346229	944820	1001588	2734814	1480457	179820	760340	55646974	36872662	2435987	35605648	33605099	4247734	4278180	9194099	3304413	49047481	43623679
2021-08-02	92961973	290813	58238	232575	69447919	8559293	12507637	51552843	43856254	0.620	0.527	7644926	5826686	1124640	1761928	4910112	4346229	944820	1001588	2734814	1480457	179820	760340	55815739	36992897	2447124	35658184	33789735	4252864	4306429	9194671	3312966	49105719	43856254
2021-08-03	93419612	457639	76367	381272	69842176	8597610	12519572	51642340	44237526	0.621	0.532	7644926	5826686	1124640	1761928	4910112	4346229	944820	1001588	2734814	1480457	179820	760340	56003587	37259593	2460254	35728940	34113236	4257749	4339861	9195397	3324175	49182086	44237526
2021-08-04	93986284	566672	96212	470460	70348636	8633871	12530830	51751245	44707986	0.622	0.538	7644926	5826686	1124640	1761928	4910112	4346229	944820	1001588	2734814	1480457	179820	760340	56211602	37614993	2472947	35819012	34529624	4263390	4370481	9195896	3334934	49278298	44707986
2021-08-05	94499226	512942	85072	427870	70799759	8673514	12538771	51850552	45135856	0.623	0.543	7644926	5826686	1124640	1761928	4910112	4346229	944820	1001588	2734814	1480457	179820	760340	56425732	37910549	2487182	35898265	34901494	4268602	4404912	9196503	3342268	49363370	45135856
2021-08-06	94935939	436713	80637	356076	71178319	8709278	12546072	51946277	45491932	0.625	0.547	7644926	5826686	1124640	1761928	4910112	4346229	944820	1001588	2734814	1480457	179820	760340	56643189	38127512	2502270	35972753	35205566	4274321	4434957	9196933	3349139	49444007	45491932
2021-08-07	95119148	183209	40548	142661	71315284	8741106	12547615	51999698	45634593	0.625	0.549	7644926	5826686	1124640	1761928	4910112	4346229	944820	1001588	2734814	1480457	179820	760340	56801398	38151629	2515143	36008526	35306758	4279016	4462090	9197013	3350602	49484555	45634593
2021-08-08	95234948	115800	23352	92448	71404420	8762860	12548535	52027040	45727041	0.626	0.550	7644926	5826686	1124640	1761928	4910112	4346229	944820	1001588	2734814	1480457	179820	760340	56905548	38163142	2519133	36029079	35375341	4281773	4481087	9197055	3351480	49507907	45727041
2021-08-09	95526328	291380	50864	240516	71640138	8804286	12553862	52086813	45967557	0.626	0.553	7644926	5826686	1124640	1761928	4910112	4346229	944820	1001588	2734814	1480457	179820	760340	57093812	38264866	2528042	36075156	35564982	4286253	4518033	9197362	3356500	49558771	45967557
2021-08-10	95951326	424998	73717	351281	72003544	8846874	12561726	52171670	46318838	0.627	0.557	7644926	5826686	1124640	1761928	4910112	4346229	944820	1001588	2734814	1480457	179820	760340	57284638	38496745	2539182	36143344	35860200	4291216	4555658	9197928	3363798	49632488	46318838
2021-08-11	96487282	535956	103093	432863	72467348	8893820	12571416	52290279	46751701	0.629	0.562	7644926	5826686	1124640	1761928	4910112	4346229	944820	1001588	2734814	1480457	179820	760340	57506854	38807109	2554698	36238035	36229313	4298947	4594873	9198599	3372817	49735581	46751701
2021-08-12	96951693	464411	98196	366215	72868668	8931818	12578395	52406589	47117916	0.630	0.567	7644926	5826686	1124640	1761928	4910112	4346229	944820	1001588	2734814	1480457	179820	760340	57716910	39058964	2572812	36329170	36539498	4305499	4626319	9199108	3379287	49833777	47117916
2021-08-13	97367725	416032	93062	322970	73218714	8972748	12584912	52518190	47440886	0.631	0.570	7644926	5826686	1124640	1761928	4910112	4346229	944820	1001588	2734814	1480457	179820	760340	57938964	39251353	2591351	36414707	36804007	4312539	4660209	9199593	3385319	49926839	47440886
2021-08-14	97557006	189281	49216	140065	73361627	9004206	12586280	52580948	47580951	0.632	0.572	7644926	5826686	1124640	1761928	4910112	4346229	944820	1001588	2734814	1480457	179820	760340	58109214	39269532	2604893	36459007	36902620	4317384	4686822	9199664	3386616	49976055	47580951
2021-08-15	97673447	116441	30137	86304	73449294	9025107	12586965	52618273	47667255	0.633	0.573	7644926	5826686	1124640	1761928	4910112	4346229	944820	1001588	2734814	1480457	179820	760340	58217468	39277544	2612081	36485812	36963482	4320692	4704415	9199688	3387277	50006192	47667255
2021-08-16	97931054	257607	66621	190986	73659276	9057455	12589790	52697346	47858241	0.634	0.575	7644926	5826686	1124640	1761928	4910112	4346229	944820	1001588	2734814	1480457	179820	760340	58389803	39361152	2624533	36546236	37113040	4326619	4730836	9199958	3389832	50072813	47858241
2021-08-17	98274623	343569	92496	251073	73956227	9085183	12595520	52803002	48109314	0.635	0.578	7644926	5826686	1124640	1761928	4910112	4346229	944820	1001588	2734814	1480457	179820	760340	58537885	39554693	2637693	36633729	37322498	4331028	4754155	9200552	3394968	50165309	48109314
