date	dosen_kumulativ	dosen_differenz_zum_vortag	dosen_erst_differenz_zum_vortag	dosen_zweit_differenz_zum_vortag	dosen_biontech_kumulativ	dosen_moderna_kumulativ	dosen_astrazeneca_kumulativ	personen_erst_kumulativ	personen_voll_kumulativ	impf_quote_erst	impf_quote_voll	indikation_alter_dosen	indikation_beruf_dosen	indikation_medizinisch_dosen	indikation_pflegeheim_dosen	indikation_alter_erst	indikation_beruf_erst	indikation_medizinisch_erst	indikation_pflegeheim_erst	indikation_alter_voll	indikation_beruf_voll	indikation_medizinisch_voll	indikation_pflegeheim_voll	dosen_dim_kumulativ	dosen_kbv_kumulativ	dosen_johnson_kumulativ	dosen_biontech_erst_kumulativ	dosen_biontech_zweit_kumulativ	dosen_moderna_erst_kumulativ	dosen_moderna_zweit_kumulativ	dosen_astrazeneca_erst_kumulativ	dosen_astrazeneca_zweit_kumulativ	dosen_erst_kumulativ	dosen_zweit_kumulativ
2020-12-27	24089	24089	24076	13	24087	2	0	24076	13	0.000	0.000	10705	8657	1305	12604	10664	8590	1305	12536	41	67	0	68	24089	0	0	24074	13	2	0	0	0	24076	13
2020-12-28	42080	17991	17830	161	42078	2	0	41906	174	0.001	0.000	18621	15788	1991	21344	18580	15721	1991	21276	41	67	0	68	42080	0	0	41904	174	2	0	0	0	41906	174
2020-12-29	92093	50013	49279	734	92090	2	1	91185	908	0.001	0.000	34989	40734	3107	40508	34724	40420	3107	40099	265	314	0	409	92093	0	0	91182	908	2	0	1	0	91185	908
2020-12-30	155586	63493	63355	138	155583	2	1	154540	1046	0.002	0.000	55510	73365	4901	63206	55243	73050	4901	62794	267	315	0	412	155586	0	0	154537	1046	2	0	1	0	154540	1046
2020-12-31	205277	49691	49602	89	205274	2	1	204142	1135	0.002	0.000	72831	96719	6752	83965	72517	96367	6752	83476	314	352	0	489	205277	0	0	204139	1135	2	0	1	0	204142	1135
2021-01-01	230629	25352	25343	9	230618	7	4	229485	1144	0.003	0.000	81208	105449	7830	92301	80894	105097	7830	91812	314	352	0	489	230629	0	0	229475	1143	7	0	3	1	229485	1144
2021-01-02	278575	47946	47660	286	278564	7	4	277145	1430	0.003	0.000	102774	129731	10350	113258	102365	129304	10350	112629	409	427	0	629	278575	0	0	277135	1429	7	0	3	1	277145	1430
2021-01-03	300988	22413	22408	5	300975	9	4	299553	1435	0.004	0.000	113044	140227	11284	123279	112635	139800	11284	122650	409	427	0	629	300988	0	0	299541	1434	9	0	3	1	299553	1435
2021-01-04	346832	45844	45748	96	346818	10	4	345301	1531	0.004	0.000	129646	164913	13951	139091	129237	164486	13951	138462	409	427	0	629	346832	0	0	345288	1530	10	0	3	1	345301	1531
2021-01-05	399065	52233	51896	337	399050	11	4	397197	1868	0.005	0.000	147987	192565	16489	157656	147576	192117	16489	157025	411	448	0	631	399065	0	0	397183	1867	11	0	3	1	397197	1868
2021-01-06	461571	62506	62413	93	461547	17	7	459610	1961	0.006	0.000	169498	225530	19910	180812	169086	225082	19910	180181	412	448	0	631	461571	0	0	459588	1959	17	0	5	2	459610	1961
2021-01-07	516155	54584	54562	22	516125	20	9	514173	1983	0.006	0.000	189172	254868	22957	197233	188758	254418	22957	196600	414	450	0	633	516155	0	1	514145	1980	20	0	7	2	514172	1983
2021-01-08	578371	62216	62108	108	578289	71	10	576281	2091	0.007	0.000	211521	287315	26324	218219	211009	286711	26320	217449	512	604	4	770	578371	0	1	576201	2088	71	0	8	2	576280	2091
2021-01-09	638375	60004	59856	148	638289	74	11	636137	2239	0.008	0.000	237322	313238	29007	243325	236798	312599	29003	242545	524	639	4	780	638375	0	1	636054	2235	74	0	8	3	636136	2239
2021-01-10	674107	35732	35583	149	674013	82	11	671720	2388	0.008	0.000	252455	327794	30379	256315	251929	327151	30375	255535	526	643	4	780	674107	0	1	671630	2383	81	1	8	3	671719	2388
2021-01-11	741920	67813	67711	102	741810	96	13	739431	2490	0.009	0.000	277513	359176	33587	276774	276967	358513	33583	275968	546	663	4	806	741920	0	1	739331	2479	89	7	10	3	739430	2490
2021-01-12	820466	78546	78482	64	820340	111	14	817913	2554	0.010	0.000	305695	401338	36582	301731	305147	400670	36578	300888	548	668	4	843	820466	0	1	817798	2542	104	7	10	4	817912	2554
2021-01-13	931684	111218	111017	201	930390	1279	14	928930	2755	0.011	0.000	345167	458844	40485	337339	344574	458093	40466	336399	593	751	19	940	931684	0	1	927647	2743	1272	7	10	4	928929	2755
2021-01-14	1015258	83574	83352	222	1008815	6428	14	1012282	2977	0.012	0.000	374803	501101	42769	361463	374094	500254	42750	360452	709	847	19	1011	1015258	0	1	1005894	2921	6377	51	10	4	1012281	2977
2021-01-15	1106239	90981	90135	846	1094525	11694	19	1102417	3823	0.013	0.000	408725	545673	46728	389202	407810	544625	46700	387982	915	1048	28	1220	1106239	0	1	1090758	3767	11643	51	15	4	1102416	3823
2021-01-16	1163714	57475	56470	1005	1150320	13373	20	1158887	4828	0.014	0.000	432983	570627	48859	408798	431664	569232	48767	407047	1319	1395	92	1751	1163714	0	1	1145548	4772	13322	51	16	4	1158886	4828
2021-01-17	1211056	47342	30427	16915	1196399	14634	21	1189315	21743	0.014	0.000	453449	591002	50884	428544	444215	583354	50014	417145	9234	7648	870	11399	1211056	0	2	1174713	21686	14583	51	17	4	1189313	21743
2021-01-18	1293269	82213	66628	15585	1274469	18776	22	1255943	37328	0.015	0.000	482728	633883	53106	448900	467235	619730	51700	430238	15493	14153	1406	18662	1293269	0	2	1237200	37269	18723	53	18	4	1255941	37328
2021-01-19	1412275	119006	83005	36001	1389799	22443	31	1338948	73329	0.016	0.001	519765	695968	56714	479843	492669	666683	54375	447938	27096	29285	2339	31905	1412275	0	2	1316534	73265	22385	58	27	4	1338946	73329
2021-01-20	1543722	131447	78059	53388	1518502	25184	34	1417007	126717	0.017	0.002	568076	760039	60957	522078	522876	706310	57505	469463	45200	53729	3452	52615	1543722	0	2	1391849	126653	25126	58	30	4	1417005	126717
2021-01-21	1648561	104839	64097	40742	1620600	27924	35	1481104	167459	0.018	0.002	610150	808503	65406	556195	549621	735602	60889	487988	60529	72901	4517	68207	1648561	0	2	1453207	167393	27865	59	30	5	1481102	167459
2021-01-22	1749949	101388	68219	33169	1719795	30109	43	1549323	200628	0.019	0.002	654049	853889	69013	590642	579902	764987	63599	506975	74147	88902	5414	83667	1749949	0	2	1519238	200557	30045	64	38	5	1549321	200628
2021-01-23	1836292	86343	40477	45866	1805782	30462	46	1589800	246494	0.019	0.003	691767	890989	72414	617916	599855	780966	64783	516268	91912	110023	7631	101648	1836292	0	2	1559360	246422	30397	65	41	5	1589798	246494
2021-01-24	1883416	47124	25533	21591	1852704	30660	50	1615333	268085	0.019	0.003	715655	910067	73331	632982	614016	789814	65130	521524	101639	120253	8201	111458	1883416	0	2	1584691	268013	30595	65	45	5	1615331	268085
2021-01-25	1974176	90760	52464	38296	1942045	32076	53	1667797	306381	0.020	0.004	756375	951632	76827	658117	642321	811974	66847	534304	114054	139658	9980	123813	1974176	0	2	1635739	306306	32008	68	48	5	1667795	306381
2021-01-26	2071617	97441	50717	46724	2038045	33510	60	1718514	353105	0.021	0.004	796572	997196	80614	684405	667753	831436	68195	545278	128819	165760	12419	139127	2071617	0	2	1685020	353025	33437	73	55	5	1718512	353105
2021-01-27	2180643	109026	50868	58158	2145276	35296	68	1769383	411263	0.021	0.005	839834	1049509	85786	715259	691463	852265	70042	556304	148371	197244	15744	158955	2180643	0	3	1734106	411170	35211	85	63	5	1769380	411263
2021-01-28	2273119	92476	46593	45883	2236121	36924	71	1815976	457146	0.022	0.005	877990	1090332	89974	739697	713483	869115	71590	567469	164507	221217	18384	172228	2273119	0	3	1779156	456965	36751	173	66	5	1815973	457146
2021-01-29	2380856	107737	49995	57742	2342371	38404	78	1865971	514888	0.022	0.006	920894	1138243	95507	769100	735839	888487	73819	578309	185055	249756	21688	190791	2380856	0	3	1827665	514706	38230	174	73	5	1865968	514888
2021-01-30	2468858	88002	34392	53610	2429491	39284	80	1900363	568498	0.023	0.007	957412	1174692	99468	796433	752473	901967	75224	586328	204939	272725	24244	210105	2468858	0	3	1861178	568313	39108	176	74	6	1900360	568498
2021-01-31	2525664	56806	25770	31036	2485916	39660	85	1926133	599534	0.023	0.007	982865	1196922	101575	812430	766590	910861	76411	592657	216275	286061	25164	219773	2525664	0	3	1886576	599340	39476	184	78	7	1926130	599534
2021-02-01	2645081	119417	57972	61445	2603074	41868	136	1984105	660979	0.024	0.008	1026174	1260299	105285	839830	787193	944041	78273	602425	238981	316258	27012	237405	2645081	0	3	1942291	660783	41682	186	129	7	1984102	660979
2021-02-02	2777299	132218	65058	67160	2732217	44930	149	2049163	728139	0.025	0.009	1069633	1330364	110479	870030	806216	982089	80866	611659	263417	348275	29613	258371	2777299	0	3	2004275	727942	44743	187	142	7	2049160	728139
2021-02-03	2939230	161931	64236	97695	2887795	51257	175	2113399	825834	0.025	0.010	1128983	1407775	116405	912544	829819	1014401	83062	623312	299164	393374	33343	289232	2939230	0	3	2062164	825631	51064	193	168	7	2113396	825834
2021-02-04	3073120	133890	61797	72093	3015848	57089	180	2175196	897927	0.026	0.011	1177986	1472437	120972	943857	851937	1046473	85311	632945	326049	425964	35661	310912	3073120	0	3	2118127	897721	56893	196	173	7	2175193	897927
2021-02-05	3219883	146763	68963	77800	3156155	63537	188	2244159	975727	0.027	0.012	1232524	1542580	126293	977786	877231	1080338	86905	644262	355293	462242	39388	333524	3219883	0	3	2180769	975386	63207	330	180	8	2244156	975727
2021-02-06	3313554	93671	45441	48230	3247199	66163	189	2289600	1023957	0.028	0.012	1272514	1588658	130853	1003590	896490	1101898	88782	653957	376024	486760	42071	349633	3313554	0	3	2223583	1023616	65833	330	181	8	2289597	1023957
2021-02-07	3366861	53307	28258	25049	3298177	68489	191	2317859	1049006	0.028	0.013	1298155	1609930	133571	1016823	910800	1112720	90015	659435	387355	497210	43556	357388	3366861	0	4	2249514	1048663	68158	331	183	8	2317855	1049006
2021-02-08	3475726	108865	52828	56037	3403191	72311	219	2370688	1105043	0.029	0.013	1350672	1655734	137545	1035599	942269	1129343	91902	666781	408403	526391	45643	368818	3475726	0	5	2298494	1104697	71978	333	211	8	2370683	1105043
2021-02-09	3609713	133987	60210	73777	3533631	75745	332	2430898	1178820	0.029	0.014	1411842	1714380	141993	1058512	978151	1147503	94639	674792	433691	566877	47354	383720	3609713	0	5	2355347	1178284	75222	523	324	8	2430893	1178820
2021-02-10	3764129	154416	77293	77123	3675473	79981	8670	2508191	1255943	0.030	0.015	1478760	1781046	146001	1087933	1017461	1175177	96286	685176	461299	605869	49715	402757	3764129	0	5	2421060	1254413	78476	1505	8650	20	2508186	1255943
2021-02-11	3907870	143741	75246	68495	3795631	87246	24986	2583439	1324438	0.031	0.016	1539776	1848576	151475	1113070	1052428	1208053	98713	694775	487348	640523	52762	418295	3907870	0	7	2475770	1319861	82710	4536	24952	34	2583432	1324438
2021-02-12	4062988	155118	79551	75567	3927200	96543	39235	2662993	1400005	0.032	0.017	1611268	1919253	157751	1138545	1094198	1240389	101429	704318	517070	678864	56322	434227	4062988	0	10	2536824	1390376	87281	9262	38878	357	2662983	1400005
2021-02-13	4170307	107319	61932	45387	4017913	99800	52583	2724926	1445392	0.033	0.017	1667599	1960972	162355	1156080	1129093	1262877	103231	711418	538506	698095	59124	444662	4170307	0	11	2583703	1434210	88993	10807	52219	364	2724915	1445392
2021-02-14	4235477	65170	39493	25677	4073365	102274	59826	2764420	1471069	0.033	0.018	1706122	1983696	163973	1164146	1153761	1276081	104081	714928	552361	707615	59892	449218	4235477	0	12	2614704	1458661	90263	12011	59441	385	2764408	1471069
2021-02-15	4360724	125247	69589	55658	4177887	107541	75283	2834010	1526727	0.034	0.018	1773591	2031897	168008	1183418	1194859	1300739	106358	721524	578732	731158	61650	461894	4360724	0	13	2666583	1511304	92535	15006	74879	404	2833997	1526727
2021-02-16	4494711	133987	77779	56208	4286129	113693	94875	2911790	1582935	0.035	0.019	1839625	2089928	170683	1200400	1236633	1336138	107879	728440	602992	753790	62804	471960	4494711	0	14	2722057	1564072	95260	18433	94459	416	2911776	1582935
2021-02-17	4645443	150732	94442	56290	4408110	121691	115627	3006233	1639225	0.036	0.020	1920033	2147919	175770	1221928	1292995	1368705	110873	736858	627038	779214	64897	485070	4645443	0	15	2790947	1617163	100073	21618	115198	429	3006218	1639225
2021-02-18	4789665	144222	91237	52985	4520264	129914	139471	3097471	1692210	0.037	0.020	1995907	2206102	179208	1240945	1345328	1403985	112659	744258	650579	802117	66549	496687	4789665	0	16	2853662	1666602	104755	25159	139038	433	3097455	1692210
2021-02-19	4947988	158323	102755	55568	4641203	139875	166893	3200227	1747778	0.038	0.021	2076668	2266444	184080	1258305	1402958	1440066	115287	750941	673710	826378	68793	507364	4947988	0	17	2922150	1719053	111706	28169	166354	539	3200210	1747778
2021-02-20	5060039	112051	75794	36257	4727590	144339	188092	3276022	1784035	0.039	0.021	2138268	2310157	187738	1272296	1445964	1469322	117533	755178	692304	840835	70205	517118	5060039	0	18	2972723	1754867	115738	28601	187543	549	3276004	1784035
2021-02-21	5145801	85762	57384	28378	4794095	147980	203707	3333407	1812413	0.040	0.022	2187054	2340674	190304	1282667	1479917	1489494	118664	757407	707137	851180	71640	525260	5145801	0	19	3011016	1783079	119220	28760	203152	555	3333388	1812413
2021-02-22	5301072	155271	97566	57705	4916779	156950	227323	3430974	1870118	0.041	0.022	2266701	2410287	195201	1300517	1538362	1525084	121627	763642	728339	885203	73574	536875	5301072	0	20	3077776	1839003	126422	30528	226756	567	3430954	1870118
2021-02-23	5470918	169846	109386	60460	5050558	164159	256180	3540361	1930578	0.043	0.023	2346910	2483166	200501	1318387	1598211	1563793	124757	771284	748699	919373	75744	547103	5470918	0	21	3152765	1897793	131973	32186	255602	578	3540340	1930578
2021-02-24	5646599	175681	116540	59141	5181983	171769	292825	3656902	1989719	0.044	0.024	2431789	2557990	207079	1337422	1660503	1608669	128907	778912	771286	949321	78172	558510	5646599	0	22	3226753	1955230	137898	33871	292229	596	3656880	1989719
2021-02-25	5835535	188936	130007	58929	5313313	178527	343673	3786909	2048648	0.046	0.025	2514175	2648479	213515	1355541	1722988	1667176	133470	787131	791187	981303	80045	568410	5835535	0	22	3300696	2012617	143127	35400	343064	609	3786887	2048648
2021-02-26	6047970	212435	145575	66860	5454100	187360	406488	3932484	2115508	0.047	0.025	2602819	2749814	220591	1375230	1787946	1735795	138593	794627	814873	1014019	81998	580603	6047970	0	22	3376311	2077789	150344	37016	405807	681	3932462	2115508
2021-02-27	6195689	147719	107833	39886	5546753	191442	457472	4040317	2155394	0.049	0.026	2666475	2822116	227301	1388101	1833818	1790224	143432	799030	832657	1031892	83869	589071	6195689	0	22	3429818	2116935	153694	37748	456783	689	4040295	2155394
2021-02-28	6298525	102836	78776	24060	5608031	195397	495074	4119094	2179454	0.050	0.026	2714700	2875405	231582	1394762	1868893	1834535	146785	801170	845807	1040870	84797	593592	6298525	0	23	3467409	2140622	157296	38101	494366	708	4119071	2179454
2021-03-01	6496746	198221	148366	49855	5738299	205019	553405	4267460	2229309	0.051	0.027	2817221	2953369	239381	1408021	1943445	1896228	153263	806209	873776	1057141	86118	601812	6496746	0	23	3549859	2188440	164897	40122	552681	724	4267437	2229309
2021-03-02	6715723	218977	166885	52092	5878465	215013	622222	4434345	2281401	0.053	0.027	2927307	3047588	248982	1422628	2022735	1971725	160632	812692	904572	1075863	88350	609936	6715723	0	23	3640829	2237636	172017	42996	621476	746	4434322	2281401
2021-03-03	6962789	247066	176571	70495	6036235	229961	696570	4610916	2351896	0.055	0.028	3047976	3148969	260606	1439862	2105531	2048823	170041	819606	942445	1100146	90565	620256	6962789	0	23	3734032	2302203	181090	48871	695771	799	4610893	2351896
2021-03-04	7207602	244813	181998	62815	6177463	244427	785689	4792914	2414711	0.058	0.029	3159240	3258741	272992	1455625	2181653	2136963	180034	825002	977587	1121778	92958	630623	7207602	0	23	3817875	2359588	190164	54263	784852	837	4792891	2414711
2021-03-05	7481865	274263	207292	66971	6325392	257792	898657	5000207	2481682	0.060	0.030	3277185	3383782	287941	1471072	2258903	2242620	191990	830697	1018282	1141162	95951	640375	7481865	0	24	3904843	2420549	197569	60223	897771	886	5000183	2481682
2021-03-06	7683546	201681	153023	48658	6434621	266232	982669	5153230	2530340	0.062	0.030	3366696	3478463	298371	1480590	2314602	2325555	200824	833966	1052094	1152908	97547	646624	7683546	0	24	3967673	2466948	203771	62461	981762	907	5153206	2530340
2021-03-07	7831085	147539	114058	33481	6514362	272886	1043813	5267288	2563821	0.063	0.031	3437978	3544531	306478	1486155	2360956	2383880	208082	835928	1077022	1160651	98396	650227	7831085	0	24	4016289	2498073	208089	64797	1042886	927	5267264	2563821
2021-03-08	8068514	237429	185850	51579	6648266	283842	1136382	5453138	2615400	0.066	0.031	3556806	3640371	322827	1498475	2442587	2468035	222757	841890	1114219	1172336	100070	656585	8068514	0	24	4102018	2546248	215682	68160	1135414	968	5453114	2615400
2021-03-09	8320715	252201	197406	54795	6788366	296624	1235701	5650544	2670195	0.068	0.032	3677710	3742787	340236	1512022	2524321	2558568	238262	848791	1153389	1184219	101974	663231	8320715	0	24	4190860	2597506	224992	71632	1234668	1033	5650520	2670195
2021-03-10	8609105	288390	221364	67026	6947468	308802	1352810	5871909	2737221	0.071	0.033	3808598	3856306	360962	1530389	2606688	2661880	256906	860000	1201910	1194426	104056	670389	8608134	971	25	4286549	2660919	233611	75191	1351724	1086	5871884	2737221
2021-03-11	8893320	284215	223325	60890	7095103	322519	1475673	6095234	2798111	0.073	0.034	3937470	3976178	382106	1544008	2689957	2769533	276555	867677	1247513	1206645	105551	676331	8891694	1626	25	4377698	2717405	242981	79538	1474530	1143	6095209	2798111
2021-03-12	9219523	326203	255354	70849	7246684	339812	1633002	6350588	2868960	0.076	0.034	4071484	4127850	404783	1559463	2770420	2906954	297406	877132	1301064	1220896	107377	682331	9217687	1836	25	4463224	2783460	255681	84131	1631658	1344	6350563	2868960
2021-03-13	9460086	240563	190297	50266	7362700	349380	1747981	6540885	2919226	0.079	0.035	4181046	4240796	425293	1567511	2840453	3011727	316755	881879	1340593	1229069	108538	685632	9458094	1992	25	4530426	2832274	263909	85471	1746525	1456	6540860	2919226
2021-03-14	9630065	169979	134301	35678	7450759	354892	1824389	6675186	2954904	0.080	0.036	4266043	4307307	441408	1570975	2896461	3072888	331859	883676	1369582	1234419	109549	687299	9628063	2002	25	4583803	2866956	268446	86446	1822912	1477	6675161	2954904
2021-03-15	9877748	247683	188477	59206	7603568	367622	1906533	6863663	3014110	0.083	0.036	4400463	4391447	461474	1582289	2984151	3147219	350790	890548	1416312	1244228	110684	691741	9875463	2285	25	4679196	2924372	279477	88145	1904965	1568	6863638	3014110
2021-03-16	10056655	178907	110713	68194	7770209	378872	1907549	6974376	3082304	0.084	0.037	4527474	4426082	473886	1593025	3059300	3169255	361553	895647	1468174	1256827	112333	697378	10053823	2832	25	4780132	2990077	288242	90630	1905977	1572	6974351	3082304
2021-03-17	10261707	205052	124103	80949	7956525	396863	1908294	7098479	3163253	0.085	0.038	4672447	4463838	487350	1605072	3141952	3193652	373040	902175	1530495	1270186	114310	702897	10258258	3449	25	4890311	3066214	301426	95437	1906717	1577	7098454	3163253
2021-03-18	10455252	193545	117984	75561	8130748	415027	1909452	7216463	3238814	0.087	0.039	4812398	4498757	499905	1615322	3222615	3215628	383588	907340	1589783	1283129	116317	707982	10451380	3872	25	4994173	3136575	314391	100636	1907874	1578	7216438	3238814
2021-03-19	10700214	244962	160729	84233	8316358	435815	1948016	7377192	3323047	0.089	0.040	4961948	4563922	518114	1627194	3306761	3267408	399605	914537	1655187	1296514	118509	712657	10695811	4403	25	5102412	3213946	328374	107441	1946381	1635	7377167	3323047
2021-03-20	10920420	220206	166938	53268	8451739	451105	2017551	7544130	3376315	0.091	0.041	5078536	4641917	537715	1633319	3379545	3337212	417708	917920	1698991	1304705	120007	715399	10915693	4727	25	5188387	3263352	339832	111273	2015886	1665	7544105	3376315
2021-03-21	11084901	164481	126295	38186	8553913	460299	2070664	7670425	3414501	0.092	0.041	5171749	4694283	554274	1635819	3440184	3384099	433219	919244	1731565	1310184	121055	716575	11080174	4727	25	5255645	3298268	345782	114517	2068973	1691	7670400	3414501
2021-03-22	11354102	269201	192795	76406	8720350	484108	2149619	7863220	3490907	0.095	0.042	5329624	4766248	576579	1645397	3534739	3445389	453483	925279	1794885	1320859	123096	720118	11347847	6255	25	5353128	3367222	362192	121916	2147875	1744	7863195	3490907
2021-03-23	11655060	300958	216923	84035	8902036	503839	2249160	8080143	3574942	0.097	0.043	5490190	4854892	604288	1656865	3629814	3521119	478432	932910	1860376	1333773	125856	723955	11643817	11243	25	5455808	3446228	376950	126889	2247360	1800	8080118	3574942
2021-03-24	11994275	339215	249638	89577	9102346	536870	2355034	8329781	3664519	0.100	0.044	5664852	4952071	635971	1672375	3732242	3605792	507202	944863	1932610	1346279	128769	727512	11977240	17035	25	5571922	3530424	404674	132196	2353160	1874	8329756	3664519
2021-03-25	12326973	332698	251544	81154	9287892	564549	2474507	8581325	3745673	0.103	0.045	5830941	5060081	670798	1683452	3832663	3703768	539527	951994	1998278	1356313	131271	731458	12303993	22980	25	5681993	3605899	426785	137764	2472522	1985	8581300	3745673
2021-03-26	12701055	374082	285547	88535	9487688	601724	2611617	8866873	3834208	0.107	0.046	6003833	5184282	710463	1698535	3933360	3816071	576057	962322	2070473	1368211	134406	736213	12671761	29294	26	5800053	3687635	457260	144464	2609534	2083	8866847	3834208
2021-03-27	12982312	281257	218930	62327	9637273	629343	2715669	9085804	3896535	0.109	0.047	6147056	5279869	744190	1703356	4023632	3903670	607441	965464	2123424	1376199	136749	737892	12950668	31644	27	5890479	3746794	481769	147574	2713529	2140	9085777	3896535
2021-03-28	13178701	196389	143170	53219	9752602	647846	2778226	9228974	3949754	0.111	0.047	6253046	5333384	768116	1706823	4085867	3950861	629648	967502	2167179	1382523	138468	739321	13146866	31835	27	5955914	3796688	496998	150848	2776035	2191	9228947	3949754
2021-03-29	13484383	305682	217090	88592	9941330	672843	2870183	9446064	4038346	0.114	0.049	6418833	5404751	806706	1716518	4180272	4010842	665103	973637	2238561	1393909	141603	742881	13446600	37783	27	6062924	3878406	515186	157657	2867927	2256	9446037	4038346
2021-03-30	13813315	328932	236441	92491	10159924	697269	2956095	9682505	4130837	0.116	0.050	6591913	5474211	853024	1727240	4280843	4069380	706095	981320	2311070	1404831	146929	745920	13763396	49919	27	6195545	3964379	533154	164115	2953779	2316	9682478	4130837
2021-03-31	14149525	336210	234753	101457	10407394	733309	3008795	9917258	4232294	0.119	0.051	6774517	5538855	899988	1738789	4384637	4121392	747318	988525	2389880	1417463	152670	750264	14083291	66234	27	6349561	4057833	561227	172082	3006443	2352	9917231	4232294
2021-04-01	14476239	326714	235961	90753	10646332	765761	3064119	10153219	4323047	0.122	0.052	6936269	5606629	944397	1747554	4476928	4175958	787230	994147	2459341	1430671	157167	753407	14389926	86313	27	6505680	4140652	585787	179974	3061725	2394	10153192	4323047
2021-04-02	14701954	225715	157731	67984	10825862	780145	3095920	10310950	4391031	0.124	0.053	7067172	5654574	981393	1749910	4552089	4213818	820223	995356	2515083	1440756	161170	754554	14614117	87837	27	6621593	4204269	595830	184315	3093500	2420	10310923	4391031
2021-04-03	14933902	231948	167534	64414	11000077	795947	3137851	10478484	4455445	0.126	0.054	7198861	5698683	1018737	1753036	4633025	4248782	853330	997097	2565836	1449901	165407	755939	14844666	89236	27	6736278	4263799	606786	189161	3135393	2458	10478457	4455445
2021-04-04	15126855	192953	142597	50356	11132282	806009	3188537	10621081	4505801	0.128	0.054	7309766	5731715	1048001	1754173	4704262	4274251	879171	997551	2605504	1457464	168830	756622	15037483	89372	27	6822059	4310223	612959	193050	3186036	2501	10621054	4505801
2021-04-05	15374712	247857	177652	70205	11297277	823870	3253538	10798733	4576006	0.130	0.055	7456036	5770066	1081529	1756372	4794323	4302940	907924	998846	2661713	1467126	173605	757526	15284030	90682	27	6921660	4375617	626040	197830	3251006	2532	10798706	4576006
2021-04-06	15748462	373750	279066	94684	11552204	856085	3340144	11077801	4670690	0.133	0.056	7644926	5826686	1124640	1761928	4910112	4346229	944820	1001588	2734814	1480457	179820	760340	15621153	127309	29	7090665	4461539	649563	206522	3337544	2600	11077772	4670690
2021-04-07	16416434	667972	571637	96335	12094356	893127	3428922	11649438	4767025	0.140	0.057	7644926	5826686	1124640	1761928	4910112	4346229	944820	1001588	2734814	1480457	179820	760340	15983461	432973	29	7545167	4549189	678003	215124	3426239	2683	11649409	4767025
2021-04-08	17115308	698874	611170	87704	12665887	928760	3520632	12260608	4854729	0.147	0.058	7644926	5826686	1124640	1761928	4910112	4346229	944820	1001588	2734814	1480457	179820	760340	16357457	757851	29	8038048	4627839	704662	224098	3517869	2763	12260579	4854729
2021-04-09	17747487	632179	543233	88946	13156350	965351	3625757	12803841	4943675	0.154	0.059	7644926	5826686	1124640	1761928	4910112	4346229	944820	1001588	2734814	1480457	179820	760340	16750133	997354	29	8451083	4705267	729818	235533	3622911	2846	12803812	4943675
2021-04-10	18120021	372534	307513	65021	13404784	988575	3726633	13111354	5008696	0.158	0.060	7644926	5826686	1124640	1761928	4910112	4346229	944820	1001588	2734814	1480457	179820	760340	17089621	1030400	29	8642240	4762544	745361	243214	3723724	2909	13111325	5008696
2021-04-11	18383935	263914	213597	50317	13575151	1007241	3801514	13324951	5059013	0.160	0.061	7644926	5826686	1124640	1761928	4910112	4346229	944820	1001588	2734814	1480457	179820	760340	17348456	1035479	29	8766311	4808840	760082	247159	3798529	2985	13324922	5059013
2021-04-12	18802544	418609	342239	76370	13854022	1036474	3912018	13667191	5135383	0.164	0.062	7644926	5826686	1124640	1761928	4910112	4346229	944820	1001588	2734814	1480457	179820	760340	17718558	1083986	30	8977336	4876686	780845	255629	3908980	3038	13667161	5135383
2021-04-13	19379454	576910	503218	73692	14286254	1063798	4029372	14170409	5209075	0.170	0.063	7644926	5826686	1124640	1761928	4910112	4346229	944820	1001588	2734814	1480457	179820	760340	18099338	1280116	30	9341514	4944740	802726	261072	4026139	3233	14170379	5209075
2021-04-14	20154331	774877	691671	83206	14902607	1097350	4154344	14862080	5292281	0.179	0.064	7644926	5826686	1124640	1761928	4910112	4346229	944820	1001588	2734814	1480457	179820	760340	18500418	1653913	30	9883723	5018884	827774	269576	4150553	3791	14862050	5292281
2021-04-15	20834585	680254	609946	70308	15436675	1133494	4264385	15472027	5362589	0.186	0.064	7644926	5826686	1124640	1761928	4910112	4346229	944820	1001588	2734814	1480457	179820	760340	18885043	1949542	31	10357042	5079633	855305	278189	4259649	4736	15471996	5362589
2021-04-16	21431153	596568	522378	74190	15874846	1166039	4390237	15994405	5436779	0.192	0.065	7644926	5826686	1124640	1761928	4910112	4346229	944820	1001588	2734814	1480457	179820	760340	19286772	2144381	31	10730258	5144588	879420	286619	4384696	5541	15994374	5436779
2021-04-17	21797174	366021	309409	56612	16099717	1188724	4508702	16303814	5493391	0.196	0.066	7644926	5826686	1124640	1761928	4910112	4346229	944820	1001588	2734814	1480457	179820	760340	19630989	2166185	31	10907135	5192582	894968	293756	4501680	7022	16303783	5493391
2021-04-18	22066709	269535	230530	39005	16271770	1204113	4590795	16534344	5532396	0.199	0.067	7644926	5826686	1124640	1761928	4910112	4346229	944820	1001588	2734814	1480457	179820	760340	19895913	2170796	31	11045247	5226523	906459	297654	4582607	8188	16534313	5532396
2021-04-19	22469004	402295	340879	61416	16565568	1237047	4666357	16875224	5593812	0.203	0.067	7644926	5826686	1124640	1761928	4910112	4346229	944820	1001588	2734814	1480457	179820	760340	20253877	2215127	32	11286872	5278696	931469	305578	4656851	9506	16875192	5593812
2021-04-20	23029786	560782	498011	62771	16947480	1276293	4805980	17373236	5656583	0.209	0.068	7644926	5826686	1124640	1761928	4910112	4346229	944820	1001588	2734814	1480457	179820	760340	20620208	2409578	33	11614760	5332720	964050	312243	4794393	11587	17373203	5656583
2021-04-21	23750882	721096	647941	73155	17401783	1318006	5031060	18021177	5729738	0.217	0.069	7644926	5826686	1124640	1761928	4910112	4346229	944820	1001588	2734814	1480457	179820	760340	21002156	2748726	33	12006490	5395293	997631	320375	5017023	14037	18021144	5729738
2021-04-22	24389512	638630	571434	67196	17783562	1361683	5244234	18592611	5796934	0.224	0.070	7644926	5826686	1124640	1761928	4910112	4346229	944820	1001588	2734814	1480457	179820	760340	21373527	3015985	33	12332374	5451188	1033628	328055	5226576	17658	18592578	5796934
2021-04-23	24945946	556434	487499	68935	18136865	1405275	5403773	19080110	5865869	0.229	0.071	7644926	5826686	1124640	1761928	4910112	4346229	944820	1001588	2734814	1480457	179820	760340	21761766	3184180	33	12630819	5506046	1066696	338579	5382562	21211	19080077	5865869
2021-04-24	25311609	365663	306722	58941	18371842	1454609	5485125	19386832	5924810	0.233	0.071	7644926	5826686	1124640	1761928	4910112	4346229	944820	1001588	2734814	1480457	179820	760340	22110518	3201091	33	12824579	5547263	1100660	353949	5461560	23565	19386799	5924810
2021-04-25	25594583	282974	233935	49039	18559623	1488281	5546646	19620767	5973849	0.236	0.072	7644926	5826686	1124640	1761928	4910112	4346229	944820	1001588	2734814	1480457	179820	760340	22387678	3206905	33	12974966	5584657	1124472	363809	5521296	25350	19620734	5973849
2021-04-26	26027694	433111	359103	74008	18877551	1530781	5619259	19979940	6047857	0.240	0.073	7644926	5826686	1124640	1761928	4910112	4346229	944820	1001588	2734814	1480457	179820	760340	22734197	3293497	103	13231356	5646195	1158573	372208	5589908	29351	19979837	6047857
2021-04-27	26813160	785466	693446	92020	19554270	1582287	5675947	20673939	6139877	0.249	0.074	7644926	5826686	1124640	1761928	4910112	4346229	944820	1001588	2734814	1480457	179820	760340	23104783	3708377	656	13830219	5724051	1200946	381341	5642118	33829	20673283	6139877
2021-04-28	27936414	1123254	996184	127070	20562506	1643013	5729407	21670955	6266947	0.261	0.075	7644926	5826686	1124640	1761928	4910112	4346229	944820	1001588	2734814	1480457	179820	760340	23498954	4437460	1488	14729866	5832640	1249132	393881	5690469	38938	21669467	6266947
2021-04-29	28882855	946441	812952	133489	21386916	1706951	5786591	22484816	6400436	0.270	0.077	7644926	5826686	1124640	1761928	4910112	4346229	944820	1001588	2734814	1480457	179820	760340	23887327	4995528	2397	15441989	5944927	1300677	406274	5739753	46838	22482419	6400436
2021-04-30	29686679	803824	666744	137080	22065345	1764260	5853802	23152435	6537516	0.278	0.079	7644926	5826686	1124640	1761928	4910112	4346229	944820	1001588	2734814	1480457	179820	760340	24291305	5395374	3272	16008855	6056490	1342728	421532	5797580	56222	23149163	6537516
2021-05-01	30022971	336292	260060	76232	22318180	1805752	5893193	23415069	6613748	0.282	0.080	7644926	5826686	1124640	1761928	4910112	4346229	944820	1001588	2734814	1480457	179820	760340	24602947	5420024	5846	16200453	6117727	1377815	427937	5830955	62238	23409223	6613748
2021-05-02	30287966	264995	197627	67368	22513757	1843261	5923295	23614503	6681116	0.284	0.080	7644926	5826686	1124640	1761928	4910112	4346229	944820	1001588	2734814	1480457	179820	760340	24860287	5427679	7653	16340296	6173461	1410073	433188	5856481	66814	23606850	6681116
2021-05-03	30739774	451808	335405	116403	22831712	1913860	5984963	23951494	6797519	0.288	0.082	7644926	5826686	1124640	1761928	4910112	4346229	944820	1001588	2734814	1480457	179820	760340	25218235	5521539	9239	16567247	6264465	1467464	446396	5907544	77419	23942255	6797519
2021-05-04	31582863	843089	681376	161713	23458069	1977373	6135221	24635831	6959232	0.296	0.084	7644926	5826686	1124640	1761928	4910112	4346229	944820	1001588	2734814	1480457	179820	760340	25594072	5988791	12200	17061799	6396270	1517731	459642	6044101	91120	24623631	6959232
2021-05-05	32730079	1147216	914970	232246	24309364	2056337	6347707	25555272	7191478	0.307	0.086	7644926	5826686	1124640	1761928	4910112	4346229	944820	1001588	2734814	1480457	179820	760340	26015324	6714755	16671	17727712	6581652	1571191	485146	6239698	108009	25538601	7191478
2021-05-06	33721100	991021	767400	223621	25002145	2148468	6549265	26327223	7415099	0.317	0.089	7644926	5826686	1124640	1761928	4910112	4346229	944820	1001588	2734814	1480457	179820	760340	26431234	7289866	21222	18243294	6758851	1640907	507561	6421800	127465	26306001	7415099
2021-05-07	34612290	891190	652761	238429	25589980	2235169	6761717	26984186	7653528	0.324	0.092	7644926	5826686	1124640	1761928	4910112	4346229	944820	1001588	2734814	1480457	179820	760340	26878408	7733882	25424	18657134	6932846	1696642	538527	6604986	156731	26958762	7653528
2021-05-08	35038079	425789	271734	154055	25857656	2306944	6846338	27257637	7807583	0.328	0.094	7644926	5826686	1124640	1761928	4910112	4346229	944820	1001588	2734814	1480457	179820	760340	27243706	7794373	27141	18811918	7045738	1748589	558355	6669989	176349	27230496	7807583
2021-05-09	35324260	286181	183645	102536	26051546	2363501	6881005	27442349	7910119	0.330	0.095	7644926	5826686	1124640	1761928	4910112	4346229	944820	1001588	2734814	1480457	179820	760340	27518852	7805408	28208	18926550	7124996	1794353	569148	6693238	187767	27414141	7910119
2021-05-10	35913639	589379	395847	193532	26424735	2445296	7011671	27841925	8103651	0.335	0.097	7644926	5826686	1124640	1761928	4910112	4346229	944820	1001588	2734814	1480457	179820	760340	27919333	7994306	31937	19157957	7266778	1853971	591325	6798060	213611	27809988	8103651
2021-05-11	36999491	1085852	798036	287816	27250654	2525199	7188060	28643602	8391467	0.344	0.101	7644926	5826686	1124640	1761928	4910112	4346229	944820	1001588	2734814	1480457	179820	760340	28351490	8648001	35578	19751013	7499641	1911709	613490	6945302	242758	28608024	8391467
2021-05-12	38415553	1416062	1049361	366701	28344027	2616869	7413327	29698715	8758168	0.357	0.105	7644926	5826686	1124640	1761928	4910112	4346229	944820	1001588	2734814	1480457	179820	760340	28811569	9603984	41330	20547946	7796081	1972827	644042	7136612	276715	29657385	8758168
2021-05-13	38844809	429256	268398	160858	28659354	2683640	7457838	29969760	8919026	0.360	0.107	7644926	5826686	1124640	1761928	4910112	4346229	944820	1001588	2734814	1480457	179820	760340	29167346	9677463	43977	20735488	7923866	2024388	659252	7165907	291931	29925783	8919026
2021-05-14	39601344	756535	526145	230390	29204584	2748563	7596428	30503697	9149416	0.367	0.110	7644926	5826686	1124640	1761928	4910112	4346229	944820	1001588	2734814	1480457	179820	760340	29572544	10028800	51769	21100257	8104327	2074123	674440	7277548	318880	30451928	9149416
2021-05-15	40001631	400287	234680	165607	29483766	2808942	7652874	30742657	9315023	0.370	0.112	7644926	5826686	1124640	1761928	4910112	4346229	944820	1001588	2734814	1480457	179820	760340	29925165	10076466	56049	21257061	8226705	2118078	690864	7311469	341405	30686608	9315023
2021-05-16	40283760	282129	160536	121593	29683517	2861669	7677801	30907917	9436616	0.372	0.113	7644926	5826686	1124640	1761928	4910112	4346229	944820	1001588	2734814	1480457	179820	760340	30191289	10092471	60773	21363440	8320077	2160922	700747	7322782	355019	30847144	9436616
2021-05-17	40839003	555243	349305	205938	30021808	2947354	7799311	31266979	9642554	0.376	0.116	7644926	5826686	1124640	1761928	4910112	4346229	944820	1001588	2734814	1480457	179820	760340	30577214	10261789	70530	21556320	8465488	2222194	725160	7417935	381376	31196449	9642554
2021-05-18	41710904	871901	517431	354470	30611314	3048449	7972839	31792182	9997024	0.382	0.120	7644926	5826686	1124640	1761928	4910112	4346229	944820	1001588	2734814	1480457	179820	760340	30994111	10716793	78302	21855758	8755556	2294703	753746	7563419	409420	31713880	9997024
2021-05-19	42808802	1097898	563788	534110	31415486	3148539	8154319	32368126	10531134	0.389	0.127	7644926	5826686	1124640	1761928	4910112	4346229	944820	1001588	2734814	1480457	179820	760340	31412231	11396571	90458	22199786	9215700	2360944	787595	7716938	437381	32277668	10531134
2021-05-20	43756350	947548	455599	491949	32099106	3245008	8310941	32834562	11023083	0.395	0.133	7644926	5826686	1124640	1761928	4910112	4346229	944820	1001588	2734814	1480457	179820	760340	31828836	11927514	101295	22460719	9638387	2426455	818553	7846093	464848	32733267	11023083
2021-05-21	44607505	851155	406058	445097	32695279	3330706	8468346	33252499	11468180	0.400	0.138	7644926	5826686	1124640	1761928	4910112	4346229	944820	1001588	2734814	1480457	179820	760340	32257271	12350234	113174	22683272	10012007	2482837	847869	7973216	495130	33139325	11468180
2021-05-22	45081423	473918	214994	258924	33001515	3400207	8552250	33481770	11727104	0.403	0.141	7644926	5826686	1124640	1761928	4910112	4346229	944820	1001588	2734814	1480457	179820	760340	32602259	12479164	127451	22781827	10219688	2531143	869064	8041349	510901	33354319	11727104
2021-05-23	45366482	285059	124753	160306	33194419	3459593	8576155	33615387	11887410	0.404	0.143	7644926	5826686	1124640	1761928	4910112	4346229	944820	1001588	2734814	1480457	179820	760340	32869197	12497285	136315	22847482	10346937	2575441	884152	8056149	520006	33479072	11887410
2021-05-24	45692461	325979	141142	184837	33430146	3521136	8596826	33764567	12072247	0.406	0.145	7644926	5826686	1124640	1761928	4910112	4346229	944820	1001588	2734814	1480457	179820	760340	33179651	12512810	144353	22930098	10500048	2621988	899148	8068128	528698	33620214	12072247
2021-05-25	46348053	655592	272158	383434	33876764	3600881	8700898	34061882	12455681	0.410	0.150	7644926	5826686	1124640	1761928	4910112	4346229	944820	1001588	2734814	1480457	179820	760340	33576300	12771753	169510	23071833	10804931	2673440	927441	8147099	553799	33892372	12455681
2021-05-26	47527980	1179927	469604	710323	34761934	3683239	8835024	34609759	13166004	0.416	0.158	7644926	5826686	1124640	1761928	4910112	4346229	944820	1001588	2734814	1480457	179820	760340	33992812	13535168	247783	23386716	11375218	2726031	957208	8249229	585795	34361976	13166004
2021-05-27	48568773	1040793	404182	636611	35501043	3772165	8966660	35095063	13802615	0.422	0.166	7644926	5826686	1124640	1761928	4910112	4346229	944820	1001588	2734814	1480457	179820	760340	34411768	14157005	328905	23644579	11856464	2777656	994509	8343923	622737	34766158	13802615
2021-05-28	49472633	903860	356358	547502	36104492	3858295	9097187	35535175	14350117	0.427	0.173	7644926	5826686	1124640	1761928	4910112	4346229	944820	1001588	2734814	1480457	179820	760340	34847667	14624966	412659	23861402	12243090	2828179	1030116	8432935	664252	35122516	14350117
2021-05-29	49882804	410171	151733	258438	36366313	3920887	9155153	35714700	14608555	0.429	0.176	7644926	5826686	1124640	1761928	4910112	4346229	944820	1001588	2734814	1480457	179820	760340	35183429	14699375	440451	23941248	12425065	2865034	1055853	8467967	687186	35274249	14608555
2021-05-30	50166340	283536	97725	185811	36563454	3967898	9183505	35823457	14794366	0.431	0.178	7644926	5826686	1124640	1761928	4910112	4346229	944820	1001588	2734814	1480457	179820	760340	35445147	14721193	451483	24000458	12562996	2892386	1075512	8479130	704375	35371974	14794366
2021-05-31	50713036	546696	178384	368312	36930626	4035327	9253125	36044316	15162678	0.433	0.182	7644926	5826686	1124640	1761928	4910112	4346229	944820	1001588	2734814	1480457	179820	760340	35834074	14878962	493958	24112220	12818406	2920070	1115257	8518068	735057	35550358	15162678
2021-06-01	51701346	988310	400067	588243	37664073	4115122	9343640	36528936	15750921	0.439	0.189	7644926	5826686	1124640	1761928	4910112	4346229	944820	1001588	2734814	1480457	179820	760340	36231911	15469435	578511	24428394	13235679	2949823	1165299	8572208	771432	35950425	15750921
2021-06-02	52949968	1248622	516834	731788	38653046	4187695	9425866	37150620	16482709	0.447	0.198	7644926	5826686	1124640	1761928	4910112	4346229	944820	1001588	2734814	1480457	179820	760340	36640255	16309713	683361	24877791	13775255	2974292	1213403	8615176	810690	36467259	16482709
2021-06-03	53592626	642658	230401	412257	39127975	4252002	9476086	37434223	16894966	0.450	0.203	7644926	5826686	1124640	1761928	4910112	4346229	944820	1001588	2734814	1480457	179820	760340	37003500	16589126	736563	25057622	14070353	3003999	1248003	8636039	840047	36697660	16894966
2021-06-04	54403623	810997	291268	519729	39713648	4323235	9552962	37802706	17414695	0.455	0.209	7644926	5826686	1124640	1761928	4910112	4346229	944820	1001588	2734814	1480457	179820	760340	37412009	16991614	813778	25285700	14427948	3032693	1290542	8670535	882427	36988928	17414695
2021-06-05	54816477	412854	96346	316508	39984744	4390200	9597144	37929663	17731203	0.456	0.213	7644926	5826686	1124640	1761928	4910112	4346229	944820	1001588	2734814	1480457	179820	760340	37761319	17055158	844389	25344828	14639916	3058990	1331210	8681456	915688	37085274	17731203
2021-06-06	55108674	292197	59466	232731	40190457	4431195	9624392	38007370	17963934	0.457	0.216	7644926	5826686	1124640	1761928	4910112	4346229	944820	1001588	2734814	1480457	179820	760340	38023807	17084867	862630	25388777	14801680	3070964	1360231	8684999	939393	37144740	17963934
2021-06-07	55722882	614208	193132	421076	40592598	4516262	9696910	38254984	18385010	0.460	0.221	7644926	5826686	1124640	1761928	4910112	4346229	944820	1001588	2734814	1480457	179820	760340	38398731	17323248	917112	25523188	15069410	3098532	1417730	8716152	980758	37337872	18385010
2021-06-08	56776106	1053224	341255	711969	41439140	4591639	9759867	38664587	19096979	0.465	0.230	7644926	5826686	1124640	1761928	4910112	4346229	944820	1001588	2734814	1480457	179820	760340	38804134	17968865	985460	25805905	15633235	3124768	1466871	8748454	1011413	37679127	19096979
2021-06-09	58199519	1423413	448767	974646	42615532	4678878	9823871	39209132	20071625	0.471	0.241	7644926	5826686	1124640	1761928	4910112	4346229	944820	1001588	2734814	1480457	179820	760340	39236818	18956810	1081238	26193851	16421681	3153178	1525700	8780865	1043006	38127894	20071625
2021-06-10	59390757	1191238	404648	786590	43572729	4768689	9879657	39702224	20858215	0.477	0.251	7644926	5826686	1124640	1761928	4910112	4346229	944820	1001588	2734814	1480457	179820	760340	39676515	19705530	1169682	26539553	17033176	3185213	1583476	8807776	1071881	38532542	20858215
2021-06-11	60453261	1062504	364358	698146	44380319	4857709	9948776	40163357	21556361	0.483	0.259	7644926	5826686	1124640	1761928	4910112	4346229	944820	1001588	2734814	1480457	179820	760340	40123243	20318630	1266457	26846082	17534237	3213431	1644278	8837387	1111389	38896900	21556361
2021-06-12	60888457	435196	123762	311434	44664975	4929571	9992215	40322358	21867795	0.485	0.263	7644926	5826686	1124640	1761928	4910112	4346229	944820	1001588	2734814	1480457	179820	760340	40455342	20420893	1301696	26937978	17726997	3232154	1697417	8850530	1141685	39020662	21867795
2021-06-13	61171423	282966	64748	218218	44844839	4993073	10018028	40400893	22086013	0.486	0.266	7644926	5826686	1124640	1761928	4910112	4346229	944820	1001588	2734814	1480457	179820	760340	40702648	20456247	1315483	26982151	17862688	3248089	1744984	8855170	1162858	39085410	22086013
2021-06-14	61826495	655072	214077	440995	45275928	5094390	10085457	40670207	22527008	0.489	0.271	7644926	5826686	1124640	1761928	4910112	4346229	944820	1001588	2734814	1480457	179820	760340	41115209	20696780	1370720	27154968	18120960	3271717	1822673	8872802	1212655	39299487	22527008
2021-06-15	62872870	1046375	346592	699783	46073976	5199021	10170069	41075883	23226791	0.494	0.279	7644926	5826686	1124640	1761928	4910112	4346229	944820	1001588	2734814	1480457	179820	760340	41571405	21283470	1429804	27453350	18620626	3300261	1898760	8892468	1277601	39646079	23226791
2021-06-16	64254283	1381413	465514	915899	47175905	5305532	10266754	41617685	24142690	0.500	0.290	7644926	5826686	1124640	1761928	4910112	4346229	944820	1001588	2734814	1480457	179820	760340	42050245	22182018	1506092	27860909	19314996	3332660	1972872	8918024	1348730	40111593	24142690
2021-06-17	65401168	1146885	398759	748126	48058784	5409075	10358960	42084701	24890816	0.506	0.299	7644926	5826686	1124640	1761928	4910112	4346229	944820	1001588	2734814	1480457	179820	760340	42523560	22852215	1574349	28207648	19851136	3362383	2046692	8940321	1418639	40510352	24890816
2021-06-18	66392684	991516	344506	647010	48790731	5503481	10455289	42498041	25537826	0.511	0.307	7644926	5826686	1124640	1761928	4910112	4346229	944820	1001588	2734814	1480457	179820	760340	42982089	23382503	1643183	28498817	20291914	3393644	2109837	8962397	1492892	40854858	25537826
2021-06-19	66819617	426933	119585	307348	49063527	5585557	10506208	42638768	25845174	0.513	0.311	7644926	5826686	1124640	1761928	4910112	4346229	944820	1001588	2734814	1480457	179820	760340	43323281	23466988	1664325	28590875	20472652	3414626	2170931	8968942	1537266	40974443	25845174
2021-06-20	67114673	295056	67862	227194	49242331	5657149	10538055	42719443	26072368	0.514	0.313	7644926	5826686	1124640	1761928	4910112	4346229	944820	1001588	2734814	1480457	179820	760340	43588432	23496614	1677138	28640091	20602240	3430654	2226495	8971560	1566495	41042305	26072368
2021-06-21	67745072	630399	209136	421263	49653304	5754765	10623516	42964928	26493631	0.517	0.319	7644926	5826686	1124640	1761928	4910112	4346229	944820	1001588	2734814	1480457	179820	760340	43987281	23726147	1713487	28810190	20843114	3455701	2299064	8985550	1637966	41251441	26493631
2021-06-22	68820319	1075247	374163	701084	50495907	5850733	10726072	43373211	27194715	0.522	0.327	7644926	5826686	1124640	1761928	4910112	4346229	944820	1001588	2734814	1480457	179820	760340	44429824	24354112	1747607	29137461	21358446	3486360	2364373	9001783	1724289	41625604	27194715
2021-06-23	70153854	1333535	487298	846237	51583268	5946758	10841690	43895040	28040952	0.528	0.337	7644926	5826686	1124640	1761928	4910112	4346229	944820	1001588	2734814	1480457	179820	760340	44874422	25237778	1782138	29574010	22009258	3516448	2430310	9022444	1819246	42112902	28040952
2021-06-24	71188038	1034184	488160	546024	52379113	6034101	10952408	44423478	28586976	0.534	0.344	7644926	5826686	1124640	1761928	4910112	4346229	944820	1001588	2734814	1480457	179820	760340	45311157	25830883	1822416	30005521	22373592	3551851	2482250	9043690	1908718	42601062	28586976
2021-06-25	72107397	919359	379370	539989	53071840	6110688	11062317	44842984	29126965	0.539	0.350	7644926	5826686	1124640	1761928	4910112	4346229	944820	1001588	2734814	1480457	179820	760340	45743771	26314646	1862552	30338186	22733654	3578684	2532004	9063562	1998755	42980432	29126965
2021-06-26	72516855	409458	136446	273012	53326414	6179761	11134867	44992691	29399977	0.541	0.354	7644926	5826686	1124640	1761928	4910112	4346229	944820	1001588	2734814	1480457	179820	760340	46088878	26378225	1875813	30442715	22883699	3604301	2575460	9069862	2065005	43116878	29399977
2021-06-27	72808728	291873	89971	201902	53499297	6237875	11191622	45086783	29601879	0.542	0.356	7644926	5826686	1124640	1761928	4910112	4346229	944820	1001588	2734814	1480457	179820	760340	46354678	26403445	1879934	30509967	22989330	3623618	2614257	9073264	2118358	43206849	29601879
2021-06-28	73437437	628709	243768	384941	53899826	6327914	11305385	45354929	29986820	0.545	0.361	7644926	5826686	1124640	1761928	4910112	4346229	944820	1001588	2734814	1480457	179820	760340	46766893	26617843	1904312	30707563	23192263	3656039	2671875	9087015	2218370	43450617	29986820
2021-06-29	74369280	931843	388455	543388	54583589	6420860	11438117	45765786	30530208	0.550	0.367	7644926	5826686	1124640	1761928	4910112	4346229	944820	1001588	2734814	1480457	179820	760340	47198094	27113831	1926714	31051224	23532365	3689079	2731781	9098769	2339348	43839072	30530208
2021-06-30	75390961	1021681	450720	570961	55351818	6515006	11574727	46239202	31101169	0.556	0.374	7644926	5826686	1124640	1761928	4910112	4346229	944820	1001588	2734814	1480457	179820	760340	47630415	27697962	1949410	31452608	23899210	3723917	2791089	9113267	2461460	44289792	31101169
2021-07-01	76372755	981794	452373	529421	56094692	6598528	11707532	46714168	31630590	0.562	0.380	7644926	5826686	1124640	1761928	4910112	4346229	944820	1001588	2734814	1480457	179820	760340	48037640	28268207	1972003	31860854	24233838	3754515	2844013	9126796	2580736	44742165	31630590
2021-07-02	77219048	846293	379879	466414	56744688	6693427	11786755	47116222	32097004	0.567	0.386	7644926	5826686	1124640	1761928	4910112	4346229	944820	1001588	2734814	1480457	179820	760340	48438796	28709971	1994178	32199676	24545012	3786352	2907075	9136016	2650739	45122044	32097004
2021-07-03	77596302	377254	149194	228060	57000268	6772750	11813897	47280625	32325064	0.569	0.389	7644926	5826686	1124640	1761928	4910112	4346229	944820	1001588	2734814	1480457	179820	760340	48749053	28776252	2009387	32321415	24678853	3811004	2961746	9138819	2675078	45271238	32325064
2021-07-04	77869613	273311	93131	180180	57181974	6840907	11828427	47382674	32505244	0.570	0.391	7644926	5826686	1124640	1761928	4910112	4346229	944820	1001588	2734814	1480457	179820	760340	48994845	28803194	2018305	32394611	24787363	3829482	3011425	9140276	2688151	45364369	32505244
2021-07-05	78405915	536302	196621	339681	57569342	6935438	11867978	47594147	32844925	0.572	0.395	7644926	5826686	1124640	1761928	4910112	4346229	944820	1001588	2734814	1480457	179820	760340	49339092	28993153	2033157	32560624	25008718	3855733	3079705	9144633	2723345	45560990	32844925
2021-07-06	79183176	777261	270057	507204	58186491	7034578	11913272	47879882	33352129	0.576	0.401	7644926	5826686	1124640	1761928	4910112	4346229	944820	1001588	2734814	1480457	179820	760340	49682681	29423099	2048835	32800786	25385705	3881021	3153557	9149240	2764032	45831047	33352129
2021-07-07	80178520	995344	323691	671653	59015618	7130439	11964584	48222617	34023782	0.580	0.409	7644926	5826686	1124640	1761928	4910112	4346229	944820	1001588	2734814	1480457	179820	760340	50039796	30056482	2067879	33094438	25921180	3905650	3224789	9154650	2809934	46154738	34023782
2021-07-08	81025903	847383	262965	584418	59699490	7231915	12007217	48504984	34608200	0.583	0.416	7644926	5826686	1124640	1761928	4910112	4346229	944820	1001588	2734814	1480457	179820	760340	50387977	30551427	2087281	33330631	26368859	3928135	3303780	9158937	2848280	46417703	34608200
2021-07-09	81783333	757430	219541	537889	60294189	7330794	12050421	48745173	35146089	0.586	0.423	7644926	5826686	1124640	1761928	4910112	4346229	944820	1001588	2734814	1480457	179820	760340	50736367	30956968	2107929	33527829	26766360	3946036	3384758	9163379	2887042	46637244	35146089
2021-07-10	82126680	343347	95797	247550	60522447	7414986	12071538	48850750	35393639	0.587	0.426	7644926	5826686	1124640	1761928	4910112	4346229	944820	1001588	2734814	1480457	179820	760340	51010805	31025280	2117709	33604024	26918423	3964195	3450791	9164822	2906716	46733041	35393639
2021-07-11	82354592	227912	61110	166802	60668227	7478536	12081827	48920153	35560441	0.588	0.428	7644926	5826686	1124640	1761928	4910112	4346229	944820	1001588	2734814	1480457	179820	760340	51219423	31044204	2126002	33649858	27018369	3979001	3499535	9165292	2916535	46794151	35560441
2021-07-12	82822410	467818	151043	316775	61018437	7558018	12105860	49085289	35877216	0.590	0.431	7644926	5826686	1124640	1761928	4910112	4346229	944820	1001588	2734814	1480457	179820	760340	51488788	31240232	2140095	33770065	27248372	4007967	3550051	9167162	2938698	46945194	35877216
2021-07-13	83582578	760168	180060	580108	61646187	7635901	12140473	49285271	36457324	0.593	0.438	7644926	5826686	1124640	1761928	4910112	4346229	944820	1001588	2734814	1480457	179820	760340	51745697	31739362	2160017	33921837	27724350	4033993	3601908	9169424	2971049	47125254	36457324
2021-07-14	84557005	974427	203165	771262	62478460	7707994	12187616	49511354	37228586	0.595	0.448	7644926	5826686	1124640	1761928	4910112	4346229	944820	1001588	2734814	1480457	179820	760340	52025583	32429200	2182935	34100061	28378399	4055264	3652730	9173094	3014522	47328419	37228586
2021-07-15	85323412	766407	170873	595534	63112580	7779141	12226180	49704803	37824120	0.598	0.455	7644926	5826686	1124640	1761928	4910112	4346229	944820	1001588	2734814	1480457	179820	760340	52285879	32931568	2205511	34248822	28863758	4074501	3704640	9175969	3050211	47499292	37824120
2021-07-16	85982557	659145	151567	507578	63653088	7843608	12258143	49878577	38331698	0.600	0.461	7644926	5826686	1124640	1761928	4910112	4346229	944820	1001588	2734814	1480457	179820	760340	52544466	33328254	2227718	34381199	29271889	4091768	3751840	9177892	3080251	47650859	38331698
2021-07-17	86253979	271422	71027	200395	63827080	7906816	12273790	49968179	38532093	0.601	0.463	7644926	5826686	1124640	1761928	4910112	4346229	944820	1001588	2734814	1480457	179820	760340	52757511	33384580	2246293	34435601	29391479	4107507	3799309	9178778	3095012	47721886	38532093
2021-07-18	86453874	199895	59689	140206	63962676	7948412	12285246	50039115	38672299	0.602	0.465	7644926	5826686	1124640	1761928	4910112	4346229	944820	1001588	2734814	1480457	179820	760340	52928782	33412623	2257540	34485713	29476963	4116807	3831605	9179055	3106191	47781575	38672299
2021-07-19	86834369	380495	91567	288928	64258622	7998939	12305028	50144922	38961227	0.603	0.468	7644926	5826686	1124640	1761928	4910112	4346229	944820	1001588	2734814	1480457	179820	760340	53127236	33592649	2271780	34562999	29695623	4129757	3869182	9180386	3124642	47873142	38961227
2021-07-20	87438585	604216	126294	477922	64778254	8047278	12326958	50285531	39439149	0.605	0.474	7644926	5826686	1124640	1761928	4910112	4346229	944820	1001588	2734814	1480457	179820	760340	53349340	33970767	2286095	34671158	30107096	4145363	3901915	9182915	3144043	47999436	39439149
2021-07-21	88190855	752270	154926	597344	65447807	8093330	12349743	50454337	40036493	0.607	0.481	7644926	5826686	1124640	1761928	4910112	4346229	944820	1001588	2734814	1480457	179820	760340	53590216	34477235	2299975	34811530	30636277	4158322	3935008	9184510	3165233	48154362	40036493
2021-07-22	88809485	618630	121232	497398	65990585	8136762	12368587	50589145	40533891	0.608	0.487	7644926	5826686	1124640	1761928	4910112	4346229	944820	1001588	2734814	1480457	179820	760340	53823730	34857754	2313551	34921282	31069303	4168410	3968352	9185902	3182685	48275594	40533891
2021-07-23	89376418	566933	113413	453520	66478547	8179055	12387139	50720684	40987411	0.610	0.493	7644926	5826686	1124640	1761928	4910112	4346229	944820	1001588	2734814	1480457	179820	760340	54059811	35185498	2331677	35023393	31455154	4178373	4000682	9187241	3199898	48389007	40987411
2021-07-24	89586548	210130	52527	157603	66631624	8216522	12394881	50785055	41145014	0.611	0.495	7644926	5826686	1124640	1761928	4910112	4346229	944820	1001588	2734814	1480457	179820	760340	54213982	35239989	2343521	35067883	31563741	4185646	4030876	9188005	3206876	48441534	41145014
2021-07-25	89710802	124254	31988	92266	66715410	8247964	12398157	50822793	41237280	0.611	0.496	7644926	5826686	1124640	1761928	4910112	4346229	944820	1001588	2734814	1480457	179820	760340	54318392	35258381	2349271	35093495	31621915	4191905	4056059	9188122	3210035	48473522	41237280
2021-07-26	90046590	335788	71425	264363	66988034	8287744	12410490	50905269	41501643	0.612	0.499	7644926	5826686	1124640	1761928	4910112	4346229	944820	1001588	2734814	1480457	179820	760340	54503936	35406924	2360322	35154206	31833828	4201463	4086281	9189278	3221212	48544947	41501643
2021-07-27	90593454	546864	97708	449156	67460056	8329884	12430369	51015800	41950799	0.613	0.504	7644926	5826686	1124640	1761928	4910112	4346229	944820	1001588	2734814	1480457	179820	760340	54714157	35739285	2373145	35241934	32218122	4210130	4119754	9190591	3239778	48642655	41950799
2021-07-28	91277153	683699	121468	562231	68059882	8376715	12453699	51150980	42513030	0.615	0.511	7644926	5826686	1124640	1761928	4910112	4346229	944820	1001588	2734814	1480457	179820	760340	54947700	36185608	2386857	35352737	32707145	4219561	4157154	9191825	3261874	48764123	42513030
2021-07-29	91849810	572657	104759	467898	68554707	8420150	12473484	51270351	42980928	0.616	0.517	7644926	5826686	1124640	1761928	4910112	4346229	944820	1001588	2734814	1480457	179820	760340	55160426	36541536	2401469	35447105	33107602	4228736	4191414	9193041	3280443	48868882	42980928
2021-07-30	92341958	492148	93865	398283	68968419	8465399	12490647	51380240	43379211	0.618	0.522	7644926	5826686	1124640	1761928	4910112	4346229	944820	1001588	2734814	1480457	179820	760340	55373008	36818387	2417493	35530899	33437520	4237738	4227661	9194110	3296537	48962747	43379211
2021-07-31	92536013	194055	47010	147045	69108180	8501251	12496664	51439675	43526256	0.619	0.523	7644926	5826686	1124640	1761928	4910112	4346229	944820	1001588	2734814	1480457	179820	760340	55528569	36856357	2429918	35571514	33536666	4243978	4257273	9194265	3302399	49009757	43526256
2021-08-01	92652489	116476	30383	86093	69191402	8526317	12498980	51475930	43612349	0.619	0.524	7644926	5826686	1124640	1761928	4910112	4346229	944820	1001588	2734814	1480457	179820	760340	55628303	36872662	2435790	35597639	33593763	4248154	4278163	9194347	3304633	49040140	43612349
2021-08-02	92943140	290651	58234	232417	69428434	8559693	12508105	51545282	43844766	0.620	0.527	7644926	5826686	1124640	1761928	4910112	4346229	944820	1001588	2734814	1480457	179820	760340	55796906	36992897	2446908	35650170	33778264	4253285	4306408	9194919	3313186	49098374	43844766
2021-08-03	93399771	456631	76279	380352	69821690	8598004	12520039	51634691	44225118	0.621	0.532	7644926	5826686	1124640	1761928	4910112	4346229	944820	1001588	2734814	1480457	179820	760340	55983746	37259593	2460038	35720841	34100849	4258168	4339836	9195644	3324395	49174653	44225118
2021-08-04	93965551	565780	96150	469630	70327291	8634255	12531297	51743511	44694748	0.622	0.537	7644926	5826686	1124640	1761928	4910112	4346229	944820	1001588	2734814	1480457	179820	760340	56190869	37614993	2472708	35810852	34516439	4263808	4370447	9196143	3335154	49270803	44694748
2021-08-05	94476636	511085	85029	426056	70776590	8673897	12539238	51842743	45120804	0.623	0.543	7644926	5826686	1124640	1761928	4910112	4346229	944820	1001588	2734814	1480457	179820	760340	56403142	37910549	2486911	35890062	34886528	4269020	4404877	9196750	3342488	49355832	45120804
2021-08-06	94912465	435829	80610	355219	71154266	8709661	12546539	51938441	45476023	0.625	0.547	7644926	5826686	1124640	1761928	4910112	4346229	944820	1001588	2734814	1480457	179820	760340	56619715	38127512	2501999	35964523	35189743	4274739	4434922	9197180	3349359	49436442	45476023
2021-08-07	95095445	182980	40476	142504	71291006	8741486	12548081	51991790	45618527	0.625	0.549	7644926	5826686	1124640	1761928	4910112	4346229	944820	1001588	2734814	1480457	179820	760340	56777695	38151629	2514872	36000225	35290781	4279434	4462052	9197259	3350822	49476918	45618527
2021-08-08	95211244	115799	23352	92447	71380140	8763241	12549001	52019132	45710974	0.625	0.550	7644926	5826686	1124640	1761928	4910112	4346229	944820	1001588	2734814	1480457	179820	760340	56881844	38163142	2518862	36020778	35359362	4282191	4481050	9197301	3351700	49500270	45710974
2021-08-09	95502349	291105	50827	240278	71615591	8804660	12554328	52078867	45951252	0.626	0.553	7644926	5826686	1124640	1761928	4910112	4346229	944820	1001588	2734814	1480457	179820	760340	57069833	38264866	2527770	36066818	35548773	4286671	4517989	9197608	3356720	49551097	45951252
2021-08-10	95926715	424366	73618	350748	71978378	8847240	12562191	52163621	46302000	0.627	0.557	7644926	5826686	1124640	1761928	4910112	4346229	944820	1001588	2734814	1480457	179820	760340	57260027	38496745	2538906	36134907	35843471	4291634	4555606	9198174	3364017	49624715	46302000
2021-08-11	96461125	534410	103031	431379	72440873	8894145	12571878	52281975	46733379	0.629	0.562	7644926	5826686	1124640	1761928	4910112	4346229	944820	1001588	2734814	1480457	179820	760340	57480697	38807109	2554229	36229538	36211335	4299365	4594780	9198843	3373035	49727746	46733379
2021-08-12	96923434	462309	97942	364367	72840556	8932058	12578852	52397656	47097746	0.630	0.566	7644926	5826686	1124640	1761928	4910112	4346229	944820	1001588	2734814	1480457	179820	760340	57688651	39058964	2571968	36320467	36520089	4305870	4626188	9199351	3379501	49825688	47097746
2021-08-13	97333736	410302	91083	319219	73186454	8972285	12585354	52506414	47416965	0.631	0.570	7644926	5826686	1124640	1761928	4910112	4346229	944820	1001588	2734814	1480457	179820	760340	57904975	39251353	2589643	36404227	36782227	4312714	4659571	9199830	3385524	49916771	47416965
2021-08-14	97519613	185877	47937	137940	73327173	9003380	12586716	52567052	47554905	0.632	0.572	7644926	5826686	1124640	1761928	4910112	4346229	944820	1001588	2734814	1480457	179820	760340	58071821	39269532	2602344	36447436	36879737	4317374	4686006	9199898	3386818	49964708	47554905
2021-08-15	97634578	114965	29462	85503	73413927	9024100	12587401	52603320	47640408	0.633	0.573	7644926	5826686	1124640	1761928	4910112	4346229	944820	1001588	2734814	1480457	179820	760340	58178599	39277544	2609150	36473609	36940318	4320639	4703461	9199922	3387479	49994170	47640408
2021-08-16	97884043	249465	63543	185922	73617714	9055477	12590212	52678353	47826330	0.633	0.575	7644926	5826686	1124640	1761928	4910112	4346229	944820	1001588	2734814	1480457	179820	760340	58342792	39361152	2620640	36531392	37086322	4326138	4729339	9200183	3390029	50057713	47826330
