date	dosen_kumulativ	dosen_differenz_zum_vortag	dosen_erst_differenz_zum_vortag	dosen_zweit_differenz_zum_vortag	dosen_biontech_kumulativ	dosen_moderna_kumulativ	dosen_astrazeneca_kumulativ	personen_erst_kumulativ	personen_voll_kumulativ	impf_quote_erst	impf_quote_voll	indikation_alter_dosen	indikation_beruf_dosen	indikation_medizinisch_dosen	indikation_pflegeheim_dosen	indikation_alter_erst	indikation_beruf_erst	indikation_medizinisch_erst	indikation_pflegeheim_erst	indikation_alter_voll	indikation_beruf_voll	indikation_medizinisch_voll	indikation_pflegeheim_voll	dosen_dim_kumulativ	dosen_kbv_kumulativ	dosen_johnson_kumulativ	dosen_biontech_erst_kumulativ	dosen_biontech_zweit_kumulativ	dosen_moderna_erst_kumulativ	dosen_moderna_zweit_kumulativ	dosen_astrazeneca_erst_kumulativ	dosen_astrazeneca_zweit_kumulativ	dosen_erst_kumulativ	dosen_zweit_kumulativ
2020-12-27	24089	24089	24076	13	24087	2	0	24076	13	0.000	0.000	10705	8657	1305	12604	10664	8590	1305	12536	41	67	0	68	24089	0	0	24074	13	2	0	0	0	24076	13
2020-12-28	42083	17994	17833	161	42081	2	0	41909	174	0.001	0.000	18621	15788	1991	21344	18580	15721	1991	21276	41	67	0	68	42083	0	0	41907	174	2	0	0	0	41909	174
2020-12-29	92099	50016	49282	734	92096	2	1	91191	908	0.001	0.000	34989	40734	3107	40508	34724	40420	3107	40099	265	314	0	409	92099	0	0	91188	908	2	0	1	0	91191	908
2020-12-30	155593	63494	63356	138	155590	2	1	154547	1046	0.002	0.000	55510	73365	4901	63206	55243	73050	4901	62794	267	315	0	412	155593	0	0	154544	1046	2	0	1	0	154547	1046
2020-12-31	205283	49690	49601	89	205280	2	1	204148	1135	0.002	0.000	72831	96719	6752	83965	72517	96367	6752	83476	314	352	0	489	205283	0	0	204145	1135	2	0	1	0	204148	1135
2021-01-01	230636	25353	25344	9	230625	7	4	229492	1144	0.003	0.000	81208	105449	7830	92301	80894	105097	7830	91812	314	352	0	489	230636	0	0	229482	1143	7	0	3	1	229492	1144
2021-01-02	278584	47948	47662	286	278573	7	4	277154	1430	0.003	0.000	102774	129731	10350	113258	102365	129304	10350	112629	409	427	0	629	278584	0	0	277144	1429	7	0	3	1	277154	1430
2021-01-03	300996	22412	22407	5	300984	8	4	299561	1435	0.004	0.000	113044	140227	11284	123279	112635	139800	11284	122650	409	427	0	629	300996	0	0	299550	1434	8	0	3	1	299561	1435
2021-01-04	346839	45843	45747	96	346826	9	4	345308	1531	0.004	0.000	129646	164913	13951	139091	129237	164486	13951	138462	409	427	0	629	346839	0	0	345296	1530	9	0	3	1	345308	1531
2021-01-05	399066	52227	51890	337	399052	10	4	397198	1868	0.005	0.000	147987	192565	16489	157656	147576	192117	16489	157025	411	448	0	631	399066	0	0	397185	1867	10	0	3	1	397198	1868
2021-01-06	461578	62512	62419	93	461555	16	7	459617	1961	0.006	0.000	169498	225530	19910	180812	169086	225082	19910	180181	412	448	0	631	461578	0	0	459596	1959	16	0	5	2	459617	1961
2021-01-07	516162	54584	54563	21	516134	19	9	514180	1982	0.006	0.000	189172	254868	22957	197233	188758	254418	22957	196600	414	450	0	633	516162	0	0	514154	1980	19	0	7	2	514180	1982
2021-01-08	578377	62215	62107	108	578297	70	10	576287	2090	0.007	0.000	211521	287315	26324	218219	211009	286711	26320	217449	512	604	4	770	578377	0	0	576209	2088	70	0	8	2	576287	2090
2021-01-09	638382	60005	59857	148	638298	73	11	636144	2238	0.008	0.000	237322	313238	29007	243325	236798	312599	29003	242545	524	639	4	780	638382	0	0	636063	2235	73	0	8	3	636144	2238
2021-01-10	674115	35733	35584	149	674023	81	11	671728	2387	0.008	0.000	252455	327794	30379	256315	251929	327151	30375	255535	526	643	4	780	674115	0	0	671640	2383	80	1	8	3	671728	2387
2021-01-11	741929	67814	67712	102	741821	95	13	739440	2489	0.009	0.000	277513	359176	33587	276774	276967	358513	33583	275968	546	663	4	806	741929	0	0	739342	2479	88	7	10	3	739440	2489
2021-01-12	820476	78547	78483	64	820352	110	14	817923	2553	0.010	0.000	305695	401338	36582	301731	305147	400670	36578	300888	548	668	4	843	820476	0	0	817810	2542	103	7	10	4	817923	2553
2021-01-13	931697	111221	111020	201	930405	1278	14	928943	2754	0.011	0.000	345167	458844	40485	337339	344574	458093	40466	336399	593	751	19	940	931697	0	0	927662	2743	1271	7	10	4	928943	2754
2021-01-14	1015273	83576	83354	222	1008832	6427	14	1012297	2976	0.012	0.000	374803	501101	42769	361463	374094	500254	42750	360452	709	847	19	1011	1015273	0	0	1005911	2921	6376	51	10	4	1012297	2976
2021-01-15	1106253	90980	90134	846	1094541	11693	19	1102431	3822	0.013	0.000	408725	545673	46728	389202	407810	544625	46700	387982	915	1048	28	1220	1106253	0	0	1090774	3767	11642	51	15	4	1102431	3822
2021-01-16	1163727	57474	56469	1005	1150335	13372	20	1158900	4827	0.014	0.000	432983	570627	48859	408798	431664	569232	48767	407047	1319	1395	92	1751	1163727	0	0	1145563	4772	13321	51	16	4	1158900	4827
2021-01-17	1211069	47342	30428	16914	1196414	14633	21	1189329	21741	0.014	0.000	453449	591002	50884	428544	444215	583354	50014	417145	9234	7648	870	11399	1211069	0	1	1174729	21685	14582	51	17	4	1189328	21741
2021-01-18	1293286	82217	66630	15587	1274487	18776	22	1255959	37328	0.015	0.000	482728	633883	53106	448900	467235	619730	51700	430238	15493	14153	1406	18662	1293286	0	1	1237217	37270	18723	53	18	4	1255958	37328
2021-01-19	1412296	119010	83008	36002	1389821	22443	31	1338967	73330	0.016	0.001	519765	695968	56714	479843	492669	666683	54375	447938	27096	29285	2339	31905	1412296	0	1	1316554	73267	22385	58	27	4	1338966	73330
2021-01-20	1543747	131451	78064	53387	1518527	25185	34	1417031	126717	0.017	0.002	568076	760039	60957	522078	522876	706310	57505	469463	45200	53729	3452	52615	1543747	0	1	1391873	126654	25127	58	30	4	1417030	126717
2021-01-21	1648590	104843	64100	40743	1620629	27925	35	1481131	167460	0.018	0.002	610150	808503	65406	556195	549621	735602	60889	487988	60529	72901	4517	68207	1648590	0	1	1453234	167395	27866	59	30	5	1481130	167460
2021-01-22	1749983	101393	68223	33170	1719828	30111	43	1549354	200630	0.019	0.002	654049	853889	69013	590642	579902	764987	63599	506975	74147	88902	5414	83667	1749983	0	1	1519268	200560	30047	64	38	5	1549353	200630
2021-01-23	1836331	86348	40479	45869	1805820	30464	46	1589833	246499	0.019	0.003	691767	890989	72414	617916	599855	780966	64783	516268	91912	110023	7631	101648	1836331	0	1	1559392	246428	30399	65	41	5	1589832	246499
2021-01-24	1883456	47125	25534	21591	1852743	30662	50	1615367	268090	0.019	0.003	715655	910067	73331	632982	614016	789814	65130	521524	101639	120253	8201	111458	1883456	0	1	1584724	268019	30597	65	45	5	1615366	268090
2021-01-25	1974226	90770	52471	38299	1942094	32078	53	1667838	306389	0.020	0.004	756375	951632	76827	658117	642321	811974	66847	534304	114054	139658	9980	123813	1974226	0	1	1635779	306315	32010	68	48	5	1667837	306389
2021-01-26	2071669	97443	50714	46729	2038096	33512	60	1718552	353118	0.021	0.004	796572	997196	80614	684405	667753	831436	68195	545278	128819	165760	12419	139127	2071669	0	1	1685057	353039	33439	73	55	5	1718551	353118
2021-01-27	2180703	109034	50865	58169	2145335	35298	68	1769418	411287	0.021	0.005	839834	1049509	85786	715259	691463	852265	70042	556304	148371	197244	15744	158955	2180703	0	2	1734140	411195	35213	85	63	5	1769416	411287
2021-01-28	2273194	92491	46593	45898	2236195	36926	71	1816011	457185	0.022	0.005	877990	1090332	89974	739697	713483	869115	71590	567469	164507	221217	18384	172228	2273194	0	2	1779190	457005	36753	173	66	5	1816009	457185
2021-01-29	2380937	107743	49997	57746	2342451	38406	78	1866008	514931	0.022	0.006	920894	1138243	95507	769100	735839	888487	73819	578309	185055	249756	21688	190791	2380937	0	2	1827701	514750	38232	174	73	5	1866006	514931
2021-01-30	2468947	88010	34391	53619	2429579	39286	80	1900399	568550	0.023	0.007	957412	1174692	99468	796433	752473	901967	75224	586328	204939	272725	24244	210105	2468947	0	2	1861213	568366	39110	176	74	6	1900397	568550
2021-01-31	2525757	56810	25770	31040	2486008	39662	85	1926169	599590	0.023	0.007	982865	1196922	101575	812430	766590	910861	76411	592657	216275	286061	25164	219773	2525757	0	2	1886611	599397	39478	184	78	7	1926167	599590
2021-02-01	2645183	119426	57973	61453	2603175	41870	136	1984142	661043	0.024	0.008	1026174	1260299	105285	839830	787193	944041	78273	602425	238981	316258	27012	237405	2645183	0	2	1942327	660848	41684	186	129	7	1984140	661043
2021-02-02	2777412	132229	65057	67172	2732329	44932	149	2049199	728215	0.025	0.009	1069633	1330364	110479	870030	806216	982089	80866	611659	263417	348275	29613	258371	2777412	0	2	2004310	728019	44745	187	142	7	2049197	728215
2021-02-03	2939349	161937	64236	97701	2887911	51260	175	2113436	825916	0.025	0.010	1128983	1407775	116405	912544	829819	1014401	83062	623312	299164	393374	33343	289232	2939349	0	3	2062198	825713	51067	193	168	7	2113433	825916
2021-02-04	3073237	133888	61795	72093	3015962	57092	180	2175231	898009	0.026	0.011	1177986	1472437	120972	943857	851937	1046473	85311	632945	326049	425964	35661	310912	3073237	0	3	2118159	897803	56896	196	173	7	2175228	898009
2021-02-05	3220002	146765	68964	77801	3156271	63540	188	2244195	975810	0.027	0.012	1232524	1542580	126293	977786	877231	1080338	86905	644262	355293	462242	39388	333524	3220002	0	3	2180802	975469	63210	330	180	8	2244192	975810
2021-02-06	3313673	93671	45440	48231	3247315	66166	189	2289635	1024041	0.028	0.012	1272514	1588658	130853	1003590	896490	1101898	88782	653957	376024	486760	42071	349633	3313673	0	3	2223615	1023700	65836	330	181	8	2289632	1024041
2021-02-07	3366982	53309	28259	25050	3298295	68492	191	2317895	1049091	0.028	0.013	1298155	1609930	133571	1016823	910800	1112720	90015	659435	387355	497210	43556	357388	3366982	0	4	2249547	1048748	68161	331	183	8	2317891	1049091
2021-02-08	3475859	108877	52829	56048	3403320	72315	219	2370725	1105139	0.029	0.013	1350672	1655734	137545	1035599	942269	1129343	91902	666781	408403	526391	45643	368818	3475859	0	5	2298527	1104793	71982	333	211	8	2370720	1105139
2021-02-09	3609856	133997	60210	73787	3533770	75749	332	2430935	1178926	0.029	0.014	1411842	1714380	141993	1058512	978151	1147503	94639	674792	433691	566877	47354	383720	3609856	0	5	2355380	1178390	75226	523	324	8	2430930	1178926
2021-02-10	3764271	154415	77294	77121	3675611	79985	8670	2508229	1256047	0.030	0.015	1478760	1781046	146001	1087933	1017461	1175177	96286	685176	461299	605869	49715	402757	3764271	0	5	2421094	1254517	78480	1505	8650	20	2508224	1256047
2021-02-11	3908019	143748	75250	68498	3795771	87252	24989	2583481	1324545	0.031	0.016	1539776	1848576	151475	1113070	1052428	1208053	98713	694775	487348	640523	52762	418295	3908019	0	7	2475804	1319967	82715	4537	24955	34	2583474	1324545
2021-02-12	4063123	155104	79531	75573	3927351	96549	39213	2663015	1400118	0.032	0.017	1611268	1919253	157751	1138545	1094198	1240389	101429	704318	517070	678864	56322	434227	4063123	0	10	2536863	1390488	87286	9263	38856	357	2663005	1400118
2021-02-13	4170441	107318	61930	45388	4018065	99806	52559	2724946	1445506	0.033	0.017	1667599	1960972	162355	1156080	1129093	1262877	103231	711418	538506	698095	59124	444662	4170441	0	11	2583742	1434323	88998	10808	52195	364	2724935	1445506
2021-02-14	4235617	65176	39493	25683	4073523	102280	59802	2764440	1471189	0.033	0.018	1706122	1983696	163973	1164146	1153761	1276081	104081	714928	552361	707615	59892	449218	4235617	0	12	2614743	1458780	90268	12012	59417	385	2764428	1471189
2021-02-15	4360882	125265	69606	55659	4178063	107547	75259	2834047	1526848	0.034	0.018	1773591	2031897	168008	1183418	1194859	1300739	106358	721524	578732	731158	61650	461894	4360882	0	13	2666638	1511425	92540	15007	74856	403	2834034	1526848
2021-02-16	4494892	134010	77801	56209	4286330	113698	94850	2911849	1583057	0.035	0.019	1839625	2089928	170683	1200400	1236633	1336138	107879	728440	602992	753790	62804	471960	4494892	0	14	2722135	1564195	95265	18433	94435	415	2911835	1583057
2021-02-17	4645645	150753	94464	56289	4408333	121696	115601	3006314	1639346	0.036	0.020	1920033	2147919	175770	1221928	1292995	1368705	110873	736858	627038	779214	64897	485070	4645645	0	15	2791048	1617285	100078	21618	115173	428	3006299	1639346
2021-02-18	4789903	144258	91273	52985	4520525	129919	139443	3097588	1692331	0.037	0.020	1995907	2206102	179208	1240945	1345328	1403985	112659	744258	650579	802117	66549	496687	4789903	0	16	2853801	1666724	104760	25159	139011	432	3097572	1692331
2021-02-19	4948272	158369	102799	55570	4641511	139880	166864	3200388	1747901	0.038	0.021	2076668	2266444	184080	1258305	1402958	1440066	115287	750941	673710	826378	68793	507364	4948272	0	17	2922334	1719177	111711	28169	166326	538	3200371	1747901
2021-02-20	5060343	112071	75814	36257	4727897	144344	188084	3276203	1784158	0.039	0.021	2138268	2310157	187738	1272296	1445964	1469322	117533	755178	692304	840835	70205	517118	5060343	0	18	2972906	1754991	115743	28601	187536	548	3276185	1784158
2021-02-21	5146140	85797	57418	28379	4794403	147985	203733	3333622	1812537	0.040	0.022	2187054	2340674	190304	1282667	1479917	1489494	118664	757407	707137	851180	71640	525260	5146140	0	19	3011199	1783204	119225	28760	203179	554	3333603	1812537
2021-02-22	5301438	155298	97589	57709	4917091	156977	227350	3431212	1870246	0.041	0.022	2266701	2410287	195201	1300517	1538362	1525084	121627	763642	728339	885203	73574	536875	5301438	0	20	3077959	1839132	126449	30528	226784	566	3431192	1870246
2021-02-23	5471285	169847	109388	60459	5050868	164186	256210	3540601	1930705	0.043	0.023	2346910	2483166	200501	1318387	1598211	1563793	124757	771284	748699	919373	75744	547103	5471285	0	21	3152948	1897920	132000	32186	255632	578	3540580	1930705
2021-02-24	5646973	175688	116544	59144	5182296	171796	292859	3657146	1989849	0.044	0.024	2431789	2557990	207079	1337422	1660503	1608669	128907	778912	771286	949321	78172	558510	5646973	0	22	3226936	1955360	137925	33871	292263	596	3657124	1989849
2021-02-25	5835923	188950	130017	58933	5313638	178555	343708	3787163	2048782	0.046	0.025	2514175	2648479	213515	1355541	1722988	1667176	133470	787131	791187	981303	80045	568410	5835923	0	22	3300887	2012751	143155	35400	343099	609	3787141	2048782
2021-02-26	6048347	212424	145562	66862	5454436	187388	406501	3932725	2115644	0.047	0.025	2602819	2749814	220591	1375230	1787946	1735795	138593	794627	814873	1014019	81998	580603	6048347	0	22	3376511	2077925	150372	37016	405820	681	3932703	2115644
2021-02-27	6196066	147719	107833	39886	5547090	191470	457484	4040558	2155530	0.049	0.026	2666475	2822116	227301	1388101	1833818	1790224	143432	799030	832657	1031892	83869	589071	6196066	0	22	3430019	2117071	153722	37748	456795	689	4040536	2155530
2021-02-28	6298903	102837	78778	24059	5608369	195425	495086	4119337	2179589	0.050	0.026	2714700	2875405	231582	1394762	1868893	1834535	146785	801170	845807	1040870	84797	593592	6298903	0	23	3467612	2140757	157324	38101	494378	708	4119314	2179589
2021-03-01	6497146	198243	148387	49856	5738656	205048	553419	4267724	2229445	0.051	0.027	2817221	2953369	239381	1408021	1943445	1896228	153263	806209	873776	1057141	86118	601812	6497146	0	23	3550080	2188576	164926	40122	552695	724	4267701	2229445
2021-03-02	6716155	219009	166914	52095	5878853	215042	622237	4434638	2281540	0.053	0.027	2927307	3047588	248982	1422628	2022735	1971725	160632	812692	904572	1075863	88350	609936	6716155	0	23	3641078	2237775	172046	42996	621491	746	4434615	2281540
2021-03-03	6963254	247099	176603	70496	6036655	229991	696585	4611241	2352036	0.055	0.028	3047976	3148969	260606	1439862	2105531	2048823	170041	819606	942445	1100146	90565	620256	6963254	0	23	3734313	2302342	181119	48872	695786	799	4611218	2352036
2021-03-04	7208100	244846	182028	62818	6177913	244458	785706	4793269	2414854	0.058	0.029	3159240	3258741	272992	1455625	2181653	2136963	180034	825002	977587	1121778	92958	630623	7208100	0	23	3818184	2359729	190193	54265	784869	837	4793246	2414854
2021-03-05	7482402	274302	207331	66971	6325863	257823	898692	5000601	2481825	0.060	0.030	3277185	3383782	287941	1471072	2258903	2242620	191990	830697	1018282	1141162	95951	640375	7482402	0	24	3905174	2420689	197598	60225	897805	887	5000577	2481825
2021-03-06	7684088	201686	153029	48657	6435090	266263	982711	5153630	2530482	0.062	0.030	3366696	3478463	298371	1480590	2314602	2325555	200824	833966	1052094	1152908	97547	646624	7684088	0	24	3968003	2467087	203800	62463	981803	908	5153606	2530482
2021-03-07	7831619	147531	114049	33482	6514829	272917	1043849	5267679	2563964	0.063	0.031	3437978	3544531	306478	1486155	2360956	2383880	208082	835928	1077022	1160651	98396	650227	7831619	0	24	4016616	2498213	208118	64799	1042921	928	5267655	2563964
2021-03-08	8069071	237452	185872	51580	6648735	283872	1136440	5453551	2615544	0.066	0.031	3556806	3640371	322827	1498475	2442587	2468035	222757	841890	1114219	1172336	100070	656585	8069071	0	24	4102346	2546389	215710	68162	1135471	969	5453527	2615544
2021-03-09	8321279	252208	197413	54795	6788835	296655	1235765	5650964	2670339	0.068	0.032	3677710	3742787	340236	1512022	2524321	2558568	238262	848791	1153389	1184219	101974	663231	8321279	0	24	4191188	2597647	225021	71634	1234731	1034	5650940	2670339
2021-03-10	8609626	288347	221320	67027	6947939	308833	1352829	5872285	2737366	0.071	0.033	3808598	3856306	360962	1530389	2606688	2661880	256906	860000	1201910	1194426	104056	670389	8608655	971	25	4286878	2661061	233640	75193	1351742	1087	5872260	2737366
2021-03-11	8893943	284317	223429	60888	7095584	322550	1475784	6095714	2798254	0.073	0.034	3937470	3976178	382106	1544008	2689957	2769533	276555	867677	1247513	1206645	105551	676331	8892317	1626	25	4378039	2717545	243010	79540	1474640	1144	6095689	2798254
2021-03-12	9220416	326473	255623	70850	7247166	339843	1633382	6351337	2869104	0.076	0.034	4071484	4127850	404783	1559463	2770420	2906954	297406	877132	1301064	1220896	107377	682331	9218580	1836	25	4463565	2783601	255710	84133	1632037	1345	6351312	2869104
2021-03-13	9461023	240607	190347	50260	7363177	349412	1748409	6541684	2919364	0.079	0.035	4181046	4240796	425293	1567511	2840453	3011727	316755	881879	1340593	1229069	108538	685632	9459031	1992	25	4530769	2832408	263938	85474	1746952	1457	6541659	2919364
2021-03-14	9631086	170063	134385	35678	7451238	354924	1824899	6676069	2955042	0.080	0.036	4266043	4307307	441408	1570975	2896461	3072888	331859	883676	1369582	1234419	109549	687299	9629084	2002	25	4584148	2867090	268475	86449	1823421	1478	6676044	2955042
2021-03-15	9878796	247710	188505	59205	7604046	367661	1907064	6864574	3014247	0.083	0.036	4400463	4391447	461474	1582289	2984151	3147219	350790	890548	1416312	1244228	110684	691741	9876511	2285	25	4679541	2924505	279513	88148	1905495	1569	6864549	3014247
2021-03-16	10057732	178936	110746	68190	7770717	378911	1908079	6975320	3082437	0.084	0.037	4527474	4426082	473886	1593025	3059300	3169255	361553	895647	1468174	1256827	112333	697378	10054900	2832	25	4780511	2990206	288278	90633	1906506	1573	6975295	3082437
2021-03-17	10262809	205077	124129	80948	7957060	396902	1908822	7099449	3163385	0.085	0.038	4672447	4463838	487350	1605072	3141952	3193652	373040	902175	1530495	1270186	114310	702897	10259360	3449	25	4890718	3066342	301462	95440	1907244	1578	7099424	3163385
2021-03-18	10456375	193566	118010	75556	8131305	415065	1909980	7217459	3238941	0.087	0.039	4812398	4498757	499905	1615322	3222615	3215628	383588	907340	1589783	1283129	116317	707982	10452503	3872	25	4994608	3136697	314425	100640	1908401	1579	7217434	3238941
2021-03-19	10701398	245023	160790	84233	8316974	435853	1948546	7378249	3323174	0.089	0.040	4961948	4563922	518114	1627194	3306761	3267408	399605	914537	1655187	1296514	118509	712657	10696995	4403	25	5102906	3214068	328408	107445	1946910	1636	7378224	3323174
2021-03-20	10921675	220277	167016	53261	8452375	451146	2018129	7545265	3376435	0.091	0.041	5078536	4641917	537715	1633319	3379545	3337212	417708	917920	1698991	1304705	120007	715399	10916948	4727	25	5188908	3263467	339869	111277	2016463	1666	7545240	3376435
2021-03-21	11086168	164493	126307	38186	8554548	460340	2071255	7671572	3414621	0.092	0.041	5171749	4694283	554274	1635819	3440184	3384099	433219	919244	1731565	1310184	121055	716575	11081441	4727	25	5256165	3298383	345819	114521	2069563	1692	7671547	3414621
2021-03-22	11355415	269247	192841	76406	8720992	484149	2150249	7864413	3491027	0.095	0.042	5329624	4766248	576579	1645397	3534739	3445389	453483	925279	1794885	1320859	123096	720118	11349160	6255	25	5353655	3367337	362229	121920	2148504	1745	7864388	3491027
2021-03-23	11656392	300977	216941	84036	8902681	503881	2249805	8081354	3575063	0.097	0.043	5490190	4854892	604288	1656865	3629814	3521119	478432	932910	1860376	1333773	125856	723955	11645149	11243	25	5456337	3446344	376988	126893	2248004	1801	8081329	3575063
2021-03-24	11995627	339235	249660	89575	9102992	536916	2355694	8331014	3664638	0.100	0.044	5664852	4952071	635971	1672375	3732242	3605792	507202	944863	1932610	1346279	128769	727512	11978592	17035	25	5572453	3530539	404717	132199	2353819	1875	8330989	3664638
2021-03-25	12328378	332751	251594	81157	9288572	564603	2475178	8582608	3745795	0.103	0.045	5830941	5060081	670798	1683452	3832663	3703768	539527	951994	1998278	1356313	131271	731458	12305398	22980	25	5682555	3606017	426836	137767	2473192	1986	8582583	3745795
2021-03-26	12702509	374131	285599	88532	9488402	601791	2612290	8868208	3834327	0.107	0.046	6003833	5184282	710463	1698535	3933360	3816071	576057	962322	2070473	1368211	134406	736213	12673215	29294	26	5800652	3687750	457324	144467	2610206	2084	8868182	3834327
2021-03-27	12983747	281238	218912	62326	9637963	629409	2716348	9087121	3896653	0.109	0.047	6147056	5279869	744190	1703356	4023632	3903670	607441	965464	2123424	1376199	136749	737892	12952103	31644	27	5891055	3746908	481832	147577	2714207	2141	9087094	3896653
2021-03-28	13180134	196387	143169	53218	9753291	647912	2778904	9230290	3949871	0.111	0.047	6253046	5333384	768116	1706823	4085867	3950861	629648	967502	2167179	1382523	138468	739321	13148299	31835	27	5956490	3796801	497061	150851	2776712	2192	9230263	3949871
2021-03-29	13485847	305713	217120	88593	9942035	672908	2870877	9447410	4038464	0.114	0.049	6418833	5404751	806706	1716518	4180272	4010842	665103	973637	2238561	1393909	141603	742881	13448064	37783	27	6063515	3878520	515248	157660	2868620	2257	9447383	4038464
2021-03-30	13814802	328955	236464	92491	10160645	697336	2956794	9683874	4130955	0.116	0.050	6591913	5474211	853024	1727240	4280843	4069380	706095	981320	2311070	1404831	146929	745920	13764883	49919	27	6196153	3964492	533217	164119	2954477	2317	9683847	4130955
2021-03-31	14151012	336210	234751	101459	10408114	733377	3009494	9918625	4232414	0.119	0.051	6774517	5538855	899988	1738789	4384637	4121392	747318	988525	2389880	1417463	152670	750264	14084778	66234	27	6350166	4057948	561291	172086	3007141	2353	9918598	4232414
2021-04-01	14477757	326745	235988	90757	10647079	765838	3064813	10154613	4323171	0.122	0.052	6936269	5606629	944397	1747554	4476928	4175958	787230	994147	2459341	1430671	157167	753407	14391444	86313	27	6506310	4140769	585858	179980	3062418	2395	10154586	4323171
2021-04-02	14703479	225722	157737	67985	10826612	780226	3096614	10312350	4391156	0.124	0.053	7067172	5654574	981393	1749910	4552089	4213818	820223	995356	2515083	1440756	161170	754554	14615642	87837	27	6622226	4204386	595905	184321	3094192	2422	10312323	4391156
2021-04-03	14935367	231888	167474	64414	11000805	796030	3138505	10479824	4455570	0.126	0.054	7198861	5698683	1018737	1753036	4633025	4248782	853330	997097	2565836	1449901	165407	755939	14846131	89236	27	6736889	4263916	606863	189167	3136045	2460	10479797	4455570
2021-04-04	15128312	192945	142589	50356	11133008	806092	3189185	10622413	4505926	0.128	0.054	7309766	5731715	1048001	1754173	4704262	4274251	879171	997551	2605504	1457464	168830	756622	15038940	89372	27	6822668	4310340	613036	193056	3186682	2503	10622386	4505926
2021-04-05	15376171	247859	177655	70204	11298000	823955	3254189	10800068	4576130	0.130	0.055	7456036	5770066	1081529	1756372	4794323	4302940	907924	998846	2661713	1467126	173605	757526	15285489	90682	27	6922267	4375733	626119	197836	3251655	2534	10800041	4576130
2021-04-06	15749944	373773	279091	94682	11552941	856179	3340795	11079161	4670812	0.133	0.056	7644926	5826686	1124640	1761928	4910112	4346229	944820	1001588	2734814	1480457	179820	760340	15622635	127309	29	7091288	4461653	649651	206528	3338193	2602	11079132	4670812
2021-04-07	16418017	668073	571737	96336	12095121	893223	3429644	11650898	4767148	0.140	0.057	7644926	5826686	1124640	1761928	4910112	4346229	944820	1001588	2734814	1480457	179820	760340	15985044	432973	29	7545818	4549303	678092	215131	3426959	2685	11650869	4767148
2021-04-08	17116886	698869	611164	87705	12666650	928856	3521351	12262062	4854853	0.147	0.058	7644926	5826686	1124640	1761928	4910112	4346229	944820	1001588	2734814	1480457	179820	760340	16359035	757851	29	8038696	4627954	704751	224105	3518586	2765	12262033	4854853
2021-04-09	17748824	631938	543023	88915	13156906	965447	3626442	12805085	4943768	0.154	0.059	7644926	5826686	1124640	1761928	4910112	4346229	944820	1001588	2734814	1480457	179820	760340	16751470	997354	29	8451555	4705351	729907	235540	3623594	2848	12805056	4943768
2021-04-10	18121412	372588	307536	65052	13405401	988666	3727316	13112621	5008820	0.158	0.060	7644926	5826686	1124640	1761928	4910112	4346229	944820	1001588	2734814	1480457	179820	760340	17091012	1030400	29	8642742	4762659	745445	243221	3724405	2911	13112592	5008820
2021-04-11	18385325	263913	213595	50318	13575769	1007332	3802195	13326216	5059138	0.160	0.061	7644926	5826686	1124640	1761928	4910112	4346229	944820	1001588	2734814	1480457	179820	760340	17349846	1035479	29	8766813	4808956	760166	247166	3799208	2987	13326187	5059138
2021-04-12	18804034	418709	342339	76370	13854636	1036568	3912800	13668556	5135508	0.164	0.062	7644926	5826686	1124640	1761928	4910112	4346229	944820	1001588	2734814	1480457	179820	760340	17720048	1083986	30	8977837	4876799	780929	255639	3909760	3040	13668526	5135508
2021-04-13	19380935	576901	503213	73688	14286917	1063808	4030180	14171769	5209196	0.170	0.063	7644926	5826686	1124640	1761928	4910112	4346229	944820	1001588	2734814	1480457	179820	760340	18100819	1280116	30	9342065	4944852	802728	261080	4026946	3234	14171739	5209196
2021-04-14	20155982	775047	691837	83210	14903419	1097361	4155172	14863606	5292406	0.179	0.064	7644926	5826686	1124640	1761928	4910112	4346229	944820	1001588	2734814	1480457	179820	760340	18502069	1653913	30	9884420	5018999	827776	269585	4151380	3792	14863576	5292406
2021-04-15	20836310	680328	610025	70303	15437483	1133557	4265239	15473632	5362709	0.186	0.064	7644926	5826686	1124640	1761928	4910112	4346229	944820	1001588	2734814	1480457	179820	760340	18886768	1949542	31	10357738	5079745	855362	278195	4260501	4738	15473601	5362709
2021-04-16	21432978	596668	522480	74188	15875667	1166163	4391117	15996112	5436897	0.192	0.065	7644926	5826686	1124640	1761928	4910112	4346229	944820	1001588	2734814	1480457	179820	760340	19288597	2144381	31	10730969	5144698	879538	286625	4385574	5543	15996081	5436897
2021-04-17	21799005	366027	309414	56613	16100552	1188848	4509574	16305526	5493510	0.196	0.066	7644926	5826686	1124640	1761928	4910112	4346229	944820	1001588	2734814	1480457	179820	760340	19632820	2166185	31	10907859	5192693	895086	293762	4502550	7024	16305495	5493510
2021-04-18	22068488	269483	230478	39005	16272599	1204237	4591621	16536004	5532515	0.199	0.067	7644926	5826686	1124640	1761928	4910112	4346229	944820	1001588	2734814	1480457	179820	760340	19897692	2170796	31	11045966	5226633	906577	297660	4583430	8191	16535973	5532515
2021-04-19	22470849	402361	340946	61415	16566442	1237168	4667207	16876951	5593930	0.203	0.067	7644926	5826686	1124640	1761928	4910112	4346229	944820	1001588	2734814	1480457	179820	760340	20255722	2215127	32	11287636	5278806	931584	305584	4657699	9508	16876919	5593930
2021-04-20	23031720	560871	498101	62770	16948412	1276413	4806862	17375053	5656700	0.209	0.068	7644926	5826686	1124640	1761928	4910112	4346229	944820	1001588	2734814	1480457	179820	760340	20622142	2409578	33	11615583	5332829	964164	312249	4795273	11589	17375020	5656700
2021-04-21	23752744	721024	647889	73135	17402689	1318126	5031896	18022942	5729835	0.217	0.069	7644926	5826686	1124640	1761928	4910112	4346229	944820	1001588	2734814	1480457	179820	760340	21004018	2748726	33	12007308	5395381	997744	320382	5017857	14039	18022909	5729835
2021-04-22	24391336	638592	571399	67193	17784456	1361801	5245046	18594341	5797028	0.224	0.070	7644926	5826686	1124640	1761928	4910112	4346229	944820	1001588	2734814	1480457	179820	760340	21375351	3015985	33	12333185	5451271	1033739	328062	5227384	17662	18594308	5797028
2021-04-23	24947625	556289	487357	68932	18137755	1405392	5404445	19081698	5865960	0.229	0.071	7644926	5826686	1124640	1761928	4910112	4346229	944820	1001588	2734814	1480457	179820	760340	21763445	3184180	33	12631628	5506127	1066806	338586	5383231	21214	19081665	5865960
2021-04-24	25313213	365588	306646	58942	18372735	1454728	5485717	19388344	5924902	0.233	0.071	7644926	5826686	1124640	1761928	4910112	4346229	944820	1001588	2734814	1480457	179820	760340	22112122	3201091	33	12825391	5547344	1100771	353957	5462149	23568	19388311	5924902
2021-04-25	25596138	282925	233882	49043	18560517	1488402	5547186	19622226	5973945	0.236	0.072	7644926	5826686	1124640	1761928	4910112	4346229	944820	1001588	2734814	1480457	179820	760340	22389233	3206905	33	12975777	5584740	1124583	363819	5521833	25353	19622193	5973945
2021-04-26	26029222	433084	359073	74011	18878446	1530900	5619773	19981369	6047956	0.240	0.073	7644926	5826686	1124640	1761928	4910112	4346229	944820	1001588	2734814	1480457	179820	760340	22735725	3293497	103	13232167	5646279	1158681	372219	5590418	29355	19981266	6047956
2021-04-27	26814693	785471	693451	92020	19555168	1582406	5676463	20675373	6139976	0.249	0.074	7644926	5826686	1124640	1761928	4910112	4346229	944820	1001588	2734814	1480457	179820	760340	23106316	3708377	656	13831033	5724135	1201054	381352	5642630	33833	20674717	6139976
2021-04-28	27937945	1123252	996179	127073	20563401	1643135	5729921	21672384	6267049	0.261	0.075	7644926	5826686	1124640	1761928	4910112	4346229	944820	1001588	2734814	1480457	179820	760340	23500485	4437460	1488	14730674	5832727	1249243	393892	5690979	38942	21670896	6267049
2021-04-29	28884390	946445	812948	133497	21387812	1707078	5787103	22486241	6400546	0.270	0.077	7644926	5826686	1124640	1761928	4910112	4346229	944820	1001588	2734814	1480457	179820	760340	23888862	4995528	2397	15442791	5945021	1300792	406286	5740261	46842	22483844	6400546
2021-04-30	29688209	803819	666736	137083	22066239	1764387	5854311	23153852	6537629	0.278	0.079	7644926	5826686	1124640	1761928	4910112	4346229	944820	1001588	2734814	1480457	179820	760340	24292835	5395374	3272	16009652	6056587	1342843	421544	5798085	56226	23150580	6537629
2021-05-01	30024490	336281	260051	76230	22319070	1805876	5893698	23416477	6613859	0.282	0.080	7644926	5826686	1124640	1761928	4910112	4346229	944820	1001588	2734814	1480457	179820	760340	24604466	5420024	5846	16201248	6117822	1377927	427949	5831456	62242	23410631	6613859
2021-05-02	30289479	264989	197620	67369	22514646	1843385	5923795	23615904	6681228	0.284	0.080	7644926	5826686	1124640	1761928	4910112	4346229	944820	1001588	2734814	1480457	179820	760340	24861800	5427679	7653	16341090	6173556	1410185	433200	5856976	66819	23608251	6681228
2021-05-03	30741228	451749	335381	116368	22832569	1913987	5985433	23952871	6797596	0.288	0.082	7644926	5826686	1124640	1761928	4910112	4346229	944820	1001588	2734814	1480457	179820	760340	25219689	5521539	9239	16568045	6264524	1467578	446409	5908009	77424	23943632	6797596
2021-05-04	31584316	843088	681372	161716	23458930	1977503	6135683	24637204	6959312	0.296	0.084	7644926	5826686	1124640	1761928	4910112	4346229	944820	1001588	2734814	1480457	179820	760340	25595525	5988791	12200	17062600	6396330	1517848	459655	6044556	91127	24625004	6959312
2021-05-05	32731540	1147224	914965	232259	24310231	2056466	6348172	25556640	7191571	0.307	0.086	7644926	5826686	1124640	1761928	4910112	4346229	944820	1001588	2734814	1480457	179820	760340	26016785	6714755	16671	17728517	6581714	1571307	485159	6240145	108027	25539969	7191571
2021-05-06	33722480	990940	767383	223557	25003004	2148587	6549724	26328517	7415128	0.317	0.089	7644926	5826686	1124640	1761928	4910112	4346229	944820	1001588	2734814	1480457	179820	760340	26432614	7289866	21165	18244097	6758907	1641015	507572	6422240	127484	26307352	7415128
2021-05-07	34613660	891180	652755	238425	25590838	2235283	6762170	26985476	7653553	0.324	0.092	7644926	5826686	1124640	1761928	4910112	4346229	944820	1001588	2734814	1480457	179820	760340	26879778	7733882	25369	18657938	6932900	1696746	538537	6605423	156747	26960107	7653553
2021-05-08	35039440	425780	271737	154043	25858505	2307059	6846790	27258930	7807596	0.328	0.094	7644926	5826686	1124640	1761928	4910112	4346229	944820	1001588	2734814	1480457	179820	760340	27245067	7794373	27086	18812727	7045778	1748692	558367	6670425	176365	27231844	7807596
2021-05-09	35325624	286184	183645	102539	26052396	2363617	6881458	27443642	7910135	0.330	0.095	7644926	5826686	1124640	1761928	4910112	4346229	944820	1001588	2734814	1480457	179820	760340	27520216	7805408	28153	18927358	7125038	1794457	569160	6693674	187784	27415489	7910135
2021-05-10	35915002	589378	395851	193527	26425591	2445406	7012123	27843222	8103662	0.335	0.097	7644926	5826686	1124640	1761928	4910112	4346229	944820	1001588	2734814	1480457	179820	760340	27920696	7994306	31882	19158770	7266821	1854074	591332	6798496	213627	27811340	8103662
2021-05-11	37000850	1085848	798028	287820	27251506	2525311	7188510	28644891	8391482	0.344	0.101	7644926	5826686	1124640	1761928	4910112	4346229	944820	1001588	2734814	1480457	179820	760340	28352849	8648001	35523	19751818	7499688	1911814	613497	6945736	242774	28609368	8391482
2021-05-12	38416863	1416013	1049337	366676	28344837	2616975	7413776	29699980	8758158	0.357	0.105	7644926	5826686	1124640	1761928	4910112	4346229	944820	1001588	2734814	1480457	179820	760340	28812879	9603984	41275	20548730	7796107	1972932	644043	7137043	276733	29658705	8758158
2021-05-13	38846115	429252	268411	160841	28660159	2683747	7458287	29971038	8918999	0.360	0.107	7644926	5826686	1124640	1761928	4910112	4346229	944820	1001588	2734814	1480457	179820	760340	29168652	9677463	43922	20736287	7923872	2024493	659254	7166336	291951	29927116	8918999
2021-05-14	39602641	756526	526142	230384	29205384	2748669	7596873	30504973	9149383	0.367	0.110	7644926	5826686	1124640	1761928	4910112	4346229	944820	1001588	2734814	1480457	179820	760340	29573841	10028800	51715	21101060	8104324	2074227	674442	7277971	318902	30453258	9149383
2021-05-15	40002942	400301	234686	165615	29484573	2809053	7653321	30743939	9314998	0.370	0.112	7644926	5826686	1124640	1761928	4910112	4346229	944820	1001588	2734814	1480457	179820	760340	29926476	10076466	55995	21257870	8226703	2118184	690869	7311890	341431	30687944	9314998
2021-05-16	40285080	282138	160538	121600	29684332	2861780	7678249	30909201	9436598	0.372	0.113	7644926	5826686	1124640	1761928	4910112	4346229	944820	1001588	2734814	1480457	179820	760340	30192609	10092471	60719	21364251	8320081	2161028	700752	7323203	355046	30848482	9436598
2021-05-17	40840314	555234	349341	205893	30022615	2947467	7799757	31268298	9642491	0.376	0.116	7644926	5826686	1124640	1761928	4910112	4346229	944820	1001588	2734814	1480457	179820	760340	30578525	10261789	70475	21557168	8465447	2222300	725167	7418355	381402	31197823	9642491
2021-05-18	41712217	871903	517432	354471	30612123	3048561	7973286	31793502	9996962	0.382	0.120	7644926	5826686	1124640	1761928	4910112	4346229	944820	1001588	2734814	1480457	179820	760340	30995424	10716793	78247	21856611	8755512	2294807	753754	7563837	409449	31715255	9996962
2021-05-19	42810006	1097789	563676	534113	31416302	3148651	8154650	32369334	10531075	0.389	0.127	7644926	5826686	1124640	1761928	4910112	4346229	944820	1001588	2734814	1480457	179820	760340	31413435	11396571	90403	22200641	9215661	2361050	787601	7717240	437410	32278931	10531075
2021-05-20	43757545	947539	455619	491920	32099912	3245122	8311269	32835792	11022995	0.395	0.133	7644926	5826686	1124640	1761928	4910112	4346229	944820	1001588	2734814	1480457	179820	760340	31830031	11927514	101242	22461603	9638309	2426562	818560	7846385	464884	32734550	11022995
2021-05-21	44608699	851154	406056	445098	32696094	3330819	8468664	33253728	11468093	0.400	0.138	7644926	5826686	1124640	1761928	4910112	4346229	944820	1001588	2734814	1480457	179820	760340	32258465	12350234	113122	22684166	10011928	2482944	847875	7973496	495168	33140606	11468093
2021-05-22	45082583	473884	214953	258931	33002298	3400322	8552563	33482959	11727024	0.403	0.141	7644926	5826686	1124640	1761928	4910112	4346229	944820	1001588	2734814	1480457	179820	760340	32603419	12479164	127400	22782688	10219610	2531251	869071	8041620	510943	33355559	11727024
2021-05-23	45367652	285069	124760	160309	33195213	3459707	8576468	33616583	11887333	0.404	0.143	7644926	5826686	1124640	1761928	4910112	4346229	944820	1001588	2734814	1480457	179820	760340	32870367	12497285	136264	22848352	10346861	2575548	884159	8056419	520049	33480319	11887333
2021-05-24	45693626	325974	141150	184824	33430934	3521253	8597135	33765773	12072157	0.406	0.145	7644926	5826686	1124640	1761928	4910112	4346229	944820	1001588	2734814	1480457	179820	760340	33180816	12512810	144304	22930976	10499958	2622100	899153	8068393	528742	33621469	12072157
2021-05-25	46349108	655482	272150	383332	33877559	3600933	8701200	34063035	12455489	0.410	0.150	7644926	5826686	1124640	1761928	4910112	4346229	944820	1001588	2734814	1480457	179820	760340	33577355	12771753	169416	23072711	10804848	2673552	927381	8147356	553844	33893619	12455489
2021-05-26	47529049	1179941	469596	710345	34762727	3683309	8835323	34610905	13165834	0.416	0.158	7644926	5826686	1124640	1761928	4910112	4346229	944820	1001588	2734814	1480457	179820	760340	33993881	13535168	247690	23387589	11375138	2726144	957165	8249482	585841	34363215	13165834
2021-05-27	48569827	1040778	404171	636607	35501826	3772235	8966953	35096199	13802441	0.422	0.166	7644926	5826686	1124640	1761928	4910112	4346229	944820	1001588	2734814	1480457	179820	760340	34412822	14157005	328813	23645450	11856376	2777767	994468	8344169	622784	34767386	13802441
2021-05-28	49473658	903831	356333	547498	36105254	3858364	9097470	35536289	14349939	0.427	0.173	7644926	5826686	1124640	1761928	4910112	4346229	944820	1001588	2734814	1480457	179820	760340	34848692	14624966	412570	23862262	12242992	2828288	1030076	8433169	664301	35123719	14349939
2021-05-29	49883825	410167	151727	258440	36367073	3920956	9155434	35715808	14608379	0.429	0.176	7644926	5826686	1124640	1761928	4910112	4346229	944820	1001588	2734814	1480457	179820	760340	35184450	14699375	440362	23942108	12424965	2865141	1055815	8468197	687237	35275446	14608379
2021-05-30	50167364	283539	97729	185810	36564218	3967966	9183785	35824570	14794189	0.431	0.178	7644926	5826686	1124640	1761928	4910112	4346229	944820	1001588	2734814	1480457	179820	760340	35446171	14721193	451395	24001323	12562895	2892493	1075473	8479359	704426	35373175	14794189
2021-05-31	50714055	546691	178379	368312	36931389	4035396	9253397	36045427	15162501	0.433	0.182	7644926	5826686	1124640	1761928	4910112	4346229	944820	1001588	2734814	1480457	179820	760340	35835093	14878962	493873	24113087	12818302	2920177	1115219	8518290	735107	35551554	15162501
2021-06-01	51702351	988296	400050	588246	37664828	4115192	9343908	36530027	15750747	0.439	0.189	7644926	5826686	1124640	1761928	4910112	4346229	944820	1001588	2734814	1480457	179820	760340	36232916	15469435	578423	24429250	13235578	2949929	1165263	8572425	771483	35951604	15750747
2021-06-02	52950976	1248625	516834	731791	38653805	4187765	9426134	37151710	16482538	0.447	0.198	7644926	5826686	1124640	1761928	4910112	4346229	944820	1001588	2734814	1480457	179820	760340	36641263	16309713	683272	24878650	13775155	2974397	1213368	8615391	810743	36468438	16482538
2021-06-03	53593640	642664	230407	412257	39128738	4252073	9476355	37435319	16894795	0.450	0.203	7644926	5826686	1124640	1761928	4910112	4346229	944820	1001588	2734814	1480457	179820	760340	37004514	16589126	736474	25058485	14070253	3004105	1247968	8636255	840100	36698845	16894795
2021-06-04	54404630	810990	291259	519731	39714407	4323305	9553228	37803794	17414526	0.455	0.209	7644926	5826686	1124640	1761928	4910112	4346229	944820	1001588	2734814	1480457	179820	760340	37413016	16991614	813690	25286559	14427848	3032797	1290508	8670748	882480	36990104	17414526
2021-06-05	54817484	412854	96341	316513	39985506	4390265	9597409	37930749	17731039	0.456	0.213	7644926	5826686	1124640	1761928	4910112	4346229	944820	1001588	2734814	1480457	179820	760340	37762326	17055158	844304	25345686	14639820	3059092	1331173	8681667	915742	37086445	17731039
2021-06-06	55109682	292198	59467	232731	40191220	4431260	9624658	38008456	17963770	0.457	0.216	7644926	5826686	1124640	1761928	4910112	4346229	944820	1001588	2734814	1480457	179820	760340	38024815	17084867	862544	25389636	14801584	3071067	1360193	8685209	939449	37145912	17963770
2021-06-07	55723879	614197	193119	421078	40593359	4516330	9697168	38256053	18384848	0.460	0.221	7644926	5826686	1124640	1761928	4910112	4346229	944820	1001588	2734814	1480457	179820	760340	38399728	17323248	917022	25524040	15069319	3098635	1417695	8716356	980812	37339031	18384848
2021-06-08	56776865	1052986	341023	711963	41439672	4591707	9760116	38665424	19096811	0.465	0.230	7644926	5826686	1124640	1761928	4910112	4346229	944820	1001588	2734814	1480457	179820	760340	38804893	17968865	985370	25806534	15633138	3124871	1466836	8748649	1011467	37680054	19096811
2021-06-09	58199082	1422217	447571	974646	42614869	4678948	9824118	39208772	20071457	0.471	0.241	7644926	5826686	1124640	1761928	4910112	4346229	944820	1001588	2734814	1480457	179820	760340	39236381	18956810	1081147	26193289	16421580	3153278	1525670	8781058	1043060	38127625	20071457
2021-06-10	59389535	1190453	403868	786585	43571291	4768757	9879896	39701084	20858042	0.477	0.251	7644926	5826686	1124640	1761928	4910112	4346229	944820	1001588	2734814	1480457	179820	760340	39675293	19705530	1169591	26538222	17033069	3185310	1583447	8807961	1071935	38531493	20858042
2021-06-11	60451525	1061990	363844	698146	44378373	4857778	9949008	40161703	21556188	0.483	0.259	7644926	5826686	1124640	1761928	4910112	4346229	944820	1001588	2734814	1480457	179820	760340	40121507	20318630	1266366	26844244	17534129	3213529	1644249	8837564	1111444	38895337	21556188
2021-06-12	60886503	434978	123534	311444	44662888	4929638	9992371	40320477	21867632	0.485	0.263	7644926	5826686	1124640	1761928	4910112	4346229	944820	1001588	2734814	1480457	179820	760340	40453388	20420893	1301606	26935992	17726896	3232249	1697389	8850630	1141741	39018871	21867632
2021-06-13	61169473	282970	64746	218224	44842755	4993140	10018185	40399010	22085856	0.486	0.266	7644926	5826686	1124640	1761928	4910112	4346229	944820	1001588	2734814	1480457	179820	760340	40700698	20456247	1315393	26980164	17862591	3248183	1744957	8855270	1162915	39083617	22085856
2021-06-14	61823879	654406	213529	440877	45273291	5094344	10085614	40667776	22526733	0.489	0.271	7644926	5826686	1124640	1761928	4910112	4346229	944820	1001588	2734814	1480457	179820	760340	41112593	20696780	1370630	27152434	18120857	3271810	1822534	8872902	1212712	39297146	22526733
2021-06-15	62869507	1045628	345954	699674	46070697	5198897	10170199	41072814	23226407	0.494	0.279	7644926	5826686	1124640	1761928	4910112	4346229	944820	1001588	2734814	1480457	179820	760340	41568042	21283470	1429714	27450181	18620516	3300353	1898544	8892566	1277633	39643100	23226407
2021-06-16	64249787	1380280	464557	915723	47171654	5305351	10266780	41613659	24142130	0.500	0.290	7644926	5826686	1124640	1761928	4910112	4346229	944820	1001588	2734814	1480457	179820	760340	42045749	22182018	1506002	27856795	19314859	3332750	1972601	8918112	1348668	40107657	24142130
2021-06-17	65395775	1145988	397884	748104	48053660	5408888	10358967	42079801	24890234	0.506	0.299	7644926	5826686	1124640	1761928	4910112	4346229	944820	1001588	2734814	1480457	179820	760340	42518167	22852215	1574260	28202664	19850996	3362472	2046416	8940405	1418562	40505541	24890234
2021-06-18	66386028	990253	343375	646878	48784431	5503215	10455288	42492010	25537112	0.511	0.307	7644926	5826686	1124640	1761928	4910112	4346229	944820	1001588	2734814	1480457	179820	760340	42975433	23382503	1643094	28492711	20291720	3393732	2109483	8962473	1492815	40848916	25537112
2021-06-19	66812882	426854	119557	307297	49057210	5585292	10506144	42632709	25844409	0.513	0.311	7644926	5826686	1124640	1761928	4910112	4346229	944820	1001588	2734814	1480457	179820	760340	43316546	23466988	1664236	28584747	20472463	3414711	2170581	8969015	1537129	40968473	25844409
2021-06-20	67107931	295049	67856	227193	49236009	5656887	10537987	42713377	26071602	0.514	0.313	7644926	5826686	1124640	1761928	4910112	4346229	944820	1001588	2734814	1480457	179820	760340	43581690	23496614	1677048	28633957	20602052	3430740	2226147	8971632	1566355	41036329	26071602
2021-06-21	67737695	629764	208575	421189	49646381	5754498	10623419	42958301	26492791	0.517	0.319	7644926	5826686	1124640	1761928	4910112	4346229	944820	1001588	2734814	1480457	179820	760340	43979904	23726147	1713397	28803499	20842882	3455787	2298711	8985618	1637801	41244904	26492791
2021-06-22	68812052	1074357	373350	701007	50488177	5850466	10725961	43365702	27193798	0.521	0.327	7644926	5826686	1124640	1761928	4910112	4346229	944820	1001588	2734814	1480457	179820	760340	44421557	24354112	1747448	29129971	21358206	3486440	2364026	9001843	1724118	41618254	27193798
2021-06-23	70144032	1331980	485927	846053	51574146	5946497	10841467	43886103	28039851	0.528	0.337	7644926	5826686	1124640	1761928	4910112	4346229	944820	1001588	2734814	1480457	179820	760340	44864600	25237778	1781922	29565159	22008987	3516529	2429968	9022493	1818974	42104181	28039851
2021-06-24	71177289	1033257	487362	545895	52369157	6033842	10952173	44413660	28585746	0.534	0.344	7644926	5826686	1124640	1761928	4910112	4346229	944820	1001588	2734814	1480457	179820	760340	45300408	25830883	1822117	29995880	22373277	3551930	2481912	9043733	1908440	42591543	28585746
2021-06-25	72095643	918354	378515	539839	53061018	6110420	11062073	44832190	29125585	0.539	0.350	7644926	5826686	1124640	1761928	4910112	4346229	944820	1001588	2734814	1480457	179820	760340	45732017	26314646	1862132	30327701	22733317	3578759	2531661	9063598	1998475	42970058	29125585
2021-06-26	72504958	409315	136350	272965	53315571	6179496	11134548	44981751	29398550	0.541	0.353	7644926	5826686	1124640	1761928	4910112	4346229	944820	1001588	2734814	1480457	179820	760340	46076981	26378225	1875343	30432200	22883371	3604372	2575124	9069836	2064712	43106408	29398550
2021-06-27	72796841	291883	89957	201926	53488461	6237612	11191304	45075829	29600476	0.542	0.356	7644926	5826686	1124640	1761928	4910112	4346229	944820	1001588	2734814	1480457	179820	760340	46342791	26403445	1879464	30499441	22989020	3623688	2613924	9073236	2118068	43196365	29600476
2021-06-28	73424760	627919	243197	384722	53888419	6327465	11305054	45343384	29985198	0.545	0.361	7644926	5826686	1124640	1761928	4910112	4346229	944820	1001588	2734814	1480457	179820	760340	46754216	26617843	1903822	30696475	23191944	3656102	2671363	9086985	2218069	43439562	29985198
2021-06-29	74355808	931048	387984	543064	54571725	6420109	11437750	45753770	30528262	0.550	0.367	7644926	5826686	1124640	1761928	4910112	4346229	944820	1001588	2734814	1480457	179820	760340	47184622	27113831	1926224	31039691	23532034	3689137	2730972	9098718	2339032	43827546	30528262
2021-06-30	75376175	1020367	450012	570355	55339069	6513914	11574327	46226423	31098617	0.556	0.374	7644926	5826686	1124640	1761928	4910112	4346229	944820	1001588	2734814	1480457	179820	760340	47615629	27697962	1948865	31440387	23898682	3723958	2789956	9113213	2461114	44277558	31098617
2021-07-01	76356563	980388	451306	529082	56080997	6597062	11707132	46700236	31627699	0.562	0.380	7644926	5826686	1124640	1761928	4910112	4346229	944820	1001588	2734814	1480457	179820	760340	48021448	28268207	1971372	31847646	24233351	3754477	2842585	9126741	2580391	44728864	31627699
2021-07-02	77201031	844468	378660	465808	56729846	6691409	11786269	47101031	32093507	0.566	0.386	7644926	5826686	1124640	1761928	4910112	4346229	944820	1001588	2734814	1480457	179820	760340	48420779	28709971	1993507	32185376	24544470	3786194	2905215	9135954	2650315	45107524	32093507
2021-07-03	77577632	376601	148507	228094	56984824	6770687	11813407	47264745	32321601	0.568	0.389	7644926	5826686	1124640	1761928	4910112	4346229	944820	1001588	2734814	1480457	179820	760340	48730383	28776252	2008714	32306485	24678339	3810792	2959895	9138754	2674653	45256031	32321601
2021-07-04	77850686	273054	92840	180214	57166293	6838826	11827935	47366503	32501815	0.570	0.391	7644926	5826686	1124640	1761928	4910112	4346229	944820	1001588	2734814	1480457	179820	760340	48975918	28803194	2017632	32379424	24786869	3829238	3009588	9140209	2687726	45348871	32501815
2021-07-05	78385956	535270	195569	339701	57552849	6933138	11867485	47576924	32841516	0.572	0.395	7644926	5826686	1124640	1761928	4910112	4346229	944820	1001588	2734814	1480457	179820	760340	49319133	28993153	2032484	32544622	25008227	3855254	3077884	9144564	2722921	45544440	32841516
2021-07-06	79161978	776022	269571	506451	58169108	7031944	11912778	47862159	33347967	0.575	0.401	7644926	5826686	1124640	1761928	4910112	4346229	944820	1001588	2734814	1480457	179820	760340	49661483	29423099	2048148	32784310	25384798	3880531	3151413	9149170	2763608	45814011	33347967
2021-07-07	80155325	993347	323053	670294	58996823	7127301	11964081	48204184	34018261	0.580	0.409	7644926	5826686	1124640	1761928	4910112	4346229	944820	1001588	2734814	1480457	179820	760340	50016601	30056482	2067120	33077343	25919480	3905145	3222156	9154576	2809505	46137064	34018261
2021-07-08	81001181	845856	262533	583323	59679800	7228147	12006713	48486118	34601584	0.583	0.416	7644926	5826686	1124640	1761928	4910112	4346229	944820	1001588	2734814	1480457	179820	760340	50363255	30551427	2086521	33313119	26366681	3927616	3300531	9158862	2847851	46399597	34601584
2021-07-09	81757307	756126	219221	536905	60273635	7326667	12049916	48725907	35138489	0.586	0.423	7644926	5826686	1124640	1761928	4910112	4346229	944820	1001588	2734814	1480457	179820	760340	50710341	30956968	2107089	33510008	26763627	3945507	3381160	9163303	2886613	46618818	35138489
2021-07-10	82100397	343090	95632	247458	60501686	7410855	12071021	48831285	35385947	0.587	0.425	7644926	5826686	1124640	1761928	4910112	4346229	944820	1001588	2734814	1480457	179820	760340	50984522	31025280	2116835	33586045	26915641	3963659	3447196	9164746	2906275	46714450	35385947
2021-07-11	82328260	227863	61074	166789	60647441	7474382	12081309	48900652	35552736	0.588	0.427	7644926	5826686	1124640	1761928	4910112	4346229	944820	1001588	2734814	1480457	179820	760340	51193091	31044204	2125128	33631849	27015592	3978460	3495922	9165215	2916094	46775524	35552736
2021-07-12	82794699	466439	150735	315704	60996823	7553324	12105343	49065468	35868440	0.590	0.431	7644926	5826686	1124640	1761928	4910112	4346229	944820	1001588	2734814	1480457	179820	760340	51461077	31240232	2139209	33751760	27245063	4007412	3545912	9167087	2938256	46926259	35868440
2021-07-13	83553509	758810	179708	579102	61623467	7630959	12139956	49265094	36447542	0.592	0.438	7644926	5826686	1124640	1761928	4910112	4346229	944820	1001588	2734814	1480457	179820	760340	51716628	31739362	2159127	33903199	27720268	4033420	3597539	9169348	2970608	47105967	36447542
2021-07-14	84526221	972712	202870	769842	62454398	7702759	12187082	49490819	37217384	0.595	0.448	7644926	5826686	1124640	1761928	4910112	4346229	944820	1001588	2734814	1480457	179820	760340	51994799	32429200	2181982	34081167	28373231	4054654	3648105	9173016	3014066	47308837	37217384
2021-07-15	85291363	765142	170555	594587	63087594	7773601	12225644	49683916	37811971	0.597	0.455	7644926	5826686	1124640	1761928	4910112	4346229	944820	1001588	2734814	1480457	179820	760340	52253830	32931568	2204524	34229671	28857923	4073831	3699770	9175890	3049754	47479392	37811971
2021-07-16	85948663	657300	151094	506206	63626574	7837785	12257606	49857184	38318177	0.599	0.461	7644926	5826686	1124640	1761928	4910112	4346229	944820	1001588	2734814	1480457	179820	760340	52510572	33328254	2226698	34361632	29264942	4091042	3746743	9177812	3079794	47630486	38318177
2021-07-17	86219561	270898	70742	200156	63800183	7900921	12273253	49946432	38518333	0.601	0.463	7644926	5826686	1124640	1761928	4910112	4346229	944820	1001588	2734814	1480457	179820	760340	52723093	33384580	2245204	34415828	29384355	4106702	3794219	9178698	3094555	47701228	38518333
2021-07-18	86419119	199558	59506	140052	63935473	7942485	12284709	50017186	38658385	0.601	0.465	7644926	5826686	1124640	1761928	4910112	4346229	944820	1001588	2734814	1480457	179820	760340	52894027	33412623	2256452	34465788	29469685	4115971	3826514	9178975	3105734	47760734	38658385
2021-07-19	86799034	379915	91401	288514	64230928	7992947	12304489	50122805	38946899	0.603	0.468	7644926	5826686	1124640	1761928	4910112	4346229	944820	1001588	2734814	1480457	179820	760340	53091901	33592649	2270670	34542922	29688006	4128907	3864040	9180306	3124183	47852135	38946899
2021-07-20	87401855	602821	126115	476706	64749214	8041272	12326416	50263203	39423605	0.604	0.474	7644926	5826686	1124640	1761928	4910112	4346229	944820	1001588	2734814	1480457	179820	760340	53312610	33970767	2284953	34650903	30098311	4144513	3896759	9182834	3143582	47978250	39423605
2021-07-21	88151539	749684	154732	594952	65416299	8087283	12349165	50431774	40018557	0.606	0.481	7644926	5826686	1124640	1761928	4910112	4346229	944820	1001588	2734814	1480457	179820	760340	53550900	34477235	2298792	34791082	30625217	4157471	3929812	9184429	3164736	48132982	40018557
2021-07-22	88768020	616481	121106	495375	65956931	8130715	12368009	50566453	40513932	0.608	0.487	7644926	5826686	1124640	1761928	4910112	4346229	944820	1001588	2734814	1480457	179820	760340	53782265	34857754	2312365	34900709	31056222	4167558	3963157	9185821	3182188	48254088	40513932
2021-07-23	89333310	565290	113259	452031	66443299	8172962	12386562	50697834	40965963	0.610	0.493	7644926	5826686	1124640	1761928	4910112	4346229	944820	1001588	2734814	1480457	179820	760340	54016703	35185498	2330487	35002671	31440628	4177516	3995446	9187160	3199402	48367347	40965963
2021-07-24	89542782	209472	52233	157239	66595718	8210429	12394304	50761911	41123202	0.610	0.494	7644926	5826686	1124640	1761928	4910112	4346229	944820	1001588	2734814	1480457	179820	760340	54170216	35239989	2342331	35046866	31548852	4184790	4025639	9187924	3206380	48419580	41123202
2021-07-25	89667004	124222	31955	92267	66679475	8241869	12397579	50799616	41215469	0.611	0.496	7644926	5826686	1124640	1761928	4910112	4346229	944820	1001588	2734814	1480457	179820	760340	54274594	35258381	2348081	35072447	31607028	4191047	4050822	9188041	3209538	48451535	41215469
2021-07-26	90002257	335253	71364	263889	66951596	8281650	12409890	50882020	41479358	0.612	0.499	7644926	5826686	1124640	1761928	4910112	4346229	944820	1001588	2734814	1480457	179820	760340	54459603	35406924	2359121	35133119	31818477	4200605	4081045	9189175	3220715	48522899	41479358
2021-07-27	90548241	545984	97630	448354	67422852	8323786	12429767	50992365	41927712	0.613	0.504	7644926	5826686	1124640	1761928	4910112	4346229	944820	1001588	2734814	1480457	179820	760340	54668944	35739285	2371836	35220771	32202081	4209271	4114515	9190487	3239280	48620529	41927712
2021-07-28	91230366	682125	121413	560712	68021208	8370583	12453083	51127434	42488424	0.615	0.511	7644926	5826686	1124640	1761928	4910112	4346229	944820	1001588	2734814	1480457	179820	760340	54900913	36185608	2385492	35331521	32689687	4218700	4151883	9191721	3261362	48741942	42488424
2021-07-29	91801854	571488	104668	466820	68514920	8414011	12472868	51246665	42955244	0.616	0.516	7644926	5826686	1124640	1761928	4910112	4346229	944820	1001588	2734814	1480457	179820	760340	55112470	36541536	2400055	35425801	33089119	4227872	4186139	9192937	3279931	48846610	42955244
2021-07-30	92292778	490924	93739	397185	68927524	8459242	12490029	51356332	43352429	0.618	0.521	7644926	5826686	1124640	1761928	4910112	4346229	944820	1001588	2734814	1480457	179820	760340	55323828	36818387	2415983	35509488	33418036	4236856	4222386	9194005	3296024	48940349	43352429
2021-07-31	92486595	193817	46939	146878	69067095	8495071	12496046	51415671	43499307	0.618	0.523	7644926	5826686	1124640	1761928	4910112	4346229	944820	1001588	2734814	1480457	179820	760340	55479151	36856357	2428383	35550054	33517041	4243074	4251997	9194160	3301886	48987288	43499307
2021-08-01	92603035	116440	30368	86072	69150287	8520142	12498361	51451901	43585379	0.619	0.524	7644926	5826686	1124640	1761928	4910112	4346229	944820	1001588	2734814	1480457	179820	760340	55578849	36872662	2434245	35576166	33574121	4247248	4272894	9194242	3304119	49017656	43585379
2021-08-02	92892698	289663	58101	231562	69386396	8553475	12507486	51521098	43816941	0.619	0.527	7644926	5826686	1124640	1761928	4910112	4346229	944820	1001588	2734814	1480457	179820	760340	55746464	36992897	2445341	35628609	33757787	4252334	4301141	9194814	3312672	49075757	43816941
2021-08-03	93347518	454820	76141	378679	69778040	8591741	12519420	51610215	44195620	0.621	0.531	7644926	5826686	1124640	1761928	4910112	4346229	944820	1001588	2734814	1480457	179820	760340	55931493	37259593	2458317	35699165	34078875	4257194	4334547	9195539	3323881	49151898	44195620
2021-08-04	93909194	561676	95715	465961	70280337	8627285	12530676	51718509	44661581	0.622	0.537	7644926	5826686	1124640	1761928	4910112	4346229	944820	1001588	2734814	1480457	179820	760340	56134512	37614993	2470896	35788823	34491514	4262752	4364533	9196038	3334638	49247613	44661581
2021-08-05	94415136	505942	84440	421502	70725818	8665663	12538613	51817095	45083083	0.623	0.542	7644926	5826686	1124640	1761928	4910112	4346229	944820	1001588	2734814	1480457	179820	760340	56341642	37910549	2485042	35867565	34858253	4267843	4397820	9196645	3341968	49332053	45083083
2021-08-06	94846488	431352	80047	351305	71100145	8700459	12545913	51912071	45434388	0.624	0.546	7644926	5826686	1124640	1761928	4910112	4346229	944820	1001588	2734814	1480457	179820	760340	56553738	38127512	2499971	35941602	35158543	4273423	4427036	9197075	3348838	49412100	45434388
2021-08-07	95024943	178455	39620	138835	71234546	8730386	12547455	51964276	45573223	0.625	0.548	7644926	5826686	1124640	1761928	4910112	4346229	944820	1001588	2734814	1480457	179820	760340	56707193	38151629	2512556	35976798	35257748	4277768	4452618	9197154	3350301	49451720	45573223
2021-08-08	95137640	112697	22836	89861	71321405	8751478	12548368	51990945	45663084	0.625	0.549	7644926	5826686	1124640	1761928	4910112	4346229	944820	1001588	2734814	1480457	179820	760340	56808240	38163142	2516389	35996914	35324491	4280446	4471032	9197196	3351172	49474556	45663084
2021-08-09	95422337	284697	49973	234724	71551933	8791716	12553685	52049532	45897808	0.626	0.552	7644926	5826686	1124640	1761928	4910112	4346229	944820	1001588	2734814	1480457	179820	760340	56989821	38264866	2525003	36042236	35509697	4284791	4506925	9197502	3356183	49524529	45897808
2021-08-10	95834864	412527	71126	341401	71905616	8832587	12561540	52130776	46239209	0.627	0.556	7644926	5826686	1124640	1761928	4910112	4346229	944820	1001588	2734814	1480457	179820	760340	57168176	38496745	2535121	36108140	35797476	4289448	4543139	9198067	3363473	49595655	46239209
2021-08-11	96346292	511428	97049	414379	72349986	8876880	12571187	52240943	46653588	0.628	0.561	7644926	5826686	1124640	1761928	4910112	4346229	944820	1001588	2734814	1480457	179820	760340	57365864	38807109	2548239	36197715	36152271	4296267	4580613	9198722	3372465	49692704	46653588
