date	dosen_kumulativ	dosen_differenz_zum_vortag	dosen_erst_differenz_zum_vortag	dosen_zweit_differenz_zum_vortag	dosen_biontech_kumulativ	dosen_moderna_kumulativ	dosen_astrazeneca_kumulativ	personen_erst_kumulativ	personen_voll_kumulativ	impf_quote_erst	impf_quote_voll	indikation_alter_dosen	indikation_beruf_dosen	indikation_medizinisch_dosen	indikation_pflegeheim_dosen	indikation_alter_erst	indikation_beruf_erst	indikation_medizinisch_erst	indikation_pflegeheim_erst	indikation_alter_voll	indikation_beruf_voll	indikation_medizinisch_voll	indikation_pflegeheim_voll	dosen_dim_kumulativ	dosen_kbv_kumulativ	dosen_johnson_kumulativ	dosen_biontech_erst_kumulativ	dosen_biontech_zweit_kumulativ	dosen_moderna_erst_kumulativ	dosen_moderna_zweit_kumulativ	dosen_astrazeneca_erst_kumulativ	dosen_astrazeneca_zweit_kumulativ
2020-12-27	24087	24087	24073	14	24086	1	0	24073	14	0.000	0.000	10705	8657	1305	12604	10664	8590	1305	12536	41	67	0	68	24087	0	0	24072	14	1	0	0	0
2020-12-28	42647	18560	18523	37	42646	1	0	42596	51	0.001	0.000	18621	15788	1991	21344	18580	15721	1991	21276	41	67	0	68	42647	0	0	42595	51	1	0	0	0
2020-12-29	93470	50823	50094	729	93469	1	0	92690	780	0.001	0.000	34989	40734	3107	40508	34724	40420	3107	40099	265	314	0	409	93470	0	0	92689	780	1	0	0	0
2020-12-30	156252	62782	62661	121	156251	1	0	155351	901	0.002	0.000	55510	73365	4901	63206	55243	73050	4901	62794	267	315	0	412	156252	0	0	155350	901	1	0	0	0
2020-12-31	206443	50191	50042	149	206442	1	0	205393	1050	0.002	0.000	72831	96719	6752	83965	72517	96367	6752	83476	314	352	0	489	206443	0	0	205392	1050	1	0	0	0
2021-01-01	225377	18934	18927	7	225375	1	1	224320	1057	0.003	0.000	81208	105449	7830	92301	80894	105097	7830	91812	314	352	0	489	225377	0	0	224318	1057	1	0	1	0
2021-01-02	277913	52536	52253	283	277911	1	1	276573	1340	0.003	0.000	102774	129731	10350	113258	102365	129304	10350	112629	409	427	0	629	277913	0	0	276571	1340	1	0	1	0
2021-01-03	301811	23898	23893	5	301809	1	1	300466	1345	0.004	0.000	113044	140227	11284	123279	112635	139800	11284	122650	409	427	0	629	301811	0	0	300464	1345	1	0	1	0
2021-01-04	349985	48174	48123	51	349983	1	1	348589	1396	0.004	0.000	129646	164913	13951	139091	129237	164486	13951	138462	409	427	0	629	349985	0	0	348587	1396	1	0	1	0
2021-01-05	403751	53766	53737	29	403748	2	1	402326	1425	0.005	0.000	147987	192565	16489	157656	147576	192117	16489	157025	411	448	0	631	403751	0	0	402323	1425	2	0	1	0
2021-01-06	466419	62668	62661	7	466408	8	3	464987	1432	0.006	0.000	169498	225530	19910	180812	169086	225082	19910	180181	412	448	0	631	466419	0	0	464976	1432	8	0	3	0
2021-01-07	522504	56085	56076	9	522490	11	3	521063	1441	0.006	0.000	189172	254868	22957	197233	188758	254418	22957	196600	414	450	0	633	522504	0	0	521049	1441	11	0	3	0
2021-01-08	585560	63056	62733	323	585498	59	3	583796	1764	0.007	0.000	211521	287315	26324	218219	211009	286711	26320	217449	512	604	4	770	585560	0	0	583734	1764	59	0	3	0
2021-01-09	646998	61438	61391	47	646936	59	3	645187	1811	0.008	0.000	237322	313238	29007	243325	236798	312599	29003	242545	524	639	4	780	646998	0	0	645125	1811	59	0	3	0
2021-01-10	682511	35513	35504	9	682449	59	3	680691	1820	0.008	0.000	252455	327794	30379	256315	251929	327151	30375	255535	526	643	4	780	682511	0	0	680629	1820	59	0	3	0
2021-01-11	750114	67603	67551	52	750050	61	3	748242	1872	0.009	0.000	277513	359176	33587	276774	276967	358513	33583	275968	546	663	4	806	750114	0	0	748178	1872	61	0	3	0
2021-01-12	832793	82679	82620	59	832723	66	4	830862	1931	0.010	0.000	305695	401338	36582	301731	305147	400670	36578	300888	548	668	4	843	832793	0	0	830792	1931	66	0	4	0
2021-01-13	944573	111780	111582	198	943705	864	4	942444	2129	0.011	0.000	345167	458844	40485	337339	344574	458093	40466	336399	593	751	19	940	944573	0	0	941576	2129	864	0	4	0
2021-01-14	1027721	83148	82963	185	1022227	5490	4	1025407	2314	0.012	0.000	374803	501101	42769	361463	374094	500254	42750	360452	709	847	19	1011	1027721	0	0	1019957	2270	5446	44	4	0
2021-01-15	1119282	91561	90951	610	1108322	10951	9	1116358	2924	0.013	0.000	408725	545673	46728	389202	407810	544625	46700	387982	915	1048	28	1220	1119282	0	0	1105442	2880	10907	44	9	0
2021-01-16	1176858	57576	56670	906	1164117	12732	9	1173028	3830	0.014	0.000	432983	570627	48859	408798	431664	569232	48767	407047	1319	1395	92	1751	1176858	0	0	1160331	3786	12688	44	9	0
2021-01-17	1225858	49000	31657	17343	1211811	14037	10	1204685	21173	0.014	0.000	453449	591002	50884	428544	444215	583354	50014	417145	9234	7648	870	11399	1225858	0	0	1190682	21129	13993	44	10	0
2021-01-18	1308484	82626	66854	15772	1290407	18066	11	1271539	36945	0.015	0.000	482728	633883	53106	448900	467235	619730	51700	430238	15493	14153	1406	18662	1308484	0	0	1253507	36900	18021	45	11	0
2021-01-19	1426189	117705	82822	34883	1404601	21563	25	1354361	71828	0.016	0.001	519765	695968	56714	479843	492669	666683	54375	447938	27096	29285	2339	31905	1426189	0	0	1332823	71778	21513	50	25	0
2021-01-20	1558213	132024	80505	51519	1533857	24327	29	1434866	123347	0.017	0.001	568076	760039	60957	522078	522876	706310	57505	469463	45200	53729	3452	52615	1558213	0	0	1410560	123297	24277	50	29	0
2021-01-21	1665933	107720	65867	41853	1638865	27039	29	1500733	165200	0.018	0.002	610150	808503	65406	556195	549621	735602	60889	487988	60529	72901	4517	68207	1665933	0	0	1473715	165150	26989	50	29	0
2021-01-22	1770018	104085	68523	35562	1740854	29124	40	1569256	200762	0.019	0.002	654049	853889	69013	590642	579902	764987	63599	506975	74147	88902	5414	83667	1770018	0	0	1540144	200710	29072	52	40	0
2021-01-23	1855023	85005	40047	44958	1825475	29507	41	1609303	245720	0.019	0.003	691767	890989	72414	617916	599855	780966	64783	516268	91912	110023	7631	101648	1855023	0	0	1579807	245668	29455	52	41	0
2021-01-24	1904254	49231	26084	23147	1874458	29751	45	1635387	268867	0.020	0.003	715655	910067	73331	632982	614016	789814	65130	521524	101639	120253	8201	111458	1904254	0	0	1605643	268815	29699	52	45	0
2021-01-25	1995957	91703	53104	38599	1964436	31474	47	1688491	307466	0.020	0.004	756375	951632	76827	658117	642321	811974	66847	534304	114054	139658	9980	123813	1995957	0	0	1657022	307414	31422	52	47	0
2021-01-26	2094630	98673	50244	48429	2061451	33126	53	1738735	355895	0.021	0.004	796572	997196	80614	684405	667753	831436	68195	545278	128819	165760	12419	139127	2094630	0	0	1705612	355839	33070	56	53	0
2021-01-27	2205773	111143	51514	59629	2170630	35082	61	1790249	415524	0.022	0.005	839834	1049509	85786	715259	691463	852265	70042	556304	148371	197244	15744	158955	2205773	0	0	1755172	415458	35016	66	61	0
2021-01-28	2297005	91232	45125	46107	2260223	36718	64	1835374	461631	0.022	0.006	877990	1090332	89974	739697	713483	869115	71590	567469	164507	221217	18384	172228	2297005	0	0	1798676	461547	36634	84	64	0
2021-01-29	2406119	109114	51465	57649	2367926	38123	70	1886839	519280	0.023	0.006	920894	1138243	95507	769100	735839	888487	73819	578309	185055	249756	21688	190791	2406119	0	0	1848730	519196	38039	84	70	0
2021-01-30	2494624	88505	36345	52160	2455556	38997	71	1923184	571440	0.023	0.007	957412	1174692	99468	796433	752473	901967	75224	586328	204939	272725	24244	210105	2494624	0	0	1884201	571355	38912	85	71	0
2021-01-31	2551138	56514	25983	30531	2511692	39374	72	1949167	601971	0.023	0.007	982865	1196922	101575	812430	766590	910861	76411	592657	216275	286061	25164	219773	2551138	0	0	1909815	601877	39281	93	71	1
2021-02-01	2671787	120649	59159	61490	2630075	41584	128	2008326	663461	0.024	0.008	1026174	1260299	105285	839830	787193	944041	78273	602425	238981	316258	27012	237405	2671787	0	0	1966708	663367	41491	93	127	1
2021-02-02	2803501	131714	64214	67500	2758909	44451	141	2072540	730961	0.025	0.009	1069633	1330364	110479	870030	806216	982089	80866	611659	263417	348275	29613	258371	2803501	0	0	2028043	730866	44357	94	140	1
2021-02-03	2963032	159531	64160	95371	2912032	50837	163	2136700	826332	0.026	0.010	1128983	1407775	116405	912544	829819	1014401	83062	623312	299164	393374	33343	289232	2963032	0	0	2085797	826235	50741	96	162	1
2021-02-04	3094804	131772	61082	70690	3037927	56708	169	2197782	897022	0.026	0.011	1177986	1472437	120972	943857	851937	1046473	85311	632945	326049	425964	35661	310912	3094804	0	0	2141004	896923	56610	98	168	1
2021-02-05	3239598	144794	67666	77128	3176316	63105	177	2265448	974150	0.027	0.012	1232524	1542580	126293	977786	877231	1080338	86905	644262	355293	462242	39388	333524	3239598	0	0	2202266	974050	63007	98	175	2
2021-02-06	3339748	100150	47172	52978	3273938	65632	178	2312620	1027128	0.028	0.012	1272514	1588658	130853	1003590	896490	1101898	88782	653957	376024	486760	42071	349633	3339748	0	0	2246910	1027028	65534	98	176	2
2021-02-07	3394005	54257	28179	26078	3325796	68029	180	2340799	1053206	0.028	0.013	1298155	1609930	133571	1016823	910800	1112720	90015	659435	387355	497210	43556	357388	3394005	0	0	2272691	1053105	67930	99	178	2
2021-02-08	3503949	109944	53164	56780	3431745	71999	205	2393963	1109986	0.029	0.013	1350672	1655734	137545	1035599	942269	1129343	91902	666781	408403	526391	45643	368818	3503949	0	0	2321861	1109884	71899	100	203	2
2021-02-09	3637883	133934	59697	74237	3561634	75933	316	2453660	1184223	0.030	0.014	1411842	1714380	141993	1058512	978151	1147503	94639	674792	433691	566877	47354	383720	3637883	0	0	2378004	1183630	75342	591	314	2
2021-02-10	3789667	151784	75169	76615	3702366	79945	7356	2528829	1260838	0.030	0.015	1478760	1781046	146001	1087933	1017461	1175177	96286	685176	461299	605869	49715	402757	3789667	0	0	2443069	1259297	78406	1539	7354	2
2021-02-11	3930819	141152	73834	67318	3820922	87091	22804	2602665	1328156	0.031	0.016	1539776	1848576	151475	1113070	1052428	1208053	98713	694775	487348	640523	52762	418295	3930819	0	2	2497169	1323753	82698	4393	22796	8
2021-02-12	4088313	157494	81419	76075	3954201	96879	37229	2684086	1404231	0.032	0.017	1611268	1919253	157751	1138545	1094198	1240389	101429	704318	517070	678864	56322	434227	4088313	0	4	2559356	1394845	87507	9372	37219	10
2021-02-13	4196072	107759	62180	45579	4045890	100065	50112	2746267	1449810	0.033	0.017	1667599	1960972	162355	1156080	1129093	1262877	103231	711418	538506	698095	59124	444662	4196072	0	5	2607014	1438876	89154	10911	50094	18
2021-02-14	4261366	65294	40025	25269	4101477	102510	57373	2786293	1475079	0.034	0.018	1706122	1983696	163973	1164146	1153761	1276081	104081	714928	552361	707615	59892	449218	4261366	0	6	2638556	1462921	90397	12113	57334	39
2021-02-15	4388205	126839	71222	55617	4208558	107473	72167	2857516	1530696	0.034	0.018	1773591	2031897	168008	1183418	1194859	1300739	106358	721524	578732	731158	61650	461894	4388205	0	7	2692803	1515755	92589	14884	72117	50
2021-02-16	4524837	136632	82007	54625	4315808	113213	95808	2939524	1585321	0.035	0.019	1839625	2089928	170683	1200400	1236633	1336138	107879	728440	602992	753790	62804	471960	4524837	0	8	2748541	1567267	95225	17988	95750	58
2021-02-17	4674076	149239	93567	55672	4437604	120924	115539	3033092	1640993	0.036	0.020	1920033	2147919	175770	1221928	1292995	1368705	110873	736858	627038	779214	64897	485070	4674076	0	9	2817704	1619900	99903	21021	115476	63
2021-02-18	4816782	142706	91470	51236	4548661	128873	139238	3124563	1692229	0.038	0.020	1995907	2206102	179208	1240945	1345328	1403985	112659	744258	650579	802117	66549	496687	4816782	0	10	2880991	1667670	104391	24482	139171	67
2021-02-19	4971373	154591	99832	54759	4667920	138786	164656	3224396	1746988	0.039	0.021	2076668	2266444	184080	1258305	1402958	1440066	115287	750941	673710	826378	68793	507364	4971373	0	11	2948507	1719413	111296	27490	164582	74
2021-02-20	5084783	113410	76312	37098	4755154	143311	186306	3300709	1784086	0.040	0.021	2138268	2310157	187738	1272296	1445964	1469322	117533	755178	692304	840835	70205	517118	5084783	0	12	2999181	1755973	115294	28017	186222	84
2021-02-21	5170937	86154	57044	29110	4822781	146539	201604	3357754	1813196	0.040	0.022	2187054	2340674	190304	1282667	1479917	1489494	118664	757407	707137	851180	71640	525260	5170937	0	13	3037861	1784920	118363	28176	201517	87
2021-02-22	5331289	160352	100240	60112	4948922	155637	226716	3457995	1873308	0.042	0.023	2266701	2410287	195201	1300517	1538362	1525084	121627	763642	728339	885203	73574	536875	5331289	0	14	3105715	1843207	125649	29988	226617	99
2021-02-23	5498458	167169	107401	59768	5081448	162796	254199	3565397	1933076	0.043	0.023	2346910	2483166	200501	1318387	1598211	1563793	124757	771284	748699	919373	75744	547103	5498458	0	15	3180143	1901305	131147	31649	254092	107
2021-02-24	5674447	175989	116399	59590	5214290	170575	289566	3681797	1992666	0.044	0.024	2431789	2557990	207079	1337422	1660503	1608669	128907	778912	771286	949321	78172	558510	5674447	0	16	3255095	1959195	137239	33336	289447	119
2021-02-25	5863850	189403	130874	58529	5345519	177279	341036	3812671	2051195	0.046	0.025	2514175	2648479	213515	1355541	1722988	1667176	133470	787131	791187	981303	80045	568410	5863850	0	16	3329258	2016261	142491	34788	340906	130
2021-02-26	6073661	209811	144401	65410	5485798	186114	401733	3957072	2116605	0.048	0.025	2602819	2749814	220591	1375230	1787946	1735795	138593	794627	814873	1014019	81998	580603	6073661	0	16	3405797	2080001	149687	36427	401572	161
2021-02-27	6222278	148617	108604	40013	5578627	190316	453319	4065676	2156618	0.049	0.026	2666475	2822116	227301	1388101	1833818	1790224	143432	799030	832657	1031892	83869	589071	6222278	0	16	3459386	2119241	153125	37191	453149	170
2021-02-28	6330376	108098	83808	24290	5641024	194267	495069	4149484	2180908	0.050	0.026	2714700	2875405	231582	1394762	1868893	1834535	146785	801170	845807	1040870	84797	593592	6330376	0	16	3497855	2143169	156724	37543	494889	180
2021-03-01	6526220	195844	146476	49368	5769673	203676	552855	4295960	2230276	0.052	0.027	2817221	2953369	239381	1408021	1943445	1896228	153263	806209	873776	1057141	86118	601812	6526220	0	16	3579173	2190500	164110	39566	552661	194
2021-03-02	6746302	220082	166398	53684	5910286	213842	622158	4462358	2283960	0.054	0.027	2927307	3047588	248982	1422628	2022735	1971725	160632	812692	904572	1075863	88350	609936	6746302	0	16	3668929	2241357	171462	42380	621951	207
2021-03-03	6990046	243744	174755	68989	6067134	227686	695210	4637113	2352949	0.056	0.028	3047976	3148969	260606	1439862	2105531	2048823	170041	819606	942445	1100146	90565	620256	6990046	0	16	3762290	2304844	179878	47808	694929	281
2021-03-04	7233229	243183	180502	62681	6209536	241739	781938	4817615	2415630	0.058	0.029	3159240	3258741	272992	1455625	2181653	2136963	180034	825002	977587	1121778	92958	630623	7233229	0	16	3847268	2362268	188732	53007	781599	339
2021-03-05	7502397	269168	201747	67421	6356814	255070	890497	5019362	2483051	0.060	0.030	3277185	3383782	287941	1471072	2258903	2242620	191990	830697	1018282	1141162	95951	640375	7502397	0	16	3933005	2423809	196226	58844	890115	382
2021-03-06	7704886	202489	153199	49290	6467586	263661	973623	5172561	2532341	0.062	0.030	3366696	3478463	298371	1480590	2314602	2325555	200824	833966	1052094	1152908	97547	646624	7704886	0	16	3996704	2470882	202622	61039	973219	404
2021-03-07	7855269	150383	115925	34458	6550071	270391	1034791	5288486	2566799	0.064	0.031	3437978	3544531	306478	1486155	2360956	2383880	208082	835928	1077022	1160651	98396	650227	7855269	0	16	4047087	2502984	207011	63380	1034372	419
2021-03-08	8094497	239228	186719	52509	6685804	281398	1127279	5475205	2619308	0.066	0.031	3556806	3640371	322827	1498475	2442587	2468035	222757	841890	1114219	1172336	100070	656585	8094497	0	16	4133687	2552117	214674	66724	1126828	451
2021-03-09	8344979	250482	195722	54760	6825953	294258	1224752	5670927	2674068	0.068	0.032	3677710	3742787	340236	1512022	2524321	2558568	238262	848791	1153389	1184219	101974	663231	8344979	0	16	4222495	2603458	224173	70085	1224243	509
2021-03-10	8628754	283775	218094	65681	6983609	305711	1339418	5889021	2739749	0.071	0.033	3808598	3856306	360962	1530389	2606688	2661880	256906	860000	1201910	1194426	104056	670389	8627783	971	16	4317621	2665988	232525	73186	1338859	559
2021-03-11	8910384	281630	220729	60901	7132700	318937	1458731	6109750	2800650	0.073	0.034	3937470	3976178	382106	1544008	2689957	2769533	276555	867677	1247513	1206645	105551	676331	8908758	1626	16	4410108	2722592	241508	77429	1458118	613
2021-03-12	9234588	324204	252535	71669	7285627	336509	1612436	6362285	2872319	0.077	0.035	4071484	4127850	404783	1559463	2770420	2906954	297406	877132	1301064	1220896	107377	682331	9232752	1836	16	4496378	2789249	254350	82159	1611541	895
2021-03-13	9481164	246576	197130	49446	7400334	346258	1734556	6559415	2921765	0.079	0.035	4181046	4240796	425293	1567511	2840453	3011727	316755	881879	1340593	1229069	108538	685632	9479172	1992	16	4563054	2837280	262733	83525	1733612	944
2021-03-14	9652391	171227	135232	35995	7489855	351404	1811116	6694647	2957760	0.080	0.036	4266043	4307307	441408	1570975	2896461	3072888	331859	883676	1369582	1234419	109549	687299	9650389	2002	16	4617567	2872288	266909	84495	1810155	961
2021-03-15	9900681	248290	189426	58864	7642259	363820	1894586	6884073	3016624	0.083	0.036	4400463	4391447	461474	1582289	2984151	3147219	350790	890548	1416312	1244228	110684	691741	9898396	2285	16	4712813	2929446	277698	86122	1893546	1040
2021-03-16	10079839	179158	112135	67023	7808384	374929	1896510	6996208	3083647	0.084	0.037	4527474	4426082	473886	1593025	3059300	3169255	361553	895647	1468174	1256827	112333	697378	10077007	2832	16	4814252	2994132	286472	88457	1895468	1042
2021-03-17	10285059	205220	125754	79466	7994150	392965	1897928	7121962	3163113	0.086	0.038	4672447	4463838	487350	1605072	3141952	3193652	373040	902175	1530495	1270186	114310	702897	10281610	3449	16	4925316	3068834	299748	93217	1896882	1046
2021-03-18	10479772	194713	119369	75344	8169057	411194	1899505	7241331	3238457	0.087	0.039	4812398	4498757	499905	1615322	3222615	3215628	383588	907340	1589783	1283129	116317	707982	10475900	3872	16	5029951	3139106	312907	98287	1898457	1048
2021-03-19	10723704	243932	161090	82842	8353662	431790	1938236	7402421	3321299	0.089	0.040	4961948	4563922	518114	1627194	3306761	3267408	399605	914537	1655187	1296514	118509	712657	10719301	4403	16	5138454	3215208	326843	104947	1937108	1128
2021-03-20	10943969	220265	166378	53887	8490181	447105	2006667	7568799	3375186	0.091	0.041	5078536	4641917	537715	1633319	3379545	3337212	417708	917920	1698991	1304705	120007	715399	10939242	4727	16	5224826	3265355	338461	108644	2005496	1171
2021-03-21	11110065	166096	127336	38760	8594819	456321	2058909	7696135	3413946	0.093	0.041	5171749	4694283	554274	1635819	3440184	3384099	433219	919244	1731565	1310184	121055	716575	11105338	4727	16	5293724	3301095	344680	111641	2057715	1194
2021-03-22	11376283	266218	190056	76162	8760527	479990	2135750	7886191	3490108	0.095	0.042	5329624	4766248	576579	1645397	3534739	3445389	453483	925279	1794885	1320859	123096	720118	11370028	6255	16	5390877	3369650	360807	119183	2134491	1259
2021-03-23	11674213	297930	214168	83762	8940820	500258	2233119	8100359	3573870	0.097	0.043	5490190	4854892	604288	1656865	3629814	3521119	478432	932910	1860376	1333773	125856	723955	11662970	11243	16	5492796	3448024	375773	124485	2231774	1345
2021-03-24	12008332	334119	245810	88309	9138071	533420	2336825	8346169	3662179	0.100	0.044	5664852	4952071	635971	1672375	3732242	3605792	507202	944863	1932610	1346279	128769	727512	11991297	17035	16	5607324	3530747	403423	129997	2335406	1419
2021-03-25	12345946	337614	257462	80152	9326555	560748	2458627	8603631	3742331	0.103	0.045	5830941	5060081	670798	1683452	3832663	3703768	539527	951994	1998278	1356313	131271	731458	12322966	22980	16	5721526	3605029	424972	135776	2457117	1510
2021-03-26	12720725	374779	286013	88766	9528427	597170	2595112	8889644	3831097	0.107	0.046	6003833	5184282	710463	1698535	3933360	3816071	576057	962322	2070473	1368211	134406	736213	12691431	29294	16	5841365	3687062	454760	142410	2593503	1609
2021-03-27	13007510	286785	223626	63159	9680404	624534	2702556	9113270	3894256	0.110	0.047	6147056	5279869	744190	1703356	4023632	3903670	607441	965464	2123424	1376199	136749	737892	12975866	31644	16	5933594	3746810	478781	145753	2700879	1677
2021-03-28	13204436	196926	144185	52741	9798140	643062	2763218	9257455	3946997	0.111	0.047	6253046	5333384	768116	1706823	4085867	3950861	629648	967502	2167179	1382523	138468	739321	13172601	31835	16	6001913	3796227	494034	149028	2761492	1726
2021-03-29	13513337	308901	219861	89040	9986004	669109	2858208	9477316	4036037	0.114	0.049	6418833	5404751	806706	1716518	4180272	4010842	665103	973637	2238561	1393909	141603	742881	13475554	37783	16	6108099	3877905	512773	156336	2856428	1780
2021-03-30	13841890	328553	235200	93353	10201963	695406	2944505	9712516	4129390	0.117	0.050	6591913	5474211	853024	1727240	4280843	4069380	706095	981320	2311070	1404831	146929	745920	13791971	49919	16	6238293	3963670	531549	163857	2942658	1847
2021-03-31	14183543	341653	238554	103099	10451538	733766	2998223	9951070	4232489	0.120	0.051	6774517	5538855	899988	1738789	4384637	4121392	747318	988525	2389880	1417463	152670	750264	14117309	66234	16	6393678	4057860	561037	172729	2996339	1884
2021-04-01	14507631	324088	231686	92402	10687716	766363	3053536	10182756	4324891	0.122	0.052	6936269	5606629	944397	1747554	4476928	4175958	787230	994147	2459341	1430671	157167	753407	14421318	86313	16	6546084	4141632	585046	181317	3051610	1926
2021-04-02	14737621	229990	158410	71580	10869184	783008	3085413	10341166	4396471	0.124	0.053	7067172	5654574	981393	1749910	4552089	4213818	820223	995356	2515083	1440756	161170	754554	14649784	87837	16	6661458	4207726	596226	186782	3083466	1947
2021-04-03	14969653	232032	166018	66014	11042794	800208	3126635	10507184	4462485	0.126	0.054	7198861	5698683	1018737	1753036	4633025	4248782	853330	997097	2565836	1449901	165407	755939	14880417	89236	16	6774438	4268356	608075	192133	3124655	1980
2021-04-04	15165782	196129	142595	53534	11178152	811340	3176274	10649779	4516019	0.128	0.054	7309766	5731715	1048001	1754173	4704262	4274251	879171	997551	2605504	1457464	168830	756622	15076410	89372	16	6860500	4317652	615010	196330	3174253	2021
2021-04-05	15415462	249680	176301	73379	11346499	829268	3239679	10826080	4589398	0.130	0.055	7456036	5770066	1081529	1756372	4794323	4302940	907924	998846	2661713	1467126	173605	757526	15324780	90682	16	6960781	4385718	627663	201605	3237620	2059
2021-04-06	15794118	378656	279614	99042	11604684	862554	3326864	11105694	4688440	0.134	0.056	7644926	5826686	1124640	1761928	4910112	4346229	944820	1001588	2734814	1480457	179820	760340	15666809	127309	16	7128737	4475947	652215	210339	3324726	2138
2021-04-07	16472353	678235	581177	97058	12147134	898641	3426562	11686871	4785498	0.141	0.058	7644926	5826686	1124640	1761928	4910112	4346229	944820	1001588	2734814	1480457	179820	760340	16039380	432973	16	7582422	4564712	680100	218541	3424333	2229
2021-04-08	17205458	733105	643410	89695	12720785	933968	3550689	12330281	4875193	0.148	0.059	7644926	5826686	1124640	1761928	4910112	4346229	944820	1001588	2734814	1480457	179820	760340	16447607	757851	16	8075501	4645284	706373	227595	3548391	2298
2021-04-09	17828375	622917	534449	88468	13207777	969571	3651011	12864730	4963661	0.155	0.060	7644926	5826686	1124640	1761928	4910112	4346229	944820	1001588	2734814	1480457	179820	760340	16831021	997354	16	8485282	4722495	730815	238756	3648617	2394
2021-04-10	18196820	368445	302892	65553	13453555	992728	3750521	13167622	5029214	0.158	0.060	7644926	5826686	1124640	1761928	4910112	4346229	944820	1001588	2734814	1480457	179820	760340	17166420	1030400	16	8673220	4780335	746333	246395	3748053	2468
2021-04-11	18457416	260596	210530	50066	13621393	1010762	3825245	13378152	5079280	0.161	0.061	7644926	5826686	1124640	1761928	4910112	4346229	944820	1001588	2734814	1480457	179820	760340	17421937	1035479	16	8794759	4826634	760650	250112	3822727	2518
2021-04-12	18873283	415867	338926	76941	13900296	1039554	3933417	13717078	5156221	0.165	0.062	7644926	5826686	1124640	1761928	4910112	4346229	944820	1001588	2734814	1480457	179820	760340	17789297	1083986	16	9005512	4894784	780725	258829	3930825	2592
2021-04-13	19444739	571456	497939	73517	14329433	1066341	4048949	14215017	5229738	0.171	0.063	7644926	5826686	1124640	1761928	4910112	4346229	944820	1001588	2734814	1480457	179820	760340	18164623	1280116	16	9366813	4962620	802022	264319	4046166	2783
2021-04-14	20219062	774323	690814	83509	14946762	1099953	4172331	14905831	5313247	0.179	0.064	7644926	5826686	1124640	1761928	4910112	4346229	944820	1001588	2734814	1480457	179820	760340	18565149	1653913	16	9909857	5036905	826978	272975	4168980	3351
2021-04-15	20899032	679970	609073	70897	15479793	1136400	4282823	15514904	5384144	0.187	0.065	7644926	5826686	1124640	1761928	4910112	4346229	944820	1001588	2734814	1480457	179820	760340	18949490	1949542	16	10381820	5097973	854554	281846	4278514	4309
2021-04-16	21492562	593530	518151	75379	15916761	1167849	4407936	16033055	5459523	0.193	0.066	7644926	5826686	1124640	1761928	4910112	4346229	944820	1001588	2734814	1480457	179820	760340	19348181	2144381	16	10753127	5163634	877131	290718	4402781	5155
2021-04-17	21854865	362303	305819	56484	16140301	1189993	4524555	16338874	5516007	0.196	0.066	7644926	5826686	1124640	1761928	4910112	4346229	944820	1001588	2734814	1480457	179820	760340	19688680	2166185	16	10928740	5211561	892189	297804	4517929	6626
2021-04-18	22121051	266186	226963	39223	16311687	1204407	4604941	16565837	5555230	0.199	0.067	7644926	5826686	1124640	1761928	4910112	4346229	944820	1001588	2734814	1480457	179820	760340	19950255	2170796	16	11065862	5245825	902743	301664	4597216	7725
2021-04-19	22520177	399126	338339	60787	16601302	1236305	4682553	16904177	5616017	0.203	0.068	7644926	5826686	1124640	1761928	4910112	4346229	944820	1001588	2734814	1480457	179820	760340	20305050	2215127	17	11303776	5297526	926816	309489	4673568	8985
2021-04-20	23075612	555435	493819	61616	16979584	1274204	4821807	17397996	5677633	0.209	0.068	7644926	5826686	1124640	1761928	4910112	4346229	944820	1001588	2734814	1480457	179820	760340	20666034	2409578	17	11628742	5350842	958429	315775	4810808	10999
2021-04-21	23789302	713690	641938	71752	17429192	1313739	5046354	18039934	5749385	0.217	0.069	7644926	5826686	1124640	1761928	4910112	4346229	944820	1001588	2734814	1480457	179820	760340	21040576	2748726	17	12016750	5412442	990274	323465	5032893	13461
2021-04-22	24423415	634113	568000	66113	17809347	1355253	5258798	18607934	5815498	0.224	0.070	7644926	5826686	1124640	1761928	4910112	4346229	944820	1001588	2734814	1480457	179820	760340	21407430	3015985	17	12341697	5467650	1024491	330762	5241729	17069
2021-04-23	24974480	551065	483530	67535	18159522	1398011	5416930	19091464	5883033	0.230	0.071	7644926	5826686	1124640	1761928	4910112	4346229	944820	1001588	2734814	1480457	179820	760340	21790300	3184180	17	12637855	5521667	1057323	340688	5396269	20661
2021-04-24	25343613	369133	309375	59758	18398233	1447604	5497759	19400839	5942791	0.233	0.071	7644926	5826686	1124640	1761928	4910112	4346229	944820	1001588	2734814	1480457	179820	760340	22142522	3201091	17	12834670	5563563	1091491	356113	5474661	23098
2021-04-25	25626857	283244	235497	47747	18585847	1481509	5559484	19636336	5990538	0.236	0.072	7644926	5826686	1124640	1761928	4910112	4346229	944820	1001588	2734814	1480457	179820	760340	22419952	3206905	17	12986176	5599671	1115646	365863	5534497	24987
2021-04-26	26054644	427787	354567	73220	18901204	1522547	5630814	19990965	6063758	0.240	0.073	7644926	5826686	1124640	1761928	4910112	4346229	944820	1001588	2734814	1480457	179820	760340	22761147	3293497	79	13240808	5660396	1148118	374429	5601960	28854
2021-04-27	26838655	784011	693566	90445	19577013	1573969	5687140	20684985	6154203	0.249	0.074	7644926	5826686	1124640	1761928	4910112	4346229	944820	1001588	2734814	1480457	179820	760340	23130278	3708377	533	13840290	5736723	1190387	383582	5653775	33365
2021-04-28	27959215	1120560	993476	127084	20584642	1632807	5740520	21679174	6281287	0.261	0.076	7644926	5826686	1124640	1761928	4910112	4346229	944820	1001588	2734814	1480457	179820	760340	23521755	4437460	1246	14738974	5845668	1236994	395813	5701960	38560
2021-04-29	28900234	941019	808264	132755	21406377	1694681	5797053	22488315	6414042	0.270	0.077	7644926	5826686	1124640	1761928	4910112	4346229	944820	1001588	2734814	1480457	179820	760340	23904706	4995528	2123	15448698	5957679	1286868	407813	5750626	46427
2021-04-30	29699844	799610	662197	137413	22082239	1751120	5863535	23151339	6551455	0.278	0.079	7644926	5826686	1124640	1761928	4910112	4346229	944820	1001588	2734814	1480457	179820	760340	24304470	5395374	2950	16012321	6069918	1328331	422789	5807737	55798
2021-05-01	30035079	335235	259058	76177	22334498	1791685	5903377	23412966	6627632	0.282	0.080	7644926	5826686	1124640	1761928	4910112	4346229	944820	1001588	2734814	1480457	179820	760340	24615055	5420024	5519	16203317	6131181	1362584	429101	5841546	61831
2021-05-02	30298173	263094	195327	67767	22529415	1828884	5932553	23610095	6695399	0.284	0.081	7644926	5826686	1124640	1761928	4910112	4346229	944820	1001588	2734814	1480457	179820	760340	24870494	5427679	7321	16342285	6187130	1394442	434442	5866047	66506
2021-05-03	30747365	449192	333573	115619	22845534	1897859	5995168	23945151	6811018	0.288	0.082	7644926	5826686	1124640	1761928	4910112	4346229	944820	1001588	2734814	1480457	179820	760340	25225826	5521539	8804	16567745	6277789	1450568	447291	5918034	77134
2021-05-04	31586806	839441	678057	161384	23469851	1959757	6145658	24625944	6972402	0.296	0.084	7644926	5826686	1124640	1761928	4910112	4346229	944820	1001588	2734814	1480457	179820	760340	25598015	5988791	11540	17060502	6409349	1499155	460602	6054747	90911
2021-05-05	32720851	1134045	908028	226017	24312386	2036052	6357228	25537617	7198419	0.307	0.087	7644926	5826686	1124640	1761928	4910112	4346229	944820	1001588	2734814	1480457	179820	760340	26006096	6714755	15185	17722033	6590353	1550716	485336	6249683	107545
2021-05-06	33699061	978210	760838	217372	24997736	2125778	6557413	26301404	7415791	0.316	0.089	7644926	5826686	1124640	1761928	4910112	4346229	944820	1001588	2734814	1480457	179820	760340	26409195	7289866	18134	18233236	6764500	1619322	506456	6430712	126701
2021-05-07	34574307	875246	645491	229755	25576107	2209170	6767814	26949977	7645546	0.324	0.092	7644926	5826686	1124640	1761928	4910112	4346229	944820	1001588	2734814	1480457	179820	760340	26840425	7733882	21216	18642554	6933553	1673178	535992	6613029	154785
2021-05-08	34995155	420848	268547	152301	25841914	2280001	6850758	27219790	7797847	0.327	0.094	7644926	5826686	1124640	1761928	4910112	4346229	944820	1001588	2734814	1480457	179820	760340	27200782	7794373	22482	18796154	7045760	1724204	555797	6676950	173808
2021-05-09	35278306	283151	181265	101886	26035702	2335824	6883235	27402118	7899733	0.329	0.095	7644926	5826686	1124640	1761928	4910112	4346229	944820	1001588	2734814	1480457	179820	760340	27472898	7805408	23545	18910489	7125213	1769051	566773	6699033	184202
2021-05-10	35859715	581409	391229	190180	26405985	2413733	7012810	27796989	8089913	0.334	0.097	7644926	5826686	1124640	1761928	4910112	4346229	944820	1001588	2734814	1480457	179820	760340	27865409	7994306	27187	19139406	7266579	1826610	587123	6803786	209024
2021-05-11	36934343	1074628	792793	281835	27224459	2491635	7188014	28592830	8371748	0.344	0.101	7644926	5826686	1124640	1761928	4910112	4346229	944820	1001588	2734814	1480457	179820	760340	28286342	8648001	30235	19729559	7494900	1882200	609435	6950836	237178
2021-05-12	38333753	1399410	1040782	358628	28309674	2577203	7411936	29638317	8730376	0.356	0.105	7644926	5826686	1124640	1761928	4910112	4346229	944820	1001588	2734814	1480457	179820	760340	28729769	9603984	34940	20522032	7787642	1939173	638030	7142172	269764
2021-05-13	38754601	420848	264506	156342	28618240	2643559	7455802	29904883	8886718	0.360	0.107	7644926	5826686	1124640	1761928	4910112	4346229	944820	1001588	2734814	1480457	179820	760340	29077138	9677463	37000	20706701	7911539	1990099	653460	7171083	284719
2021-05-14	39496884	742283	519116	223167	29153415	2706517	7593144	30430807	9109885	0.366	0.110	7644926	5826686	1124640	1761928	4910112	4346229	944820	1001588	2734814	1480457	179820	760340	29468084	10028800	43808	21066899	8086516	2038017	668500	7282083	311061
2021-05-15	39886821	389937	229850	160087	29425138	2764754	7648930	30664848	9269972	0.369	0.111	7644926	5826686	1124640	1761928	4910112	4346229	944820	1001588	2734814	1480457	179820	760340	29810355	10076466	47999	21221103	8204035	2079895	684859	7315851	333079
2021-05-16	40162942	276121	157981	118140	29620435	2816571	7673367	30827399	9388112	0.371	0.113	7644926	5826686	1124640	1761928	4910112	4346229	944820	1001588	2734814	1480457	179820	760340	30070471	10092471	52569	21325906	8294529	2121824	694747	7327100	346267
2021-05-17	40704995	542053	344125	197928	29952595	2897171	7792583	31181601	9586040	0.375	0.115	7644926	5826686	1124640	1761928	4910112	4346229	944820	1001588	2734814	1480457	179820	760340	30443206	10261789	62646	21516814	8435781	2179538	717633	7422603	369980
2021-05-18	41567941	862946	514216	348730	30538677	2996634	7962746	31703055	9934770	0.381	0.119	7644926	5826686	1124640	1761928	4910112	4346229	944820	1001588	2734814	1480457	179820	760340	30851148	10716793	69884	21813453	8725224	2252023	744611	7567695	395051
2021-05-19	42639298	1071357	555973	515384	31329821	3087631	8141466	32269524	10450154	0.388	0.126	7644926	5826686	1124640	1761928	4910112	4346229	944820	1001588	2734814	1480457	179820	760340	31242727	11396571	80380	22153453	9176368	2314822	772809	7720869	420597
2021-05-20	43549672	910374	444696	465678	31990150	3175990	8293287	32724085	10915832	0.393	0.131	7644926	5826686	1124640	1761928	4910112	4346229	944820	1001588	2734814	1480457	179820	760340	31622158	11927514	90245	22409631	9580519	2374685	801305	7849524	443763
