date	dosen_kumulativ	dosen_differenz_zum_vortag	dosen_erst_differenz_zum_vortag	dosen_zweit_differenz_zum_vortag	dosen_biontech_kumulativ	dosen_moderna_kumulativ	dosen_astrazeneca_kumulativ	personen_erst_kumulativ	personen_voll_kumulativ	impf_quote_erst	impf_quote_voll	indikation_alter_dosen	indikation_beruf_dosen	indikation_medizinisch_dosen	indikation_pflegeheim_dosen	indikation_alter_erst	indikation_beruf_erst	indikation_medizinisch_erst	indikation_pflegeheim_erst	indikation_alter_voll	indikation_beruf_voll	indikation_medizinisch_voll	indikation_pflegeheim_voll	dosen_dim_kumulativ	dosen_kbv_kumulativ	dosen_johnson_kumulativ	dosen_biontech_erst_kumulativ	dosen_biontech_zweit_kumulativ	dosen_moderna_erst_kumulativ	dosen_moderna_zweit_kumulativ	dosen_astrazeneca_erst_kumulativ	dosen_astrazeneca_zweit_kumulativ	dosen_erst_kumulativ	dosen_zweit_kumulativ
2020-12-27	24099	24099	24086	13	24097	2	0	24086	13	0.000	0.000	10705	8657	1305	12604	10664	8590	1305	12536	41	67	0	68	24099	0	0	24084	13	2	0	0	0	24086	13
2020-12-28	42066	17967	17805	162	42064	2	0	41891	175	0.001	0.000	18621	15788	1991	21344	18580	15721	1991	21276	41	67	0	68	42066	0	0	41889	175	2	0	0	0	41891	175
2020-12-29	92091	50025	49291	734	92088	2	1	91182	909	0.001	0.000	34989	40734	3107	40508	34724	40420	3107	40099	265	314	0	409	92091	0	0	91179	909	2	0	1	0	91182	909
2020-12-30	155579	63488	63350	138	155576	2	1	154532	1047	0.002	0.000	55510	73365	4901	63206	55243	73050	4901	62794	267	315	0	412	155579	0	0	154529	1047	2	0	1	0	154532	1047
2020-12-31	205273	49694	49605	89	205270	2	1	204137	1136	0.002	0.000	72831	96719	6752	83965	72517	96367	6752	83476	314	352	0	489	205273	0	0	204134	1136	2	0	1	0	204137	1136
2021-01-01	230617	25344	25335	9	230606	7	4	229472	1145	0.003	0.000	81208	105449	7830	92301	80894	105097	7830	91812	314	352	0	489	230617	0	0	229462	1144	7	0	3	1	229472	1145
2021-01-02	278568	47951	47665	286	278557	7	4	277137	1431	0.003	0.000	102774	129731	10350	113258	102365	129304	10350	112629	409	427	0	629	278568	0	0	277127	1430	7	0	3	1	277137	1431
2021-01-03	300978	22410	22405	5	300966	8	4	299542	1436	0.004	0.000	113044	140227	11284	123279	112635	139800	11284	122650	409	427	0	629	300978	0	0	299531	1435	8	0	3	1	299542	1436
2021-01-04	346800	45822	45726	96	346787	9	4	345268	1532	0.004	0.000	129646	164913	13951	139091	129237	164486	13951	138462	409	427	0	629	346800	0	0	345256	1531	9	0	3	1	345268	1532
2021-01-05	398772	51972	51635	337	398758	10	4	396903	1869	0.005	0.000	147987	192565	16489	157656	147576	192117	16489	157025	411	448	0	631	398772	0	0	396890	1868	10	0	3	1	396903	1869
2021-01-06	461227	62455	62363	92	461204	16	7	459266	1961	0.006	0.000	169498	225530	19910	180812	169086	225082	19910	180181	412	448	0	631	461227	0	0	459245	1959	16	0	5	2	459266	1961
2021-01-07	515192	53965	53943	22	515164	19	9	513209	1983	0.006	0.000	189172	254868	22957	197233	188758	254418	22957	196600	414	450	0	633	515192	0	0	513183	1981	19	0	7	2	513209	1983
2021-01-08	576849	61657	61549	108	576769	70	10	574758	2091	0.007	0.000	211521	287315	26324	218219	211009	286711	26320	217449	512	604	4	770	576849	0	0	574680	2089	70	0	8	2	574758	2091
2021-01-09	636815	59966	59818	148	636731	73	11	634576	2239	0.008	0.000	237322	313238	29007	243325	236798	312599	29003	242545	524	639	4	780	636815	0	0	634495	2236	73	0	8	3	634576	2239
2021-01-10	672068	35253	35104	149	671976	81	11	669680	2388	0.008	0.000	252455	327794	30379	256315	251929	327151	30375	255535	526	643	4	780	672068	0	0	669592	2384	80	1	8	3	669680	2388
2021-01-11	739565	67497	67395	102	739458	94	13	737075	2490	0.009	0.000	277513	359176	33587	276774	276967	358513	33583	275968	546	663	4	806	739565	0	0	736978	2480	87	7	10	3	737075	2490
2021-01-12	817834	78269	78205	64	817711	109	14	815280	2554	0.010	0.000	305695	401338	36582	301731	305147	400670	36578	300888	548	668	4	843	817834	0	0	815168	2543	102	7	10	4	815280	2554
2021-01-13	928569	110735	110534	201	927278	1277	14	925814	2755	0.011	0.000	345167	458844	40485	337339	344574	458093	40466	336399	593	751	19	940	928569	0	0	924534	2744	1270	7	10	4	925814	2755
2021-01-14	1011688	83119	82897	222	1005251	6423	14	1008711	2977	0.012	0.000	374803	501101	42769	361463	374094	500254	42750	360452	709	847	19	1011	1011688	0	0	1002329	2922	6372	51	10	4	1008711	2977
2021-01-15	1102156	90468	89622	846	1090449	11688	19	1098333	3823	0.013	0.000	408725	545673	46728	389202	407810	544625	46700	387982	915	1048	28	1220	1102156	0	0	1086681	3768	11637	51	15	4	1098333	3823
2021-01-16	1159490	57334	56313	1021	1146103	13367	20	1154646	4844	0.014	0.000	432983	570627	48859	408798	431664	569232	48767	407047	1319	1395	92	1751	1159490	0	0	1141314	4789	13316	51	16	4	1154646	4844
2021-01-17	1207047	47557	29785	17772	1192397	14628	21	1184432	22616	0.014	0.000	453449	591002	50884	428544	444215	583354	50014	417145	9234	7648	870	11399	1207047	0	1	1169837	22560	14577	51	17	4	1184431	22616
2021-01-18	1288954	81907	66164	15743	1270161	18770	22	1250596	38359	0.015	0.000	482728	633883	53106	448900	467235	619730	51700	430238	15493	14153	1406	18662	1288954	0	1	1231860	38301	18717	53	18	4	1250595	38359
2021-01-19	1407754	118800	82350	36450	1385292	22431	30	1332946	74809	0.016	0.001	519765	695968	56714	479843	492669	666683	54375	447938	27096	29285	2339	31905	1407754	0	1	1310545	74747	22374	57	26	4	1332945	74809
2021-01-20	1539931	132177	77604	54573	1514724	25173	33	1410550	129382	0.017	0.002	568076	760039	60957	522078	522876	706310	57505	469463	45200	53729	3452	52615	1539931	0	1	1385404	129320	25116	57	29	4	1410549	129382
2021-01-21	1644912	104981	63661	41320	1616963	27913	35	1474211	170702	0.018	0.002	610150	808503	65406	556195	549621	735602	60889	487988	60529	72901	4517	68207	1644912	0	1	1446325	170638	27855	58	30	5	1474210	170702
2021-01-22	1746532	101620	68046	33574	1716388	30100	43	1542257	204276	0.019	0.002	654049	853889	69013	590642	579902	764987	63599	506975	74147	88902	5414	83667	1746532	0	1	1512181	204207	30037	63	38	5	1542256	204276
2021-01-23	1833114	86582	40464	46118	1802613	30454	46	1582721	250394	0.019	0.003	691767	890989	72414	617916	599855	780966	64783	516268	91912	110023	7631	101648	1833114	0	1	1552289	250324	30390	64	41	5	1582720	250394
2021-01-24	1880406	47292	25458	21834	1849703	30652	50	1608179	272228	0.019	0.003	715655	910067	73331	632982	614016	789814	65130	521524	101639	120253	8201	111458	1880406	0	1	1577545	272158	30588	64	45	5	1608178	272228
2021-01-25	1971448	91042	52273	38769	1939326	32068	53	1660452	310997	0.020	0.004	756375	951632	76827	658117	642321	811974	66847	534304	114054	139658	9980	123813	1971448	0	1	1628402	310924	32001	67	48	5	1660451	310997
2021-01-26	2068984	97536	50631	46905	2035420	33503	60	1711083	357902	0.021	0.004	796572	997196	80614	684405	667753	831436	68195	545278	128819	165760	12419	139127	2068984	0	1	1677595	357825	33432	71	55	5	1711082	357902
2021-01-27	2178356	109372	50803	58569	2142998	35289	68	1761886	416471	0.021	0.005	839834	1049509	85786	715259	691463	852265	70042	556304	148371	197244	15744	158955	2178356	0	1	1726616	416382	35206	83	63	5	1761885	416471
2021-01-28	2270632	92276	46381	45895	2233643	36917	71	1808267	462366	0.022	0.006	877990	1090332	89974	739697	713483	869115	71590	567469	164507	221217	18384	172228	2270632	0	1	1771454	462189	36746	171	66	5	1808266	462366
2021-01-29	2378399	107767	49984	57783	2339923	38397	78	1858251	520149	0.022	0.006	920894	1138243	95507	769100	735839	888487	73819	578309	185055	249756	21688	190791	2378399	0	1	1819952	519971	38225	172	73	5	1858250	520149
2021-01-30	2466410	88011	34359	53652	2427052	39277	80	1892610	573801	0.023	0.007	957412	1174692	99468	796433	752473	901967	75224	586328	204939	272725	24244	210105	2466410	0	1	1853432	573620	39103	174	74	6	1892609	573801
2021-01-31	2523279	56869	25752	31117	2483540	39653	85	1918362	604918	0.023	0.007	982865	1196922	101575	812430	766590	910861	76411	592657	216275	286061	25164	219773	2523279	0	1	1878812	604728	39471	182	78	7	1918361	604918
2021-02-01	2642805	119526	57967	61559	2600806	41862	136	1976329	666477	0.024	0.008	1026174	1260299	105285	839830	787193	944041	78273	602425	238981	316258	27012	237405	2642805	0	1	1934521	666285	41678	184	129	7	1976328	666477
2021-02-02	2774813	132008	64792	67216	2729740	44923	149	2041121	733693	0.025	0.009	1069633	1330364	110479	870030	806216	982089	80866	611659	263417	348275	29613	258371	2774813	0	1	1996240	733500	44738	185	142	7	2041120	733693
2021-02-03	2935841	161028	63527	97501	2884413	51251	175	2104649	831194	0.025	0.010	1128983	1407775	116405	912544	829819	1014401	83062	623312	299164	393374	33343	289232	2935841	0	2	2053419	830994	51060	191	168	7	2104647	831194
2021-02-04	3068965	133124	61194	71930	3011699	57084	180	2165843	903124	0.026	0.011	1177986	1472437	120972	943857	851937	1046473	85311	632945	326049	425964	35661	310912	3068965	0	2	2108778	902921	56890	194	173	7	2165841	903124
2021-02-05	3215479	146514	68896	77618	3151756	63533	188	2234739	980742	0.027	0.012	1232524	1542580	126293	977786	877231	1080338	86905	644262	355293	462242	39388	333524	3215479	0	2	2171352	980404	63205	328	180	8	2234737	980742
2021-02-06	3309143	93664	45374	48290	3242793	66159	189	2280113	1029032	0.027	0.012	1272514	1588658	130853	1003590	896490	1101898	88782	653957	376024	486760	42071	349633	3309143	0	2	2214099	1028694	65831	328	181	8	2280111	1029032
2021-02-07	3362447	53304	28252	25052	3293769	68485	191	2308365	1054084	0.028	0.013	1298155	1609930	133571	1016823	910800	1112720	90015	659435	387355	497210	43556	357388	3362447	0	2	2240024	1053745	68156	329	183	8	2308363	1054084
2021-02-08	3471291	108844	52866	55978	3398765	72306	218	2361231	1110062	0.028	0.013	1350672	1655734	137545	1035599	942269	1129343	91902	666781	408403	526391	45643	368818	3471291	0	2	2289043	1109722	71976	330	210	8	2361229	1110062
2021-02-09	3605337	134046	60196	73850	3529264	75740	331	2421427	1183912	0.029	0.014	1411842	1714380	141993	1058512	978151	1147503	94639	674792	433691	566877	47354	383720	3605337	0	2	2345882	1183382	75220	520	323	8	2421425	1183912
2021-02-10	3759501	154164	77317	76847	3670862	79975	8662	2498744	1260759	0.030	0.015	1478760	1781046	146001	1087933	1017461	1175177	96286	685176	461299	605869	49715	402757	3759501	0	2	2411626	1259236	78474	1501	8642	20	2498742	1260759
2021-02-11	3903205	143704	75206	68498	3790984	87240	24977	2573952	1329257	0.031	0.016	1539776	1848576	151475	1113070	1052428	1208053	98713	694775	487348	640523	52762	418295	3903205	0	4	2466296	1324688	82709	4531	24943	34	2573948	1329257
2021-02-12	4058285	155080	79514	75566	3922541	96537	39200	2653469	1404823	0.032	0.017	1611268	1919253	157751	1138545	1094198	1240389	101429	704318	517070	678864	56322	434227	4058285	0	7	2527339	1395202	87281	9256	38842	358	2653462	1404823
2021-02-13	4165653	107368	61923	45445	4013302	99794	52549	2715393	1450268	0.033	0.017	1667599	1960972	162355	1156080	1129093	1262877	103231	711418	538506	698095	59124	444662	4165653	0	8	2574208	1439094	88993	10801	52184	365	2715385	1450268
2021-02-14	4230861	65208	39494	25714	4068791	102268	59793	2754888	1475982	0.033	0.018	1706122	1983696	163973	1164146	1153761	1276081	104081	714928	552361	707615	59892	449218	4230861	0	9	2605209	1463582	90263	12005	59407	386	2754879	1475982
2021-02-15	4356125	125264	69521	55743	4173371	107497	75247	2824410	1531725	0.034	0.018	1773591	2031897	168008	1183418	1194859	1300739	106358	721524	578732	731158	61650	461894	4356125	0	10	2657021	1516350	92535	14962	74844	403	2824400	1531725
2021-02-16	4490225	134100	77748	56352	4281764	113616	94834	2902159	1588077	0.035	0.019	1839625	2089928	170683	1200400	1236633	1336138	107879	728440	602992	753790	62804	471960	4490225	0	11	2712469	1569295	95260	18356	94419	415	2902148	1588077
2021-02-17	4640983	150758	94457	56301	4403770	121613	115588	2996617	1644378	0.036	0.020	1920033	2147919	175770	1221928	1292995	1368705	110873	736858	627038	779214	64897	485070	4640983	0	12	2781372	1622398	100072	21541	115161	427	2996605	1644378
2021-02-18	4785229	144246	91261	52985	4515955	129837	139424	3087879	1697363	0.037	0.020	1995907	2206102	179208	1240945	1345328	1403985	112659	744258	650579	802117	66549	496687	4785229	0	13	2844119	1671836	104754	25083	138993	431	3087866	1697363
2021-02-19	4943549	158320	102768	55552	4636900	139797	166838	3190648	1752915	0.038	0.021	2076668	2266444	184080	1258305	1402958	1440066	115287	750941	673710	826378	68793	507364	4943549	0	14	2912629	1724271	111704	28093	166301	537	3190634	1752915
2021-02-20	5055612	112063	75795	36268	4723276	144261	188060	3266444	1789183	0.039	0.022	2138268	2310157	187738	1272296	1445964	1469322	117533	755178	692304	840835	70205	517118	5055612	0	15	2963180	1760096	115736	28525	187513	547	3266429	1789183
2021-02-21	5141409	85797	57420	28377	4789783	147902	203708	3323865	1817560	0.040	0.022	2187054	2340674	190304	1282667	1479917	1489494	118664	757407	707137	851180	71640	525260	5141409	0	16	3001476	1788307	119218	28684	203155	553	3323849	1817560
2021-02-22	5296734	155325	97577	57748	4912502	156896	227319	3421443	1875308	0.041	0.023	2266701	2410287	195201	1300517	1538362	1525084	121627	763642	728339	885203	73574	536875	5296734	0	17	3068228	1844274	126444	30452	226754	565	3421426	1875308
2021-02-23	5466377	169643	109157	60486	5046090	164105	256164	3530601	1935794	0.042	0.023	2346910	2483166	200501	1318387	1598211	1563793	124757	771284	748699	919373	75744	547103	5466377	0	18	3143001	1903089	131995	32110	255587	577	3530583	1935794
2021-02-24	5641997	175620	116481	59139	5177446	171716	292816	3647083	1994933	0.044	0.024	2431789	2557990	207079	1337422	1660503	1608669	128907	778912	771286	949321	78172	558510	5641997	0	19	3216923	1960523	137920	33796	292221	595	3647064	1994933
2021-02-25	5830725	188728	129752	58976	5308569	178475	343662	3776835	2053909	0.045	0.025	2514175	2648479	213515	1355541	1722988	1667176	133470	787131	791187	981303	80045	568410	5830725	0	19	3290612	2017957	143150	35325	343054	608	3776816	2053909
2021-02-26	6043026	212301	145465	66836	5449237	187307	406463	3922300	2120745	0.047	0.025	2602819	2749814	220591	1375230	1787946	1735795	138593	794627	814873	1014019	81998	580603	6043026	0	19	3366134	2083103	150366	36941	405781	682	3922281	2120745
2021-02-27	6190746	147720	107825	39895	5541894	191389	457444	4030125	2160640	0.048	0.026	2666475	2822116	227301	1388101	1833818	1790224	143432	799030	832657	1031892	83869	589071	6190746	0	19	3419636	2122258	153716	37673	456754	690	4030106	2160640
2021-02-28	6293577	102831	78768	24063	5603171	195342	495044	4108894	2184703	0.049	0.026	2714700	2875405	231582	1394762	1868893	1834535	146785	801170	845807	1040870	84797	593592	6293577	0	20	3457221	2145950	157317	38025	494336	708	4108874	2184703
2021-03-01	6491677	198100	148275	49825	5733318	204966	553373	4257169	2234528	0.051	0.027	2817221	2953369	239381	1408021	1943445	1896228	153263	806209	873776	1057141	86118	601812	6491677	0	20	3539580	2193738	164919	40047	552650	723	4257149	2234528
2021-03-02	6710253	218576	166474	52102	5873080	214956	622197	4423643	2286630	0.053	0.027	2927307	3047588	248982	1422628	2022735	1971725	160632	812692	904572	1075863	88350	609936	6710253	0	20	3630137	2242943	172034	42922	621452	745	4423623	2286630
2021-03-03	6956450	246197	175773	70424	6029985	229905	696540	4599416	2357054	0.055	0.028	3047976	3148969	260606	1439862	2105531	2048823	170041	819606	942445	1100146	90565	620256	6956450	0	20	3722569	2307416	181107	48798	695720	820	4599396	2357054
2021-03-04	7200901	244451	181627	62824	6171007	244374	785500	4781043	2419878	0.057	0.029	3159240	3258741	272992	1455625	2181653	2136963	180034	825002	977587	1121778	92958	630623	7200901	0	20	3806205	2364802	190181	54193	784637	863	4781023	2419878
2021-03-05	7476536	275635	207094	68541	6320482	257739	898294	4988138	2488419	0.060	0.030	3277185	3383782	287941	1471072	2258903	2242620	191990	830697	1018282	1141162	95951	640375	7476536	0	21	3893149	2427333	197586	60153	897382	912	4988117	2488419
2021-03-06	7678216	201680	153031	48649	6429704	266179	982312	5141169	2537068	0.062	0.031	3366696	3478463	298371	1480590	2314602	2325555	200824	833966	1052094	1152908	97547	646624	7678216	0	21	3955981	2473723	203788	62391	981379	933	5141148	2537068
2021-03-07	7825751	147535	114048	33487	6509444	272835	1043451	5255217	2570555	0.063	0.031	3437978	3544531	306478	1486155	2360956	2383880	208082	835928	1077022	1160651	98396	650227	7825751	0	21	4004591	2504853	208107	64728	1042498	953	5255196	2570555
2021-03-08	8063204	237453	185860	51593	6643351	283790	1136042	5441077	2622148	0.065	0.032	3556806	3640371	322827	1498475	2442587	2468035	222757	841890	1114219	1172336	100070	656585	8063204	0	21	4090309	2553042	215699	68091	1135048	994	5441056	2622148
2021-03-09	8315413	252209	197359	54850	6783453	296575	1235364	5638436	2676998	0.068	0.032	3677710	3742787	340236	1512022	2524321	2558568	238262	848791	1153389	1184219	101974	663231	8315413	0	21	4179098	2604355	225011	71564	1234306	1058	5638415	2676998
2021-03-10	8603703	288290	221252	67038	6942508	308752	1352421	5859689	2744036	0.070	0.033	3808598	3856306	360962	1530389	2606688	2661880	256906	860000	1201910	1194426	104056	670389	8602732	971	22	4274727	2667781	233630	75122	1351310	1111	5859667	2744036
2021-03-11	8887938	284235	223344	60891	7090138	322470	1475308	6083033	2804927	0.073	0.034	3937470	3976178	382106	1544008	2689957	2769533	276555	867677	1247513	1206645	105551	676331	8886312	1626	22	4365871	2724267	243000	79470	1474140	1168	6083011	2804927
2021-03-12	9214399	326461	255604	70857	7241713	339765	1632899	6338637	2875784	0.076	0.035	4071484	4127850	404783	1559463	2770420	2906954	297406	877132	1301064	1220896	107377	682331	9212563	1836	22	4451384	2790329	255702	84063	1631529	1370	6338615	2875784
2021-03-13	9454988	240589	190309	50280	7357726	349333	1747907	6528946	2926064	0.079	0.035	4181046	4240796	425293	1567511	2840453	3011727	316755	881879	1340593	1229069	108538	685632	9452996	1992	22	4518570	2839156	263929	85404	1746425	1482	6528924	2926064
2021-03-14	9625031	170043	134381	35662	7445772	354845	1824392	6663327	2961726	0.080	0.036	4266043	4307307	441408	1570975	2896461	3072888	331859	883676	1369582	1234419	109549	687299	9623029	2002	22	4571950	2873822	268466	86379	1822889	1503	6663305	2961726
2021-03-15	9872677	247646	188422	59224	7598522	367582	1906551	6851749	3020950	0.082	0.036	4400463	4391447	461474	1582289	2984151	3147219	350790	890548	1416312	1244228	110684	691741	9870392	2285	22	4667265	2931257	279503	88079	1904959	1592	6851727	3020950
2021-03-16	10051574	178897	110734	68163	7765152	378834	1907566	6962483	3089113	0.084	0.037	4527474	4426082	473886	1593025	3059300	3169255	361553	895647	1468174	1256827	112333	697378	10048742	2832	22	4768221	2996931	288270	90564	1905970	1596	6962461	3089113
2021-03-17	10256532	204958	124034	80924	7951381	396821	1908308	7086517	3170037	0.085	0.038	4672447	4463838	487350	1605072	3141952	3193652	373040	902175	1530495	1270186	114310	702897	10253083	3449	22	4878338	3073043	301450	95371	1906707	1601	7086495	3170037
2021-03-18	10450010	193478	117903	75575	8125543	414979	1909466	7204420	3245612	0.087	0.039	4812398	4498757	499905	1615322	3222615	3215628	383588	907340	1589783	1283129	116317	707982	10446138	3872	22	4982126	3143417	314408	100571	1907864	1602	7204398	3245612
2021-03-19	10694702	244692	160537	84155	8310909	435767	1948004	7364957	3329767	0.089	0.040	4961948	4563922	518114	1627194	3306761	3267408	399605	914537	1655187	1296514	118509	712657	10690299	4403	22	5090200	3220709	328390	107377	1946345	1659	7364935	3329767
2021-03-20	10914956	220254	166991	53263	8446280	451062	2017592	7531948	3383030	0.091	0.041	5078536	4641917	537715	1633319	3379545	3337212	417708	917920	1698991	1304705	120007	715399	10910229	4727	22	5176172	3270108	339851	111211	2015903	1689	7531926	3383030
2021-03-21	11079447	164491	126302	38189	8548456	460251	2070718	7658250	3421219	0.092	0.041	5171749	4694283	554274	1635819	3440184	3384099	433219	919244	1731565	1310184	121055	716575	11074720	4727	22	5243429	3305027	345796	114455	2069003	1715	7658228	3421219
2021-03-22	11348587	269140	192750	76390	8714856	484040	2149669	7851000	3497609	0.094	0.042	5329624	4766248	576579	1645397	3534739	3445389	453483	925279	1794885	1320859	123096	720118	11342332	6255	22	5340894	3373962	362184	121856	2147900	1769	7850978	3497609
2021-03-23	11649292	300705	216865	83840	8896304	503751	2249215	8067865	3581449	0.097	0.043	5490190	4854892	604288	1656865	3629814	3521119	478432	932910	1860376	1333773	125856	723955	11638049	11243	22	5443530	3452774	376923	126828	2247390	1825	8067843	3581449
2021-03-24	11988316	339024	249414	89610	9096451	536778	2355065	8317279	3671059	0.100	0.044	5664852	4952071	635971	1672375	3732242	3605792	507202	944863	1932610	1346279	128769	727512	11971281	17035	22	5559449	3537002	404644	132134	2353164	1901	8317257	3671059
2021-03-25	12320938	332622	251473	81149	9281951	564440	2474525	8568752	3752208	0.103	0.045	5830941	5060081	670798	1683452	3832663	3703768	539527	951994	1998278	1356313	131271	731458	12297958	22980	22	5669482	3612469	426735	137705	2472513	2012	8568730	3752208
2021-03-26	12694687	373749	285346	88403	9481496	601601	2611568	8854098	3840611	0.106	0.046	6003833	5184282	710463	1698535	3933360	3816071	576057	962322	2070473	1368211	134406	736213	12665393	29294	22	5787419	3694077	457192	144409	2609465	2103	8854076	3840611
2021-03-27	12975905	281218	218884	62334	9631056	629217	2715609	9072983	3902945	0.109	0.047	6147056	5279869	744190	1703356	4023632	3903670	607441	965464	2123424	1376199	136749	737892	12944261	31644	23	5877812	3753244	481698	147519	2713450	2159	9072960	3902945
2021-03-28	13172294	196389	143124	53265	9746403	647720	2778148	9216107	3956210	0.111	0.048	6253046	5333384	768116	1706823	4085867	3950861	629648	967502	2167179	1382523	138468	739321	13140459	31835	23	5943220	3803183	496927	150793	2775937	2211	9216084	3956210
2021-03-29	13477860	305566	216994	88572	9935108	672709	2870020	9433101	4044782	0.113	0.049	6418833	5404751	806706	1716518	4180272	4010842	665103	973637	2238561	1393909	141603	742881	13440077	37783	23	6050217	3884891	515113	157596	2867748	2272	9433078	4044782
2021-03-30	13806869	329009	236415	92594	10153780	697125	2955941	9669516	4137376	0.116	0.050	6591913	5474211	853024	1727240	4280843	4069380	706095	981320	2311070	1404831	146929	745920	13756950	49919	23	6182812	3970968	533072	164053	2953609	2332	9669493	4137376
2021-03-31	14143060	336191	234688	101503	10401259	733165	3008613	9904204	4238879	0.119	0.051	6774517	5538855	899988	1738789	4384637	4121392	747318	988525	2389880	1417463	152670	750264	14076826	66234	23	6336789	4064470	561146	172019	3006246	2367	9904181	4238879
2021-04-01	14469681	326621	235917	90704	10640136	765614	3063908	10140121	4329583	0.122	0.052	6936269	5606629	944397	1747554	4476928	4175958	787230	994147	2459341	1430671	157167	753407	14383368	86313	23	6492901	4147235	585698	179916	3061499	2409	10140098	4329583
2021-04-02	14695359	225678	157711	67967	10819652	780002	3095682	10297832	4397550	0.124	0.053	7067172	5654574	981393	1749910	4552089	4213818	820223	995356	2515083	1440756	161170	754554	14607522	87837	23	6608818	4210834	595745	184257	3093246	2436	10297809	4397550
2021-04-03	14927175	231816	167457	64359	10993781	795802	3137569	10465289	4461909	0.126	0.054	7198861	5698683	1018737	1753036	4633025	4248782	853330	997097	2565836	1449901	165407	755939	14837939	89236	23	6723472	4270309	606699	189103	3135095	2474	10465266	4461909
2021-04-04	15120110	192935	142567	50368	11125978	805864	3188245	10607856	4512277	0.128	0.054	7309766	5731715	1048001	1754173	4704262	4274251	879171	997551	2605504	1457464	168830	756622	15030738	89372	23	6809235	4316743	612870	192994	3185728	2517	10607833	4512277
2021-04-05	15367902	247792	177608	70184	11290938	823724	3253217	10785464	4582461	0.130	0.055	7456036	5770066	1081529	1756372	4794323	4302940	907924	998846	2661713	1467126	173605	757526	15277220	90682	23	6908822	4382116	625950	197774	3250669	2548	10785441	4582461
2021-04-06	15741617	373715	279011	94704	11545888	855937	3339769	11064475	4677165	0.133	0.056	7644926	5826686	1124640	1761928	4910112	4346229	944820	1001588	2734814	1480457	179820	760340	15614308	127309	23	7077829	4468059	649470	206467	3337153	2616	11064452	4677165
2021-04-07	16409540	667923	571558	96365	12087971	892962	3428584	11636033	4773530	0.140	0.057	7644926	5826686	1124640	1761928	4910112	4346229	944820	1001588	2734814	1480457	179820	760340	15976567	432973	23	7532234	4555737	677891	215071	3425885	2699	11636010	4773530
2021-04-08	17108135	698595	610931	87664	12659271	928589	3520252	12246964	4861194	0.147	0.058	7644926	5826686	1124640	1761928	4910112	4346229	944820	1001588	2734814	1480457	179820	760340	16350284	757851	23	8024925	4634346	704544	224045	3517472	2780	12246941	4861194
2021-04-09	17739746	631611	542719	88892	13149292	965155	3625276	12789683	4950086	0.154	0.060	7644926	5826686	1124640	1761928	4910112	4346229	944820	1001588	2734814	1480457	179820	760340	16742392	997354	23	8437571	4711721	729675	235480	3622414	2862	12789660	4950086
2021-04-10	18112324	372578	307528	65050	13397782	988377	3726142	13097211	5015136	0.157	0.060	7644926	5826686	1124640	1761928	4910112	4346229	944820	1001588	2734814	1480457	179820	760340	17081924	1030400	23	8628754	4769028	745216	243161	3723218	2924	13097188	5015136
2021-04-11	18376237	263913	213594	50319	13568150	1007043	3801021	13310805	5065455	0.160	0.061	7644926	5826686	1124640	1761928	4910112	4346229	944820	1001588	2734814	1480457	179820	760340	17340758	1035479	23	8752826	4815324	759935	247108	3798021	3000	13310782	5065455
2021-04-12	18794765	418528	342153	76375	13847009	1036229	3911503	13652959	5141830	0.164	0.062	7644926	5826686	1124640	1761928	4910112	4346229	944820	1001588	2734814	1480457	179820	760340	17710779	1083986	24	8963837	4883172	780648	255581	3908450	3053	13652935	5141830
2021-04-13	19371527	576762	503098	73664	14279271	1063444	4028788	14156057	5215494	0.170	0.063	7644926	5826686	1124640	1761928	4910112	4346229	944820	1001588	2734814	1480457	179820	760340	18091411	1280116	24	9328070	4951201	802422	261022	4025541	3247	14156033	5215494
2021-04-14	20146390	774863	691705	83158	14895689	1096981	4153696	14847762	5298652	0.179	0.064	7644926	5826686	1124640	1761928	4910112	4346229	944820	1001588	2734814	1480457	179820	760340	18492477	1653913	24	9870392	5025297	827455	269526	4149891	3805	14847738	5298652
2021-04-15	20826497	680107	609926	70181	15429618	1133185	4263669	15457689	5368833	0.186	0.065	7644926	5826686	1124640	1761928	4910112	4346229	944820	1001588	2734814	1480457	179820	760340	18876955	1949542	25	10343696	5085922	855048	278137	4258920	4749	15457664	5368833
2021-04-16	21422959	596462	522342	74120	15867730	1165720	4389484	15980031	5442953	0.192	0.065	7644926	5826686	1124640	1761928	4910112	4346229	944820	1001588	2734814	1480457	179820	760340	19278578	2144381	25	10716862	5150868	879212	286508	4383932	5552	15980006	5442953
2021-04-17	21788946	365987	309378	56609	16092604	1188403	4507914	16289409	5499562	0.196	0.066	7644926	5826686	1124640	1761928	4910112	4346229	944820	1001588	2734814	1480457	179820	760340	19622761	2166185	25	10893745	5198859	894761	293642	4500878	7036	16289384	5499562
2021-04-18	22058366	269420	230424	38996	16264641	1203785	4589915	16519833	5538558	0.199	0.067	7644926	5826686	1124640	1761928	4910112	4346229	944820	1001588	2734814	1480457	179820	760340	19887570	2170796	25	11031844	5232797	906252	297533	4581712	8203	16519808	5538558
2021-04-19	22460607	402241	340855	61386	16558442	1236704	4665435	16860689	5599944	0.203	0.067	7644926	5826686	1124640	1761928	4910112	4346229	944820	1001588	2734814	1480457	179820	760340	20245480	2215127	26	11273495	5284947	931254	305450	4655914	9521	16860663	5599944
2021-04-20	23021265	560658	497993	62665	16940369	1275920	4804950	17358682	5662609	0.209	0.068	7644926	5826686	1124640	1761928	4910112	4346229	944820	1001588	2734814	1480457	179820	760340	20611687	2409578	26	11601430	5338939	963876	312044	4793350	11600	17358656	5662609
2021-04-21	23742079	720814	647774	73040	17394599	1317611	5029843	18006456	5735649	0.217	0.069	7644926	5826686	1124640	1761928	4910112	4346229	944820	1001588	2734814	1480457	179820	760340	20993353	2748726	26	11993128	5401471	997509	320102	5015793	14050	18006430	5735649
2021-04-22	24380532	638453	571319	67134	17776313	1361261	5242932	18577775	5802783	0.223	0.070	7644926	5826686	1124640	1761928	4910112	4346229	944820	1001588	2734814	1480457	179820	760340	21364547	3015985	26	12318961	5457352	1033530	327731	5225258	17674	18577749	5802783
2021-04-23	24936676	556144	487290	68854	18129570	1404794	5402286	19065065	5871637	0.229	0.071	7644926	5826686	1124640	1761928	4910112	4346229	944820	1001588	2734814	1480457	179820	760340	21752496	3184180	26	12617398	5512172	1066580	338214	5381061	21225	19065039	5871637
2021-04-24	25302192	365516	306567	58949	18364541	1454133	5483492	19371632	5930586	0.233	0.071	7644926	5826686	1124640	1761928	4910112	4346229	944820	1001588	2734814	1480457	179820	760340	22101101	3201091	26	12811149	5553392	1100545	353588	5459912	23580	19371606	5930586
2021-04-25	25585051	282859	233815	49044	18552306	1487809	5544910	19605447	5979630	0.236	0.072	7644926	5826686	1124640	1761928	4910112	4346229	944820	1001588	2734814	1480457	179820	760340	22378146	3206905	26	12961517	5590789	1124356	363453	5519548	25362	19605421	5979630
2021-04-26	26017928	432877	358921	73956	18870190	1530280	5617363	19964437	6053586	0.240	0.073	7644926	5826686	1124640	1761928	4910112	4346229	944820	1001588	2734814	1480457	179820	760340	22724431	3293497	95	13217894	5652296	1158438	371842	5588010	29353	19964342	6053586
2021-04-27	26803229	785301	693409	91892	19546880	1581773	5674020	20658307	6145478	0.248	0.074	7644926	5826686	1124640	1761928	4910112	4346229	944820	1001588	2734814	1480457	179820	760340	23094852	3708377	556	13816749	5730131	1200809	380964	5640193	33827	20657751	6145478
2021-04-28	27926182	1122953	996000	126953	20555097	1642484	5727328	21655024	6272431	0.260	0.075	7644926	5826686	1124640	1761928	4910112	4346229	944820	1001588	2734814	1480457	179820	760340	23488722	4437460	1273	14716386	5838711	1248983	393501	5688382	38946	21653751	6272431
2021-04-29	28872093	945911	812504	133407	21379372	1706090	5784477	22468409	6405838	0.270	0.077	7644926	5826686	1124640	1761928	4910112	4346229	944820	1001588	2734814	1480457	179820	760340	23876565	4995528	2154	15428414	5950958	1300208	405882	5737633	46844	22466255	6405838
2021-04-30	29675685	803592	666580	137012	22057761	1763343	5851594	23135822	6542850	0.278	0.079	7644926	5826686	1124640	1761928	4910112	4346229	944820	1001588	2734814	1480457	179820	760340	24280311	5395374	2987	15995252	6062509	1342220	421123	5795363	56231	23132835	6542850
2021-05-01	30011789	336104	259848	76256	22310577	1804830	5890821	23398244	6619106	0.281	0.080	7644926	5826686	1124640	1761928	4910112	4346229	944820	1001588	2734814	1480457	179820	760340	24591765	5420024	5561	16186817	6123760	1377301	427529	5828565	62256	23392683	6619106
2021-05-02	30276722	264933	197550	67383	22506150	1842342	5920861	23597602	6686489	0.284	0.080	7644926	5826686	1124640	1761928	4910112	4346229	944820	1001588	2734814	1480457	179820	760340	24849043	5427679	7369	16326649	6179501	1409562	432780	5854022	66839	23590233	6686489
2021-05-03	30728265	451543	335187	116356	22824037	1912919	5982354	23934375	6802845	0.288	0.082	7644926	5826686	1124640	1761928	4910112	4346229	944820	1001588	2734814	1480457	179820	760340	25206726	5521539	8955	16553562	6270475	1466945	445974	5904913	77441	23925420	6802845
2021-05-04	31570827	842562	680858	161704	23450326	1976058	6132528	24618193	6964549	0.296	0.084	7644926	5826686	1124640	1761928	4910112	4346229	944820	1001588	2734814	1480457	179820	760340	25582036	5988791	11915	17048053	6402273	1516846	459212	6041379	91149	24606278	6964549
2021-05-05	32717494	1146667	914716	231951	24301193	2055017	6344899	25537379	7196500	0.307	0.087	7644926	5826686	1124640	1761928	4910112	4346229	944820	1001588	2734814	1480457	179820	760340	26002739	6714755	16385	17713842	6587351	1570305	484712	6236847	108052	25520994	7196500
2021-05-06	33707568	990074	766919	223155	24993761	2146910	6546318	26308492	7419655	0.316	0.089	7644926	5826686	1124640	1761928	4910112	4346229	944820	1001588	2734814	1480457	179820	760340	26417702	7289866	20579	18229289	6764472	1639809	507101	6418815	127503	26287913	7419655
2021-05-07	34597384	889816	651846	237970	25580724	2233594	6758633	26964192	7657625	0.324	0.092	7644926	5826686	1124640	1761928	4910112	4346229	944820	1001588	2734814	1480457	179820	760340	26863502	7733882	24433	18642349	6938375	1695530	538064	6601880	156753	26939759	7657625
2021-05-08	35023101	425717	271652	154065	25848377	2305362	6843212	27237561	7811690	0.328	0.094	7644926	5826686	1124640	1761928	4910112	4346229	944820	1001588	2734814	1480457	179820	760340	27228728	7794373	26150	18797111	7051266	1747473	557889	6666827	176385	27211411	7811690
2021-05-09	35309220	286119	183568	102551	26042267	2361911	6877826	27422195	7914241	0.330	0.095	7644926	5826686	1124640	1761928	4910112	4346229	944820	1001588	2734814	1480457	179820	760340	27503812	7805408	27216	18911737	7130530	1793226	568685	6690016	187810	27394979	7914241
2021-05-10	35898370	589150	395671	193479	26415402	2443605	7008418	27821595	8107720	0.335	0.097	7644926	5826686	1124640	1761928	4910112	4346229	944820	1001588	2734814	1480457	179820	760340	27904064	7994306	30945	19143130	7272272	1852758	590847	6794762	213656	27790650	8107720
2021-05-11	36984080	1085710	797902	287808	27241296	2523486	7184719	28623131	8395528	0.344	0.101	7644926	5826686	1124640	1761928	4910112	4346229	944820	1001588	2734814	1480457	179820	760340	28336079	8648001	34579	19736151	7505145	1910475	613011	6941926	242793	28588552	8395528
2021-05-12	38399705	1415625	1049196	366429	28334519	2615123	7409901	29677910	8761957	0.357	0.105	7644926	5826686	1124640	1761928	4910112	4346229	944820	1001588	2734814	1480457	179820	760340	28795721	9603984	40162	20532999	7801520	1971597	643526	7133152	276749	29637748	8761957
2021-05-13	38828913	429208	268387	160821	28649832	2681892	7454380	29948944	8922778	0.360	0.107	7644926	5826686	1124640	1761928	4910112	4346229	944820	1001588	2734814	1480457	179820	760340	29151450	9677463	42809	20720557	7929275	2023158	658734	7162420	291960	29906135	8922778
2021-05-14	39585286	756373	525927	230446	29195015	2746794	7592873	30482666	9153224	0.367	0.110	7644926	5826686	1124640	1761928	4910112	4346229	944820	1001588	2734814	1480457	179820	760340	29556486	10028800	50604	21085194	8109821	2072890	673904	7273978	318895	30432062	9153224
2021-05-15	39985304	400018	234498	165520	29474041	2807093	7649286	30721444	9318744	0.369	0.112	7644926	5826686	1124640	1761928	4910112	4346229	944820	1001588	2734814	1480457	179820	760340	29908838	10076466	54884	21241868	8232173	2116838	690255	7307854	341432	30666560	9318744
2021-05-16	40267871	282567	160594	121973	29674222	2859830	7674209	30886764	9440717	0.371	0.114	7644926	5826686	1124640	1761928	4910112	4346229	944820	1001588	2734814	1480457	179820	760340	30175400	10092471	59610	21348304	8325918	2159691	700139	7319159	355050	30827154	9440717
2021-05-17	40823098	555227	349233	205994	30012551	2945506	7795672	31245756	9646711	0.376	0.116	7644926	5826686	1124640	1761928	4910112	4346229	944820	1001588	2734814	1480457	179820	760340	30561309	10261789	69369	21541170	8471381	2220952	724554	7414265	381407	31176387	9646711
2021-05-18	41694994	871896	517293	354603	30602125	3046597	7969130	31770822	10001314	0.382	0.120	7644926	5826686	1124640	1761928	4910112	4346229	944820	1001588	2734814	1480457	179820	760340	30978201	10716793	77142	21840550	8761575	2293461	753136	7559669	409461	31693680	10001314
2021-05-19	42792512	1097518	563540	533978	31406183	3146675	8150394	32346480	10535292	0.389	0.127	7644926	5826686	1124640	1761928	4910112	4346229	944820	1001588	2734814	1480457	179820	760340	31395941	11396571	89260	22184543	9221640	2359705	786970	7712972	437422	32257220	10535292
2021-05-20	43739506	946994	455508	491486	32089302	3243144	8306958	32812830	11026778	0.395	0.133	7644926	5826686	1124640	1761928	4910112	4346229	944820	1001588	2734814	1480457	179820	760340	31811992	11927514	100102	22445464	9643838	2425214	817930	7842050	464908	32712728	11026778
2021-05-21	44590131	850625	405830	444795	32685184	3328808	8464214	33230483	11471573	0.400	0.138	7644926	5826686	1124640	1761928	4910112	4346229	944820	1001588	2734814	1480457	179820	760340	32239897	12350234	111925	22667947	10017237	2481586	847222	7969025	495189	33118558	11471573
2021-05-22	45063859	473728	214738	258990	32991282	3398309	8548065	33459499	11730563	0.402	0.141	7644926	5826686	1124640	1761928	4910112	4346229	944820	1001588	2734814	1480457	179820	760340	32584695	12479164	126203	22766314	10224968	2529891	868418	8037091	510974	33333296	11730563
2021-05-23	45348943	285084	124717	160367	33184214	3457696	8571965	33593081	11890930	0.404	0.143	7644926	5826686	1124640	1761928	4910112	4346229	944820	1001588	2734814	1480457	179820	760340	32851658	12497285	135068	22831943	10352271	2574187	883509	8051883	520082	33458013	11890930
2021-05-24	45674887	325944	141115	184829	33419903	3519246	8592627	33742239	12075759	0.406	0.145	7644926	5826686	1124640	1761928	4910112	4346229	944820	1001588	2734814	1480457	179820	760340	33162077	12512810	143111	22914535	10505368	2620740	898506	8063853	528774	33599128	12075759
2021-05-25	46330233	655346	272024	383322	33866483	3598915	8696612	34039375	12459081	0.409	0.150	7644926	5826686	1124640	1761928	4910112	4346229	944820	1001588	2734814	1480457	179820	760340	33558480	12771753	168223	23056234	10810249	2672186	926729	8142732	553880	33871152	12459081
2021-05-26	47509720	1179487	469444	710043	34751337	3681308	8830644	34587027	13169124	0.416	0.158	7644926	5826686	1124640	1761928	4910112	4346229	944820	1001588	2734814	1480457	179820	760340	33974552	13535168	246431	23371039	11380298	2724771	956537	8244786	585858	34340596	13169124
2021-05-27	48550259	1040539	404036	636503	35490323	3770193	8962196	35072179	13805627	0.422	0.166	7644926	5826686	1124640	1761928	4910112	4346229	944820	1001588	2734814	1480457	179820	760340	34393254	14157005	327547	23628836	11861487	2776390	993803	8339406	622790	34744632	13805627
2021-05-28	49453296	903037	356085	546952	36093185	3856257	9092560	35512011	14352579	0.427	0.173	7644926	5826686	1124640	1761928	4910112	4346229	944820	1001588	2734814	1480457	179820	760340	34828330	14624966	411294	23845527	12247658	2826904	1029353	8428286	664274	35100717	14352579
2021-05-29	49863291	409995	151627	258368	36354915	3918797	9150498	35691425	14610947	0.429	0.176	7644926	5826686	1124640	1761928	4910112	4346229	944820	1001588	2734814	1480457	179820	760340	35163916	14699375	439081	23925318	12429597	2863749	1055048	8463277	687221	35252344	14610947
2021-05-30	50146737	283446	97687	185759	36551984	3965802	9178843	35800139	14796706	0.430	0.178	7644926	5826686	1124640	1761928	4910112	4346229	944820	1001588	2734814	1480457	179820	760340	35425544	14721193	450108	23984514	12567470	2891087	1074715	8474430	704413	35350031	14796706
2021-05-31	50692904	546167	178165	368002	36918967	4033027	9248332	36020774	15164708	0.433	0.182	7644926	5826686	1124640	1761928	4910112	4346229	944820	1001588	2734814	1480457	179820	760340	35813942	14878962	492578	24096146	12822821	2918747	1114280	8513303	735029	35528196	15164708
2021-06-01	51680241	987337	399684	587653	37652005	4112444	9338715	36504957	15752361	0.439	0.189	7644926	5826686	1124640	1761928	4910112	4346229	944820	1001588	2734814	1480457	179820	760340	36210806	15469435	577077	24412118	13239887	2948392	1164052	8567370	771345	35927880	15752361
2021-06-02	52926717	1246476	516604	729872	38640421	4184672	9420876	37125232	16482233	0.446	0.198	7644926	5826686	1124640	1761928	4910112	4346229	944820	1001588	2734814	1480457	179820	760340	36617004	16309713	680748	24861371	13779050	2972814	1211858	8610299	810577	36444484	16482233
2021-06-03	53568974	642257	230329	411928	39115160	4248843	9471020	37408764	16894161	0.450	0.203	7644926	5826686	1124640	1761928	4910112	4346229	944820	1001588	2734814	1480457	179820	760340	36979848	16589126	733951	25041144	14074016	3002518	1246325	8631151	839869	36674813	16894161
2021-06-04	54379119	810145	290979	519166	39700038	4320060	9547854	37776959	17413327	0.454	0.209	7644926	5826686	1124640	1761928	4910112	4346229	944820	1001588	2734814	1480457	179820	760340	37387505	16991614	811167	25268991	14431047	3031206	1288854	8665595	882259	36965792	17413327
2021-06-05	54791827	412708	96220	316488	39971080	4386974	9591995	37903790	17729815	0.456	0.213	7644926	5826686	1124640	1761928	4910112	4346229	944820	1001588	2734814	1480457	179820	760340	37736669	17055158	841778	25328061	14643019	3057486	1329488	8676465	915530	37062012	17729815
2021-06-06	55083989	292162	59359	232803	40176772	4427970	9619227	37981391	17962618	0.457	0.216	7644926	5826686	1124640	1761928	4910112	4346229	944820	1001588	2734814	1480457	179820	760340	37999122	17084867	860020	25371931	14804841	3069458	1358512	8679982	939245	37121371	17962618
2021-06-07	55696990	613001	192463	420538	40577795	4513018	9691698	38228313	18383156	0.460	0.221	7644926	5826686	1124640	1761928	4910112	4346229	944820	1001588	2734814	1480457	179820	760340	38372839	17323248	914479	25505748	15072047	3097002	1416016	8711084	980614	37313834	18383156
2021-06-08	56746031	1049041	337798	711243	41420502	4588272	9754542	38634347	19094399	0.465	0.230	7644926	5826686	1124640	1761928	4910112	4346229	944820	1001588	2734814	1480457	179820	760340	38774059	17968865	982715	25785099	15635403	3123206	1465066	8743327	1011215	37651632	19094399
2021-06-09	58162914	1416883	443004	973879	42590638	4675365	9818486	39173061	20068278	0.471	0.241	7644926	5826686	1124640	1761928	4910112	4346229	944820	1001588	2734814	1480457	179820	760340	39200213	18956810	1078425	26167374	16423264	3151555	1523810	8775707	1042779	38094636	20068278
2021-06-10	59348559	1185645	399552	786093	43542314	4765149	9874231	39661053	20854371	0.477	0.251	7644926	5826686	1124640	1761928	4910112	4346229	944820	1001588	2734814	1480457	179820	760340	39634317	19705530	1166865	26508048	17034266	3183560	1581589	8802580	1071651	38494188	20854371
2021-06-11	60405185	1056626	359058	697568	44344257	4854156	9943184	40116834	21551939	0.482	0.259	7644926	5826686	1124640	1761928	4910112	4346229	944820	1001588	2734814	1480457	179820	760340	40075167	20318630	1263588	26809489	17534768	3211733	1642423	8832024	1111160	38853246	21551939
2021-06-12	60839538	434353	123006	311347	44628311	4925877	9986526	40275076	21863286	0.484	0.263	7644926	5826686	1124640	1761928	4910112	4346229	944820	1001588	2734814	1480457	179820	760340	40406423	20420893	1298824	26900811	17727500	3230382	1695495	8845059	1141467	38976252	21863286
2021-06-13	61122441	282903	64583	218320	44808156	4989346	10012325	40353449	22081606	0.485	0.266	7644926	5826686	1124640	1761928	4910112	4346229	944820	1001588	2734814	1480457	179820	760340	40653666	20456247	1312614	26944901	17863255	3246256	1743090	8849678	1162647	39040835	22081606
2021-06-14	61772780	650339	209999	440340	45234891	5090405	10079638	40618680	22521946	0.488	0.271	7644926	5826686	1124640	1761928	4910112	4346229	944820	1001588	2734814	1480457	179820	760340	41061494	20696780	1367846	27113916	18120975	3269709	1820696	8867209	1212429	39250834	22521946
2021-06-15	62813001	1040221	341324	698897	46027276	5194734	10164082	41019067	23220843	0.493	0.279	7644926	5826686	1124640	1761928	4910112	4346229	944820	1001588	2734814	1480457	179820	760340	41511536	21283470	1426909	27407317	18619959	3298039	1896695	8886802	1277280	39592158	23220843
2021-06-16	64186983	1373982	458951	915031	47122591	5300714	10260485	41554302	24135874	0.500	0.290	7644926	5826686	1124640	1761928	4910112	4346229	944820	1001588	2734814	1480457	179820	760340	41982945	22182018	1503193	27808818	19313773	3330000	1970714	8912291	1348194	40051109	24135874
2021-06-17	65326404	1139421	391829	747592	47998754	5403651	10352548	42014389	24883466	0.505	0.299	7644926	5826686	1124640	1761928	4910112	4346229	944820	1001588	2734814	1480457	179820	760340	42448796	22852215	1571451	28149240	19849514	3359155	2044496	8934543	1418005	40442938	24883466
2021-06-18	66311046	984642	338731	645911	48724829	5497332	10448608	42421946	25529377	0.510	0.307	7644926	5826686	1124640	1761928	4910112	4346229	944820	1001588	2734814	1480457	179820	760340	42900451	23382503	1640277	28435054	20289775	3390095	2107237	8956520	1492088	40781669	25529377
2021-06-19	66737116	426070	118694	307376	48997071	5579187	10499445	42561776	25836753	0.512	0.311	7644926	5826686	1124640	1761928	4910112	4346229	944820	1001588	2734814	1480457	179820	760340	43240780	23466988	1661413	28526494	20470577	3410829	2168358	8963040	1536405	40900363	25836753
2021-06-20	67031575	294459	67518	226941	49175608	5650481	10531263	42642104	26063694	0.513	0.313	7644926	5826686	1124640	1761928	4910112	4346229	944820	1001588	2734814	1480457	179820	760340	43505334	23496614	1674223	28575473	20600135	3426759	2223722	8965649	1565614	40967881	26063694
2021-06-21	67656963	625388	204947	420441	49582271	5747606	10616599	42883315	26484135	0.516	0.318	7644926	5826686	1124640	1761928	4910112	4346229	944820	1001588	2734814	1480457	179820	760340	43899172	23726147	1710487	28741768	20840503	3451468	2296138	8979592	1637007	41172828	26484135
2021-06-22	68725322	1068359	368068	700291	50418717	5843233	10718942	43285326	27184426	0.520	0.327	7644926	5826686	1124640	1761928	4910112	4346229	944820	1001588	2734814	1480457	179820	760340	44334827	24354112	1744430	29063376	21355341	3481750	2361483	8995770	1723172	41540896	27184426
2021-06-23	70051416	1326094	480594	845500	51499784	5938771	10834213	43800138	28029926	0.527	0.337	7644926	5826686	1124640	1761928	4910112	4346229	944820	1001588	2734814	1480457	179820	760340	44771984	25237778	1778648	29493931	22005853	3511330	2427441	9016229	1817984	42021490	28029926
2021-06-24	71077885	1026469	481127	545342	52288826	6025805	10944634	44321237	28575268	0.533	0.344	7644926	5826686	1124640	1761928	4910112	4346229	944820	1001588	2734814	1480457	179820	760340	45201004	25830883	1818620	29918810	22370016	3546394	2479411	9037413	1907221	42502617	28575268
2021-06-25	71989985	912100	372824	539276	52975131	6102014	11054406	44733875	29114544	0.538	0.350	7644926	5826686	1124640	1761928	4910112	4346229	944820	1001588	2734814	1480457	179820	760340	45626359	26314646	1858434	30245357	22729774	3572886	2529128	9057198	1997208	42875441	29114544
2021-06-26	72397846	407861	134882	272979	53228412	6171034	11126854	44881869	29387523	0.540	0.353	7644926	5826686	1124640	1761928	4910112	4346229	944820	1001588	2734814	1480457	179820	760340	45969869	26378225	1871546	30348503	22879909	3598421	2572613	9063399	2063455	43010323	29387523
2021-06-27	72689367	291521	89471	202050	53400993	6229098	11183610	44975460	29589573	0.541	0.356	7644926	5826686	1124640	1761928	4910112	4346229	944820	1001588	2734814	1480457	179820	760340	46235317	26403445	1875666	30415349	22985644	3617659	2611439	9066786	2116824	43099794	29589573
2021-06-28	73313607	624240	240229	384011	53797602	6318787	11297305	45239936	29973584	0.544	0.360	7644926	5826686	1124640	1761928	4910112	4346229	944820	1001588	2734814	1480457	179820	760340	46643063	26617843	1899913	30609642	23187960	3649877	2668910	9080504	2216801	43340023	29973584
2021-06-29	74239752	926145	384066	542079	54476531	6411318	11429913	45646079	30515663	0.549	0.367	7644926	5826686	1124640	1761928	4910112	4346229	944820	1001588	2734814	1480457	179820	760340	47068566	27113831	1921990	30949146	23527385	3682750	2728568	9092193	2337720	43724089	30515663
2021-06-30	75253822	1014070	444665	569405	55238003	6505011	11566276	46113286	31085068	0.554	0.374	7644926	5826686	1124640	1761928	4910112	4346229	944820	1001588	2734814	1480457	179820	760340	47493276	27697962	1944532	31344639	23893364	3717462	2787549	9106653	2459623	44168754	31085068
2021-07-01	76229732	975910	448050	527860	55975825	6588030	11698983	46583698	31612928	0.560	0.380	7644926	5826686	1124640	1761928	4910112	4346229	944820	1001588	2734814	1480457	179820	760340	47894617	28268207	1966894	31748717	24227108	3747927	2840103	9120160	2578823	44616804	31612928
2021-07-02	77069317	839585	375608	463977	56620714	6682351	11778004	46980660	32076905	0.565	0.386	7644926	5826686	1124640	1761928	4910112	4346229	944820	1001588	2734814	1480457	179820	760340	48289065	28709971	1988248	32083471	24537243	3779597	2902754	9129344	2648660	44992412	32076905
2021-07-03	77445133	375816	147978	227838	56875070	6761622	11805096	47143735	32304743	0.567	0.388	7644926	5826686	1124640	1761928	4910112	4346229	944820	1001588	2734814	1480457	179820	760340	48597884	28776252	2003345	32204092	24670978	3804172	2957450	9132126	2672970	45140390	32304743
2021-07-04	77717658	272525	92609	179916	57056360	6829758	11819617	47244922	32484659	0.568	0.391	7644926	5826686	1124640	1761928	4910112	4346229	944820	1001588	2734814	1480457	179820	760340	48842890	28803194	2011923	32276831	24779529	3822597	3007161	9133571	2686046	45232999	32484659
2021-07-05	78250524	532866	194381	338485	57440571	6924042	11859138	47454153	32823144	0.571	0.395	7644926	5826686	1124640	1761928	4910112	4346229	944820	1001588	2734814	1480457	179820	760340	49183701	28993153	2026773	32440898	24999673	3848567	3075475	9137915	2721223	45427380	32823144
2021-07-06	79023093	772569	268259	504310	58053605	7022851	11904312	47737964	33327454	0.574	0.401	7644926	5826686	1124640	1761928	4910112	4346229	944820	1001588	2734814	1480457	179820	760340	49522598	29423099	2042325	32679371	25374234	3873809	3149042	9142459	2761853	45695639	33327454
2021-07-07	80011523	988430	321641	666789	58876655	7118179	11955587	48078382	33994243	0.578	0.409	7644926	5826686	1124640	1761928	4910112	4346229	944820	1001588	2734814	1480457	179820	760340	49872799	30056482	2061102	32971048	25905607	3898375	3219804	9147857	2807730	46017280	33994243
2021-07-08	80851431	839908	261128	578780	59554182	7218877	11998133	48358647	34573023	0.581	0.416	7644926	5826686	1124640	1761928	4910112	4346229	944820	1001588	2734814	1480457	179820	760340	50213505	30551427	2080239	33205488	26348694	3920791	3298086	9152129	2846004	46278408	34573023
2021-07-09	81601916	750485	217966	532519	60142911	7317176	12041186	48597017	35105542	0.584	0.422	7644926	5826686	1124640	1761928	4910112	4346229	944820	1001588	2734814	1480457	179820	760340	50554950	30956968	2100643	33401187	26741724	3938621	3378555	9156566	2884620	46496374	35105542
2021-07-10	81944394	342478	95305	247173	60370522	7401253	12062237	48702061	35352715	0.586	0.425	7644926	5826686	1124640	1761928	4910112	4346229	944820	1001588	2734814	1480457	179820	760340	50828519	31025280	2110382	33476945	26893577	3956730	3444523	9158004	2904233	46591679	35352715
2021-07-11	82172109	227715	60926	166789	60516154	7464759	12072521	48771280	35519504	0.586	0.427	7644926	5826686	1124640	1761928	4910112	4346229	944820	1001588	2734814	1480457	179820	760340	51036940	31044204	2118675	33522634	26993520	3971501	3493258	9158470	2914051	46652605	35519504
2021-07-12	82635198	463089	149903	313186	60862629	7543354	12096492	48935231	35832690	0.588	0.431	7644926	5826686	1124640	1761928	4910112	4346229	944820	1001588	2734814	1480457	179820	760340	51301576	31240232	2132723	33641819	27220810	4000369	3542985	9160320	2936172	46802508	35832690
2021-07-13	83390546	755348	178959	576389	61486081	7620945	12131014	49133973	36409079	0.591	0.438	7644926	5826686	1124640	1761928	4910112	4346229	944820	1001588	2734814	1480457	179820	760340	51553665	31739362	2152506	33792573	27693508	4026333	3594612	9162561	2968453	46981467	36409079
2021-07-14	84358384	967838	201838	766000	62312751	7692469	12178043	49358426	37175079	0.593	0.447	7644926	5826686	1124640	1761928	4910112	4346229	944820	1001588	2734814	1480457	179820	760340	51826962	32429200	2175121	33969604	28343147	4047497	3644972	9166204	3011839	47183305	37175079
2021-07-15	85117446	759062	169515	589547	62940532	7763179	12216534	49550021	37764626	0.596	0.454	7644926	5826686	1124640	1761928	4910112	4346229	944820	1001588	2734814	1480457	179820	760340	52079913	32931568	2197201	34117103	28823429	4066674	3696505	9169043	3047491	47352820	37764626
2021-07-16	85767602	650156	149585	500571	63473486	7826953	12248423	49721145	38265197	0.598	0.460	7644926	5826686	1124640	1761928	4910112	4346229	944820	1001588	2734814	1480457	179820	760340	52329511	33328254	2218740	34247597	29225889	4083852	3743101	9170956	3077467	47502405	38265197
2021-07-17	86035552	267950	70078	197872	63645703	7889849	12263984	49808499	38463069	0.599	0.462	7644926	5826686	1124640	1761928	4910112	4346229	944820	1001588	2734814	1480457	179820	760340	52539084	33384580	2236016	34301232	29344471	4099442	3790407	9171809	3092175	47572483	38463069
2021-07-18	86233056	197504	58970	138534	63780322	7930604	12275269	49878314	38601603	0.600	0.464	7644926	5826686	1124640	1761928	4910112	4346229	944820	1001588	2734814	1480457	179820	760340	52707964	33412623	2246861	34350708	29429614	4108664	3821940	9172081	3103188	47631453	38601603
2021-07-19	86606421	373365	90244	283121	64071013	7979683	12294898	49982524	38884724	0.601	0.468	7644926	5826686	1124640	1761928	4910112	4346229	944820	1001588	2734814	1480457	179820	760340	52899288	33592649	2260827	34426758	29644255	4121560	3858123	9173379	3121519	47721697	38884724
2021-07-20	87198441	592020	125129	466891	64580518	8026457	12316705	50121587	39351615	0.603	0.473	7644926	5826686	1124640	1761928	4910112	4346229	944820	1001588	2734814	1480457	179820	760340	53109196	33970767	2274761	34533895	30046623	4137025	3889432	9175906	3140799	47846826	39351615
2021-07-21	87930757	732316	152890	579426	65232746	8071006	12339353	50287368	39931041	0.605	0.480	7644926	5826686	1124640	1761928	4910112	4346229	944820	1001588	2734814	1480457	179820	760340	53330118	34477235	2287652	34672413	30560333	4149809	3921197	9177494	3161859	47999716	39931041
2021-07-22	88523131	592374	119282	473092	65751039	8113745	12358084	50419261	40404133	0.606	0.486	7644926	5826686	1124640	1761928	4910112	4346229	944820	1001588	2734814	1480457	179820	760340	53537376	34857754	2300263	34780470	30970569	4159683	3954062	9178845	3179239	48118998	40404133
2021-07-23	89040601	517470	104892	412578	66196958	8152654	12376166	50538713	40816711	0.608	0.491	7644926	5826686	1124640	1761928	4910112	4346229	944820	1001588	2734814	1480457	179820	760340	53723994	35185498	2314823	34875190	31321768	4168559	3984095	9180141	3196025	48223890	40816711
