date	dosen_kumulativ	dosen_differenz_zum_vortag	dosen_erst_differenz_zum_vortag	dosen_zweit_differenz_zum_vortag	dosen_biontech_kumulativ	dosen_moderna_kumulativ	dosen_astrazeneca_kumulativ	personen_erst_kumulativ	personen_voll_kumulativ	impf_quote_erst	impf_quote_voll	indikation_alter_dosen	indikation_beruf_dosen	indikation_medizinisch_dosen	indikation_pflegeheim_dosen	indikation_alter_erst	indikation_beruf_erst	indikation_medizinisch_erst	indikation_pflegeheim_erst	indikation_alter_voll	indikation_beruf_voll	indikation_medizinisch_voll	indikation_pflegeheim_voll	dosen_dim_kumulativ	dosen_kbv_kumulativ	dosen_johnson_kumulativ	dosen_biontech_erst_kumulativ	dosen_biontech_zweit_kumulativ	dosen_moderna_erst_kumulativ	dosen_moderna_zweit_kumulativ	dosen_astrazeneca_erst_kumulativ	dosen_astrazeneca_zweit_kumulativ
2020-12-27	24475	24475	24464	11	24475	0	0	24464	11	0.000	0.000	10705	8657	1305	12604	10664	8590	1305	12536	41	67	0	68	24475	0	0	24464	11	0	0	0	0
2020-12-28	42815	18340	18340	0	42815	0	0	42804	11	0.001	0.000	18621	15788	1991	21344	18580	15721	1991	21276	41	67	0	68	42815	0	0	42804	11	0	0	0	0
2020-12-29	92367	49552	48963	589	92367	0	0	91767	600	0.001	0.000	34989	40734	3107	40508	34724	40420	3107	40099	265	314	0	409	92367	0	0	91767	600	0	0	0	0
2020-12-30	154908	62541	62537	4	154908	0	0	154304	604	0.002	0.000	55510	73365	4901	63206	55243	73050	4901	62794	267	315	0	412	154908	0	0	154304	604	0	0	0	0
2020-12-31	204953	50045	49905	140	204953	0	0	204209	744	0.002	0.000	72831	96719	6752	83965	72517	96367	6752	83476	314	352	0	489	204953	0	0	204209	744	0	0	0	0
2021-01-01	224225	19272	19272	0	224224	0	1	223481	744	0.003	0.000	81208	105449	7830	92301	80894	105097	7830	91812	314	352	0	489	224225	0	0	223480	744	0	0	1	0
2021-01-02	277321	53096	52820	276	277320	0	1	276301	1020	0.003	0.000	102774	129731	10350	113258	102365	129304	10350	112629	409	427	0	629	277321	0	0	276300	1020	0	0	1	0
2021-01-03	301530	24209	24208	1	301529	0	1	300509	1021	0.004	0.000	113044	140227	11284	123279	112635	139800	11284	122650	409	427	0	629	301530	0	0	300508	1021	0	0	1	0
2021-01-04	349919	48389	48389	0	349918	0	1	348898	1021	0.004	0.000	129646	164913	13951	139091	129237	164486	13951	138462	409	427	0	629	349919	0	0	348897	1021	0	0	1	0
2021-01-05	403979	54060	54035	25	403977	1	1	402933	1046	0.005	0.000	147987	192565	16489	157656	147576	192117	16489	157025	411	448	0	631	403979	0	0	402931	1046	1	0	1	0
2021-01-06	466834	62855	62854	1	466824	7	3	465787	1047	0.006	0.000	169498	225530	19910	180812	169086	225082	19910	180181	412	448	0	631	466834	0	0	465777	1047	7	0	3	0
2021-01-07	522696	55862	55858	4	522682	11	3	521645	1051	0.006	0.000	189172	254868	22957	197233	188758	254418	22957	196600	414	450	0	633	522696	0	0	521631	1051	11	0	3	0
2021-01-08	586179	63483	63165	318	586117	59	3	584810	1369	0.007	0.000	211521	287315	26324	218219	211009	286711	26320	217449	512	604	4	770	586179	0	0	584748	1369	59	0	3	0
2021-01-09	647544	61365	61319	46	647482	59	3	646129	1415	0.008	0.000	237322	313238	29007	243325	236798	312599	29003	242545	524	639	4	780	647544	0	0	646067	1415	59	0	3	0
2021-01-10	682905	35361	35353	8	682843	59	3	681482	1423	0.008	0.000	252455	327794	30379	256315	251929	327151	30375	255535	526	643	4	780	682905	0	0	681420	1423	59	0	3	0
2021-01-11	750353	67448	67400	48	750290	60	3	748882	1471	0.009	0.000	277513	359176	33587	276774	276967	358513	33583	275968	546	663	4	806	750353	0	0	748819	1471	60	0	3	0
2021-01-12	833139	82786	82736	50	833069	65	5	831618	1521	0.010	0.000	305695	401338	36582	301731	305147	400670	36578	300888	548	668	4	843	833139	0	0	831548	1521	65	0	5	0
2021-01-13	944720	111581	111385	196	943853	862	5	943003	1717	0.011	0.000	345167	458844	40485	337339	344574	458093	40466	336399	593	751	19	940	944720	0	0	942136	1717	862	0	5	0
2021-01-14	1027429	82709	82523	186	1021935	5489	5	1025526	1903	0.012	0.000	374803	501101	42769	361463	374094	500254	42750	360452	709	847	19	1011	1027429	0	0	1020076	1859	5445	44	5	0
2021-01-15	1118868	91439	90837	602	1107917	10927	24	1116363	2505	0.013	0.000	408725	545673	46728	389202	407810	544625	46700	387982	915	1048	28	1220	1118868	0	0	1105456	2461	10883	44	24	0
2021-01-16	1176323	57455	56556	899	1163600	12699	24	1172919	3404	0.014	0.000	432983	570627	48859	408798	431664	569232	48767	407047	1319	1395	92	1751	1176323	0	0	1160240	3360	12655	44	24	0
2021-01-17	1224842	48519	31334	17185	1210813	14004	25	1204253	20589	0.014	0.000	453449	591002	50884	428544	444215	583354	50014	417145	9234	7648	870	11399	1224842	0	0	1190268	20545	13960	44	25	0
2021-01-18	1307107	82265	66536	15729	1289043	18038	26	1270789	36318	0.015	0.000	482728	633883	53106	448900	467235	619730	51700	430238	15493	14153	1406	18662	1307107	0	0	1252769	36274	17994	44	26	0
2021-01-19	1422328	115221	81777	33444	1400746	21506	76	1352566	69762	0.016	0.001	519765	695968	56714	479843	492669	666683	54375	447938	27096	29285	2339	31905	1422328	0	0	1331028	69718	21462	44	76	0
2021-01-20	1554545	132217	80683	51534	1530209	24256	80	1433249	121296	0.017	0.001	568076	760039	60957	522078	522876	706310	57505	469463	45200	53729	3452	52615	1554545	0	0	1408957	121252	24212	44	80	0
2021-01-21	1659492	104947	64215	40732	1632444	26968	80	1497464	162028	0.018	0.002	610150	808503	65406	556195	549621	735602	60889	487988	60529	72901	4517	68207	1659492	0	0	1470460	161984	26924	44	80	0
2021-01-22	1761797	102305	67604	34701	1732694	29011	92	1565068	196729	0.019	0.002	654049	853889	69013	590642	579902	764987	63599	506975	74147	88902	5414	83667	1761797	0	0	1536011	196683	28965	46	92	0
2021-01-23	1847346	85549	40613	44936	1817859	29394	93	1605681	241665	0.019	0.003	691767	890989	72414	617916	599855	780966	64783	516268	91912	110023	7631	101648	1847346	0	0	1576240	241619	29348	46	93	0
2021-01-24	1897377	50031	25645	24386	1867642	29638	97	1631326	266051	0.020	0.003	715655	910067	73331	632982	614016	789814	65130	521524	101639	120253	8201	111458	1897377	0	0	1601637	266005	29592	46	97	0
2021-01-25	1991504	94127	56057	38070	1960045	31360	99	1687383	304121	0.020	0.004	756375	951632	76827	658117	642321	811974	66847	534304	114054	139658	9980	123813	1991504	0	0	1655970	304075	31314	46	99	0
2021-01-26	2090578	99074	50426	48648	2057461	33012	105	1737809	352769	0.021	0.004	796572	997196	80614	684405	667753	831436	68195	545278	128819	165760	12419	139127	2090578	0	0	1704742	352719	32962	50	105	0
2021-01-27	2201641	111063	51382	59681	2166559	34969	113	1789191	412450	0.022	0.005	839834	1049509	85786	715259	691463	852265	70042	556304	148371	197244	15744	158955	2201641	0	0	1754169	412390	34909	60	113	0
2021-01-28	2293184	91543	45130	46413	2256466	36604	114	1834321	458863	0.022	0.006	877990	1090332	89974	739697	713483	869115	71590	567469	164507	221217	18384	172228	2293184	0	0	1797680	458786	36527	77	114	0
2021-01-29	2401523	108339	51005	57334	2363340	38009	174	1885326	516197	0.023	0.006	920894	1138243	95507	769100	735839	888487	73819	578309	185055	249756	21688	190791	2401523	0	0	1847220	516120	37932	77	174	0
2021-01-30	2489254	87731	35445	52286	2450196	38883	175	1920771	568483	0.023	0.007	957412	1174692	99468	796433	752473	901967	75224	586328	204939	272725	24244	210105	2489254	0	0	1881791	568405	38805	78	175	0
2021-01-31	2547376	58122	26694	31428	2507942	39259	175	1947465	599911	0.023	0.007	982865	1196922	101575	812430	766590	910861	76411	592657	216275	286061	25164	219773	2547376	0	0	1908117	599825	39173	86	175	0
2021-02-01	2669218	121842	60050	61792	2627517	41469	232	2007515	661703	0.024	0.008	1026174	1260299	105285	839830	787193	944041	78273	602425	238981	316258	27012	237405	2669218	0	0	1965900	661617	41383	86	232	0
2021-02-02	2800159	130941	63919	67022	2755575	44337	247	2071434	728725	0.025	0.009	1069633	1330364	110479	870030	806216	982089	80866	611659	263417	348275	29613	258371	2800159	0	0	2026937	728638	44250	87	247	0
2021-02-03	2959877	159718	64580	95138	2908884	50726	267	2136014	823863	0.026	0.010	1128983	1407775	116405	912544	829819	1014401	83062	623312	299164	393374	33343	289232	2959877	0	0	2085110	823774	50637	89	267	0
2021-02-04	3092058	132181	61666	70515	3035185	56600	273	2197680	894378	0.026	0.011	1177986	1472437	120972	943857	851937	1046473	85311	632945	326049	425964	35661	310912	3092058	0	0	2140898	894287	56509	91	273	0
2021-02-05	3237158	145100	67612	77488	3173881	62997	280	2265292	971866	0.027	0.012	1232524	1542580	126293	977786	877231	1080338	86905	644262	355293	462242	39388	333524	3237158	0	0	2202106	971775	62906	91	280	0
2021-02-06	3337245	100087	47066	53021	3271501	65463	281	2312358	1024887	0.028	0.012	1272514	1588658	130853	1003590	896490	1101898	88782	653957	376024	486760	42071	349633	3337245	0	0	2246705	1024796	65372	91	281	0
2021-02-07	3391500	54255	28183	26072	3323405	67812	283	2340541	1050959	0.028	0.013	1298155	1609930	133571	1016823	910800	1112720	90015	659435	387355	497210	43556	357388	3391500	0	0	2272538	1050867	67720	92	283	0
2021-02-08	3501641	110141	53442	56699	3429663	71671	307	2393983	1107658	0.029	0.013	1350672	1655734	137545	1035599	942269	1129343	91902	666781	408403	526391	45643	368818	3501641	0	0	2322098	1107565	71578	93	307	0
2021-02-09	3635068	133427	59234	74193	3559097	75554	417	2453217	1181851	0.029	0.014	1411842	1714380	141993	1058512	978151	1147503	94639	674792	433691	566877	47354	383720	3635068	0	0	2377827	1181270	74973	581	417	0
2021-02-10	3784987	149919	74317	75602	3698114	79418	7455	2527534	1257453	0.030	0.015	1478760	1781046	146001	1087933	1017461	1175177	96286	685176	461299	605869	49715	402757	3784987	0	0	2442171	1255943	77908	1510	7455	0
2021-02-11	3927788	142801	74526	68275	3818170	86710	22908	2602060	1325728	0.031	0.016	1539776	1848576	151475	1113070	1052428	1208053	98713	694775	487348	640523	52762	418295	3927788	0	0	2496818	1321352	82352	4358	22890	18
2021-02-12	4083510	155722	80756	74966	3949769	96583	37158	2682816	1400694	0.032	0.017	1611268	1919253	157751	1138545	1094198	1240389	101429	704318	517070	678864	56322	434227	4083510	0	0	2558579	1391190	87101	9482	37136	22
2021-02-13	4191800	108290	62178	46112	4042174	99631	49995	2744994	1446806	0.033	0.017	1667599	1960972	162355	1156080	1129093	1262877	103231	711418	538506	698095	59124	444662	4191800	0	0	2606473	1435701	88610	11021	49911	84
2021-02-14	4256887	65087	40023	25064	4097510	102033	57344	2785017	1471870	0.033	0.018	1706122	1983696	163973	1164146	1153761	1276081	104081	714928	552361	707615	59892	449218	4256887	0	0	2637943	1459567	89814	12219	57260	84
2021-02-15	4383845	126958	71147	55811	4204925	106846	72074	2856164	1527681	0.034	0.018	1773591	2031897	168008	1183418	1194859	1300739	106358	721524	578732	731158	61650	461894	4383845	0	0	2692341	1512584	91863	14983	71960	114
2021-02-16	4519202	135357	81617	53740	4311086	112518	95598	2937781	1581421	0.035	0.019	1839625	2089928	170683	1200400	1236633	1336138	107879	728440	602992	753790	62804	471960	4519202	0	0	2747875	1563211	94430	18088	95476	122
2021-02-17	4669300	150098	94374	55724	4433502	120469	115329	3032155	1637145	0.036	0.020	1920033	2147919	175770	1221928	1292995	1368705	110873	736858	627038	779214	64897	485070	4669300	0	0	2817606	1615896	99347	21122	115202	127
2021-02-18	4812607	143307	92146	51161	4544398	128405	139804	3124301	1688306	0.038	0.020	1995907	2206102	179208	1240945	1345328	1403985	112659	744258	650579	802117	66549	496687	4812607	0	0	2880808	1663590	103822	24583	139671	133
2021-02-19	4965838	153231	99362	53869	4662564	138205	165069	3223663	1742175	0.039	0.021	2076668	2266444	184080	1258305	1402958	1440066	115287	750941	673710	826378	68793	507364	4965838	0	0	2948150	1714414	110622	27583	164891	178
2021-02-20	5080091	114253	76433	37820	4750728	142675	186688	3300096	1779995	0.040	0.021	2138268	2310157	187738	1272296	1445964	1469322	117533	755178	692304	840835	70205	517118	5080091	0	0	2999042	1751686	114564	28111	186490	198
2021-02-21	5166002	85911	56919	28992	4818106	145903	201993	3357015	1808987	0.040	0.022	2187054	2340674	190304	1282667	1479917	1489494	118664	757407	707137	851180	71640	525260	5166002	0	0	3037592	1780514	117633	28270	201790	203
2021-02-22	5326406	160404	100006	60398	4944387	155001	227018	3457021	1869385	0.042	0.022	2266701	2410287	195201	1300517	1538362	1525084	121627	763642	728339	885203	73574	536875	5326406	0	0	3105301	1839086	124921	30080	226799	219
2021-02-23	5493279	166873	107177	59696	5076698	162159	254422	3564198	1929081	0.043	0.023	2346910	2483166	200501	1318387	1598211	1563793	124757	771284	748699	919373	75744	547103	5493279	0	0	3179590	1897108	130418	31741	254190	232
2021-02-24	5668684	175405	116123	59282	5208997	169895	289792	3680321	1988363	0.044	0.024	2431789	2557990	207079	1337422	1660503	1608669	128907	778912	771286	949321	78172	558510	5668684	0	0	3254317	1954680	136466	33429	289538	254
2021-02-25	5857349	188665	130239	58426	5339824	176542	340983	3810560	2046789	0.046	0.025	2514175	2648479	213515	1355541	1722988	1667176	133470	787131	791187	981303	80045	568410	5857349	0	0	3328321	2011503	141661	34881	340578	405
2021-02-26	6066481	209132	144047	65085	5479744	185258	401479	3954607	2111874	0.048	0.025	2602819	2749814	220591	1375230	1787946	1735795	138593	794627	814873	1014019	81998	580603	6066481	0	0	3404844	2074900	148738	36520	401025	454
2021-02-27	6215161	148680	108520	40160	5572719	189448	452994	4063127	2152034	0.049	0.026	2666475	2822116	227301	1388101	1833818	1790224	143432	799030	832657	1031892	83869	589071	6215161	0	0	3458436	2114283	152164	37284	452527	467
2021-02-28	6323281	108120	83830	24290	5635122	193404	494755	4146957	2176324	0.050	0.026	2714700	2875405	231582	1394762	1868893	1834535	146785	801170	845807	1040870	84797	593592	6323281	0	0	3496911	2138211	155767	37637	494279	476
2021-03-01	6518828	195547	146249	49298	5763632	202856	552340	4293206	2225622	0.052	0.027	2817221	2953369	239381	1408021	1943445	1896228	153263	806209	873776	1057141	86118	601812	6518828	0	0	3578165	2185467	163196	39660	551845	495
2021-03-02	6738378	219550	165928	53622	5904151	212971	621256	4459134	2279244	0.054	0.027	2927307	3047588	248982	1422628	2022735	1971725	160632	812692	904572	1075863	88350	609936	6738378	0	0	3667893	2236258	170498	42473	620743	513
2021-03-03	6981768	243390	174440	68950	6060909	226773	694086	4633574	2348194	0.056	0.028	3047976	3148969	260606	1439862	2105531	2048823	170041	819606	942445	1100146	90565	620256	6981768	0	0	3761203	2299706	178873	47900	693498	588
2021-03-04	7224468	242700	180064	62636	6203239	240751	780478	4813638	2410830	0.058	0.029	3159240	3258741	272992	1455625	2181653	2136963	180034	825002	977587	1121778	92958	630623	7224468	0	0	3846152	2357087	187649	53102	779837	641
2021-03-05	7493098	268630	201255	67375	6350336	254072	888690	5014893	2478205	0.060	0.030	3277185	3383782	287941	1471072	2258903	2242620	191990	830697	1018282	1141162	95951	640375	7493098	0	0	3931762	2418574	195132	58940	887999	691
2021-03-06	7695468	202370	153075	49295	6461065	262668	971735	5167968	2527500	0.062	0.030	3366696	3478463	298371	1480590	2314602	2325555	200824	833966	1052094	1152908	97547	646624	7695468	0	0	3995418	2465647	201532	61136	971018	717
2021-03-07	7845813	150345	115881	34464	6543515	269405	1032893	5283849	2561964	0.064	0.031	3437978	3544531	306478	1486155	2360956	2383880	208082	835928	1077022	1160651	98396	650227	7845813	0	0	4045765	2497750	205927	63478	1032157	736
2021-03-08	8084651	238838	186358	52480	6679131	280403	1125117	5470207	2614444	0.066	0.031	3556806	3640371	322827	1498475	2442587	2468035	222757	841890	1114219	1172336	100070	656585	8084651	0	0	4132279	2546852	213581	66822	1124347	770
2021-03-09	8334757	250106	195335	54771	6819260	293139	1222358	5665542	2669215	0.068	0.032	3677710	3742787	340236	1512022	2524321	2558568	238262	848791	1153389	1184219	101974	663231	8334757	0	0	4221073	2598187	222955	70184	1221514	844
2021-03-10	8618052	283295	217638	65657	6976858	304540	1336654	5883180	2734872	0.071	0.033	3808598	3856306	360962	1530389	2606688	2661880	256906	860000	1201910	1194426	104056	670389	8617081	971	0	4316175	2660683	231253	73287	1335752	902
2021-03-11	8899499	281447	220533	60914	7125927	317763	1455809	6103713	2795786	0.073	0.034	3937470	3976178	382106	1544008	2689957	2769533	276555	867677	1247513	1206645	105551	676331	8897873	1626	0	4408633	2717294	240232	77531	1454848	961
2021-03-12	9222796	323297	251705	71592	7278595	335298	1608903	6355418	2867378	0.076	0.034	4071484	4127850	404783	1559463	2770420	2906954	297406	877132	1301064	1220896	107377	682331	9220960	1836	0	4494725	2783870	253039	82259	1607654	1249
2021-03-13	9469064	246268	196812	49456	7393246	345051	1730767	6552230	2916834	0.079	0.035	4181046	4240796	425293	1567511	2840453	3011727	316755	881879	1340593	1229069	108538	685632	9467072	1992	0	4561348	2831898	261413	83638	1729469	1298
2021-03-14	9640032	170968	134969	35999	7482701	350197	1807134	6687199	2952833	0.080	0.036	4266043	4307307	441408	1570975	2896461	3072888	331859	883676	1369582	1234419	109549	687299	9638030	2002	0	4615793	2866908	265589	84608	1805817	1317
2021-03-15	9888169	248137	189275	58862	7635050	362576	1890543	6876474	3011695	0.083	0.036	4400463	4391447	461474	1582289	2984151	3147219	350790	890548	1416312	1244228	110684	691741	9885884	2285	0	4710983	2924067	276347	86229	1889144	1399
2021-03-16	10067272	179103	112066	67037	7801136	373681	1892455	6988540	3078732	0.084	0.037	4527474	4426082	473886	1593025	3059300	3169255	361553	895647	1468174	1256827	112333	697378	10064440	2832	0	4812384	2988752	285102	88579	1891054	1401
2021-03-17	10272291	205019	125595	79424	7986784	391644	1893863	7114135	3158156	0.086	0.038	4672447	4463838	487350	1605072	3141952	3193652	373040	902175	1530495	1270186	114310	702897	10268842	3449	0	4923340	3063444	298337	93307	1892458	1405
2021-03-18	10467011	194720	119269	75451	8161764	409808	1895439	7233404	3233607	0.087	0.039	4812398	4498757	499905	1615322	3222615	3215628	383588	907340	1589783	1283129	116317	707982	10463139	3872	0	5027940	3133824	311432	98376	1894032	1407
2021-03-19	10710510	243499	160728	82771	8346066	430341	1934103	7394132	3316378	0.089	0.040	4961948	4563922	518114	1627194	3306761	3267408	399605	914537	1655187	1296514	118509	712657	10706107	4403	0	5136212	3209854	325304	105037	1932616	1487
2021-03-20	10930689	220179	166292	53887	8482496	445640	2002553	7560424	3370265	0.091	0.041	5078536	4641917	537715	1633319	3379545	3337212	417708	917920	1698991	1304705	120007	715399	10925962	4727	0	5222489	3260007	336918	108722	2001017	1536
2021-03-21	11096760	166071	127288	38783	8587107	454848	2054805	7687712	3409048	0.092	0.041	5171749	4694283	554274	1635819	3440184	3384099	433219	919244	1731565	1310184	121055	716575	11092033	4727	0	5291341	3295766	343129	111719	2053242	1563
2021-03-22	11362783	266023	189845	76178	8752634	478492	2131657	7877557	3485226	0.095	0.042	5329624	4766248	576579	1645397	3534739	3445389	453483	925279	1794885	1320859	123096	720118	11356528	6255	0	5388312	3364322	359217	119275	2130028	1629
2021-03-23	11660345	297562	213816	83746	8932752	498618	2228975	8091373	3568972	0.097	0.043	5490190	4854892	604288	1656865	3629814	3521119	478432	932910	1860376	1333773	125856	723955	11649102	11243	0	5490058	3442694	374058	124560	2227257	1718
2021-03-24	11994044	333699	245691	88008	9129685	531713	2332646	8337064	3656980	0.100	0.044	5664852	4952071	635971	1672375	3732242	3605792	507202	944863	1932610	1346279	128769	727512	11977009	17035	0	5604503	3525182	401709	130004	2330852	1794
2021-03-25	12331067	337023	256979	80044	9318068	558957	2454042	8594043	3737024	0.103	0.045	5830941	5060081	670798	1683452	3832663	3703768	539527	951994	1998278	1356313	131271	731458	12308087	22980	0	5718602	3599466	423283	135674	2452158	1884
2021-03-26	12705286	374219	285272	88947	9519784	595345	2590157	8879315	3825971	0.107	0.046	6003833	5184282	710463	1698535	3933360	3816071	576057	962322	2070473	1368211	134406	736213	12675992	29294	0	5838097	3681687	453043	142302	2588175	1982
2021-03-27	12991942	286656	223459	63197	9671662	622699	2697581	9102774	3889168	0.109	0.047	6147056	5279869	744190	1703356	4023632	3903670	607441	965464	2123424	1376199	136749	737892	12960298	31644	0	5930195	3741467	477053	145646	2695526	2055
2021-03-28	13188721	196779	144028	52751	9789298	641224	2758199	9246802	3941919	0.111	0.047	6253046	5333384	768116	1706823	4085867	3950861	629648	967502	2167179	1382523	138468	739321	13156886	31835	0	5998409	3790889	492300	148924	2756093	2106
2021-03-29	13496786	308065	219057	89008	9976773	666974	2853039	9465859	4030927	0.114	0.048	6418833	5404751	806706	1716518	4180272	4010842	665103	973637	2238561	1393909	141603	742881	13459003	37783	0	6104197	3872576	510782	156192	2850880	2159
2021-03-30	13824084	327298	233948	93350	10191886	693057	2939141	9699807	4124277	0.117	0.050	6591913	5474211	853024	1727240	4280843	4069380	706095	981320	2311070	1404831	146929	745920	13774165	49919	0	6233548	3958338	529345	163712	2936914	2227
2021-03-31	14164621	340537	237510	103027	10440735	731096	2992790	9937317	4227304	0.119	0.051	6774517	5538855	899988	1738789	4384637	4121392	747318	988525	2389880	1417463	152670	750264	14098387	66234	0	6388216	4052519	558573	172523	2990528	2262
2021-04-01	14487212	322591	230171	92420	10676181	763078	3047953	10167488	4319724	0.122	0.052	6936269	5606629	944397	1747554	4476928	4175958	787230	994147	2459341	1430671	157167	753407	14400899	86313	0	6539882	4136299	581955	181123	3045651	2302
2021-04-02	14716848	229636	158021	71615	10857420	779599	3079829	10325509	4391339	0.124	0.053	7067172	5654574	981393	1749910	4552089	4213818	820223	995356	2515083	1440756	161170	754554	14629011	87837	0	6654990	4202430	593012	186587	3077507	2322
2021-04-03	14948568	231720	165687	66033	11030827	796682	3121059	10491196	4457372	0.126	0.054	7198861	5698683	1018737	1753036	4633025	4248782	853330	997097	2565836	1449901	165407	755939	14859332	89236	0	6767750	4263077	604741	191941	3118705	2354
2021-04-04	15144638	196070	142486	53584	11166139	807794	3170705	10633682	4510956	0.128	0.054	7309766	5731715	1048001	1754173	4704262	4274251	879171	997551	2605504	1457464	168830	756622	15055266	89372	0	6853720	4312419	611655	196139	3168307	2398
2021-04-05	15394085	249447	176021	73426	11334246	825709	3234130	10809703	4584382	0.130	0.055	7456036	5770066	1081529	1756372	4794323	4302940	907924	998846	2661713	1467126	173605	757526	15303403	90682	0	6953719	4380527	624291	201418	3231693	2437
2021-04-06	15771991	377906	278817	99089	11591873	858895	3321223	11088520	4683471	0.133	0.056	7644926	5826686	1124640	1761928	4910112	4346229	944820	1001588	2734814	1480457	179820	760340	15644682	127309	0	7121079	4470794	648740	210155	3318701	2522
2021-04-07	16448964	676973	579879	97094	12133451	894673	3420840	11668399	4780565	0.140	0.057	7644926	5826686	1124640	1761928	4910112	4346229	944820	1001588	2734814	1480457	179820	760340	16015991	432973	0	7573860	4559591	676314	218359	3418225	2615
2021-04-08	17181293	732329	642606	89723	12706520	929916	3544857	12311005	4870288	0.148	0.059	7644926	5826686	1124640	1761928	4910112	4346229	944820	1001588	2734814	1480457	179820	760340	16423442	757851	0	8066336	4640184	702499	227417	3542170	2687
2021-04-09	17803531	622238	533929	88309	13192995	965478	3645058	12844934	4958597	0.154	0.060	7644926	5826686	1124640	1761928	4910112	4346229	944820	1001588	2734814	1480457	179820	760340	16806177	997354	0	8475678	4717317	726982	238496	3642274	2784
2021-04-10	18171929	368398	302921	65477	13438679	988671	3744579	13147855	5024074	0.158	0.060	7644926	5826686	1124640	1761928	4910112	4346229	944820	1001588	2734814	1480457	179820	760340	17141529	1030400	0	8663485	4775194	742648	246023	3741722	2857
2021-04-11	18432488	260559	210460	50099	13606484	1006708	3819296	13358315	5074173	0.161	0.061	7644926	5826686	1124640	1761928	4910112	4346229	944820	1001588	2734814	1480457	179820	760340	17397009	1035479	0	8784959	4821525	756967	249741	3816389	2907
2021-04-12	18847502	415014	338267	76747	13884777	1035320	3927405	13696582	5150920	0.165	0.062	7644926	5826686	1124640	1761928	4910112	4346229	944820	1001588	2734814	1480457	179820	760340	17763516	1083986	0	8995145	4889632	777009	258311	3924428	2977
2021-04-13	19417739	570237	497132	73105	14313045	1061965	4042729	14193714	5224025	0.171	0.063	7644926	5826686	1124640	1761928	4910112	4346229	944820	1001588	2734814	1480457	179820	760340	18137623	1280116	0	9355851	4957194	798304	263661	4039559	3170
2021-04-14	20190406	772667	689816	82851	14929333	1095216	4165857	14883530	5306876	0.179	0.064	7644926	5826686	1124640	1761928	4910112	4346229	944820	1001588	2734814	1480457	179820	760340	18536493	1653913	0	9898276	5031057	823057	272159	4162197	3660
2021-04-15	20867944	677538	608109	69429	15460621	1131530	4275793	15491639	5376305	0.186	0.065	7644926	5826686	1124640	1761928	4910112	4346229	944820	1001588	2734814	1480457	179820	760340	18918402	1949542	0	10369490	5091131	850624	280906	4271525	4268
2021-04-16	21459834	591890	517194	74696	15896835	1162645	4400354	16008833	5451001	0.192	0.066	7644926	5826686	1124640	1761928	4910112	4346229	944820	1001588	2734814	1480457	179820	760340	19315453	2144381	0	10740537	5156298	872885	289760	4395411	4943
2021-04-17	21820773	360939	305439	55500	16119449	1184603	4516721	16314272	5506501	0.196	0.066	7644926	5826686	1124640	1761928	4910112	4346229	944820	1001588	2734814	1480457	179820	760340	19654588	2166185	0	10916003	5203446	887873	296730	4510396	6325
2021-04-18	22086374	265601	226859	38742	16290507	1198821	4597046	16541131	5545243	0.199	0.067	7644926	5826686	1124640	1761928	4910112	4346229	944820	1001588	2734814	1480457	179820	760340	19915578	2170796	0	11053030	5237477	898427	300394	4589674	7372
2021-04-19	22484245	397871	337381	60490	16579380	1230617	4674248	16878512	5605733	0.203	0.067	7644926	5826686	1124640	1761928	4910112	4346229	944820	1001588	2734814	1480457	179820	760340	20269118	2215127	0	11290478	5288902	922402	308215	4665632	8616
2021-04-20	23038292	554047	492837	61210	16956759	1268447	4813086	17371349	5666943	0.209	0.068	7644926	5826686	1124640	1761928	4910112	4346229	944820	1001588	2734814	1480457	179820	760340	20628714	2409578	0	11614860	5341899	953977	314470	4802512	10574
2021-04-21	23750171	711879	640651	71228	17405594	1307508	5037069	18012000	5738171	0.217	0.069	7644926	5826686	1124640	1761928	4910112	4346229	944820	1001588	2734814	1480457	179820	760340	21001445	2748726	0	12002371	5403223	985552	321956	5024077	12992
2021-04-22	24381686	631515	566458	65057	17784621	1348451	5248614	18578458	5803228	0.223	0.070	7644926	5826686	1124640	1761928	4910112	4346229	944820	1001588	2734814	1480457	179820	760340	21365701	3015985	0	12326630	5457991	1019621	328830	5232207	16407
2021-04-23	24929167	547481	480923	66558	18133130	1390201	5405836	19059381	5869786	0.229	0.071	7644926	5826686	1124640	1761928	4910112	4346229	944820	1001588	2734814	1480457	179820	760340	21744987	3184180	0	12621674	5511456	1051734	338467	5385973	19863
2021-04-24	25295045	365878	307365	58513	18369823	1439055	5486167	19366746	5928299	0.233	0.071	7644926	5826686	1124640	1761928	4910112	4346229	944820	1001588	2734814	1480457	179820	760340	22093954	3201091	0	12817475	5552348	1085354	353701	5463917	22250
2021-04-25	25576975	281930	234899	47031	18556500	1472955	5547520	19601645	5975330	0.236	0.072	7644926	5826686	1124640	1761928	4910112	4346229	944820	1001588	2734814	1480457	179820	760340	22370070	3206905	0	12968709	5587791	1109501	363454	5523435	24085
2021-04-26	26001808	424833	352757	72076	18869889	1513521	5618336	19954402	6047406	0.240	0.073	7644926	5826686	1124640	1761928	4910112	4346229	944820	1001588	2734814	1480457	179820	760340	22708311	3293497	62	13222286	5647603	1141681	371840	5590435	27901
2021-04-27	26782694	780886	692174	88712	19543676	1564627	5673875	20646576	6136118	0.248	0.074	7644926	5826686	1124640	1761928	4910112	4346229	944820	1001588	2734814	1480457	179820	760340	23074317	3708377	516	13821036	5722640	1183728	380899	5641812	32063
2021-04-28	27896386	1113692	989309	124383	20547430	1621441	5726286	21635885	6260501	0.260	0.075	7644926	5826686	1124640	1761928	4910112	4346229	944820	1001588	2734814	1480457	179820	760340	23458926	4437460	1229	14717160	5830270	1229281	392160	5689444	36842
2021-04-29	28829063	932677	802962	129715	21362833	1682208	5781916	22438847	6390216	0.270	0.077	7644926	5826686	1124640	1761928	4910112	4346229	944820	1001588	2734814	1480457	179820	760340	23833535	4995528	2106	15422956	5939877	1278370	403838	5737521	44395
2021-04-30	29616971	787908	654675	133233	22031939	1735024	5847123	23093522	6523449	0.278	0.078	7644926	5826686	1124640	1761928	4910112	4346229	944820	1001588	2734814	1480457	179820	760340	24221597	5395374	2885	15981821	6050118	1318066	416958	5793635	53488
2021-05-01	29942496	325525	250940	74585	22277333	1773980	5885987	23344462	6598034	0.281	0.079	7644926	5826686	1124640	1761928	4910112	4346229	944820	1001588	2734814	1480457	179820	760340	24522472	5420024	5196	16166841	6110492	1351100	422880	5826521	59466
2021-05-02	30199125	256629	190062	66567	22467861	1809787	5914704	23534524	6664601	0.283	0.080	7644926	5826686	1124640	1761928	4910112	4346229	944820	1001588	2734814	1480457	179820	760340	24771446	5427679	6773	16302110	6165751	1381812	427975	5850602	64102
2021-05-03	30623902	424777	317902	106875	22768239	1872526	5975398	23852426	6771476	0.287	0.081	7644926	5826686	1124640	1761928	4910112	4346229	944820	1001588	2734814	1480457	179820	760340	25102363	5521539	7739	16515448	6252791	1435533	436993	5901445	73953
