date	dosen_kumulativ	dosen_differenz_zum_vortag	dosen_erst_differenz_zum_vortag	dosen_zweit_differenz_zum_vortag	dosen_biontech_kumulativ	dosen_moderna_kumulativ	dosen_astrazeneca_kumulativ	personen_erst_kumulativ	personen_voll_kumulativ	impf_quote_erst	impf_quote_voll	indikation_alter_dosen	indikation_beruf_dosen	indikation_medizinisch_dosen	indikation_pflegeheim_dosen	indikation_alter_erst	indikation_beruf_erst	indikation_medizinisch_erst	indikation_pflegeheim_erst	indikation_alter_voll	indikation_beruf_voll	indikation_medizinisch_voll	indikation_pflegeheim_voll	dosen_dim_kumulativ	dosen_kbv_kumulativ	dosen_johnson_kumulativ	dosen_biontech_erst_kumulativ	dosen_biontech_zweit_kumulativ	dosen_moderna_erst_kumulativ	dosen_moderna_zweit_kumulativ	dosen_astrazeneca_erst_kumulativ	dosen_astrazeneca_zweit_kumulativ	dosen_erst_kumulativ	dosen_zweit_kumulativ
2020-12-27	23322	23322	23305	17	23321	1	0	23305	17	0.000	0.000	10705	8657	1305	12604	10664	8590	1305	12536	41	67	0	68	23322	0	0	23304	17	1	0	0	0	23305	17
2020-12-28	41098	17776	17737	39	41097	1	0	41042	56	0.000	0.000	18621	15788	1991	21344	18580	15721	1991	21276	41	67	0	68	41098	0	0	41041	56	1	0	0	0	41042	56
2020-12-29	90870	49772	49049	723	90869	1	0	90091	779	0.001	0.000	34989	40734	3107	40508	34724	40420	3107	40099	265	314	0	409	90870	0	0	90090	779	1	0	0	0	90091	779
2020-12-30	152629	61759	61632	127	152628	1	0	151723	906	0.002	0.000	55510	73365	4901	63206	55243	73050	4901	62794	267	315	0	412	152629	0	0	151722	906	1	0	0	0	151723	906
2020-12-31	202787	50158	50007	151	202786	1	0	201730	1057	0.002	0.000	72831	96719	6752	83965	72517	96367	6752	83476	314	352	0	489	202787	0	0	201729	1057	1	0	0	0	201730	1057
2021-01-01	228525	25738	25727	11	228516	6	3	227457	1068	0.003	0.000	81208	105449	7830	92301	80894	105097	7830	91812	314	352	0	489	228525	0	0	227449	1067	6	0	2	1	227457	1068
2021-01-02	276166	47641	47356	285	276157	6	3	274813	1353	0.003	0.000	102774	129731	10350	113258	102365	129304	10350	112629	409	427	0	629	276166	0	0	274805	1352	6	0	2	1	274813	1353
2021-01-03	298346	22180	22174	6	298337	6	3	296987	1359	0.004	0.000	113044	140227	11284	123279	112635	139800	11284	122650	409	427	0	629	298346	0	0	296979	1358	6	0	2	1	296987	1359
2021-01-04	344925	46579	46525	54	344915	7	3	343512	1413	0.004	0.000	129646	164913	13951	139091	129237	164486	13951	138462	409	427	0	629	344925	0	0	343503	1412	7	0	2	1	343512	1413
2021-01-05	396783	51858	51828	30	396772	8	3	395340	1443	0.005	0.000	147987	192565	16489	157656	147576	192117	16489	157025	411	448	0	631	396783	0	0	395330	1442	8	0	2	1	395340	1443
2021-01-06	458939	62156	62147	9	458920	14	5	457487	1452	0.006	0.000	169498	225530	19910	180812	169086	225082	19910	180181	412	448	0	631	458939	0	0	457469	1451	14	0	4	1	457487	1452
2021-01-07	513053	54114	54105	9	513030	17	6	511592	1461	0.006	0.000	189172	254868	22957	197233	188758	254418	22957	196600	414	450	0	633	513053	0	0	511570	1460	17	0	5	1	511592	1461
2021-01-08	574832	61779	61448	331	574759	66	7	573040	1792	0.007	0.000	211521	287315	26324	218219	211009	286711	26320	217449	512	604	4	770	574832	0	0	572968	1791	66	0	6	1	573040	1792
2021-01-09	634294	59462	59414	48	634221	66	7	632454	1840	0.008	0.000	237322	313238	29007	243325	236798	312599	29003	242545	524	639	4	780	634294	0	0	632382	1839	66	0	6	1	632454	1840
2021-01-10	668953	34659	34650	9	668878	68	7	667104	1849	0.008	0.000	252455	327794	30379	256315	251929	327151	30375	255535	526	643	4	780	668953	0	0	667030	1848	68	0	6	1	667104	1849
2021-01-11	736047	67094	67040	54	735969	71	7	734144	1903	0.009	0.000	277513	359176	33587	276774	276967	358513	33583	275968	546	663	4	806	736047	0	0	734067	1902	71	0	6	1	734144	1903
2021-01-12	816757	80710	80649	61	816663	86	8	814793	1964	0.010	0.000	305695	401338	36582	301731	305147	400670	36578	300888	548	668	4	843	816757	0	0	814700	1963	86	0	7	1	814793	1964
2021-01-13	928346	111589	111392	197	927081	1257	8	926185	2161	0.011	0.000	345167	458844	40485	337339	344574	458093	40466	336399	593	751	19	940	928346	0	0	924921	2160	1257	0	7	1	926185	2161
2021-01-14	1010333	81987	81803	184	1003927	6398	8	1007988	2345	0.012	0.000	374803	501101	42769	361463	374094	500254	42750	360452	709	847	19	1011	1010333	0	0	1001627	2300	6354	44	7	1	1007988	2345
2021-01-15	1100354	90021	89219	802	1088680	11661	13	1097207	3147	0.013	0.000	408725	545673	46728	389202	407810	544625	46700	387982	915	1048	28	1220	1100354	0	0	1085578	3102	11617	44	12	1	1097207	3147
2021-01-16	1157384	57030	56012	1018	1144029	13341	14	1153219	4165	0.014	0.000	432983	570627	48859	408798	431664	569232	48767	407047	1319	1395	92	1751	1157384	0	0	1139909	4120	13297	44	13	1	1153219	4165
2021-01-17	1205712	48328	30540	17788	1191095	14602	15	1183759	21953	0.014	0.000	453449	591002	50884	428544	444215	583354	50014	417145	9234	7648	870	11399	1205712	0	0	1169187	21908	14558	44	14	1	1183759	21953
2021-01-18	1287789	82077	66218	15859	1269019	18754	16	1249977	37812	0.015	0.000	482728	633883	53106	448900	467235	619730	51700	430238	15493	14153	1406	18662	1287789	0	0	1231254	37765	18708	46	15	1	1249977	37812
2021-01-19	1406241	118452	82446	36006	1383802	22415	24	1332423	73818	0.016	0.001	519765	695968	56714	479843	492669	666683	54375	447938	27096	29285	2339	31905	1406241	0	0	1310035	73767	22365	50	23	1	1332423	73818
2021-01-20	1538358	132117	77881	54236	1513175	25156	27	1410304	128054	0.017	0.002	568076	760039	60957	522078	522876	706310	57505	469463	45200	53729	3452	52615	1538358	0	0	1385172	128003	25106	50	26	1	1410304	128054
2021-01-21	1644476	106118	64193	41925	1616555	27894	27	1474497	169979	0.018	0.002	610150	808503	65406	556195	549621	735602	60889	487988	60529	72901	4517	68207	1644476	0	0	1446628	169927	27843	51	26	1	1474497	169979
2021-01-22	1747314	102838	68187	34651	1717201	30079	34	1542684	204630	0.019	0.002	654049	853889	69013	590642	579902	764987	63599	506975	74147	88902	5414	83667	1747314	0	0	1512625	204576	30026	53	33	1	1542684	204630
2021-01-23	1833936	86622	40712	45910	1803462	30437	37	1583396	250540	0.019	0.003	691767	890989	72414	617916	599855	780966	64783	516268	91912	110023	7631	101648	1833936	0	0	1552977	250485	30383	54	36	1	1583396	250540
2021-01-24	1881671	47735	25738	21997	1850998	30632	41	1609134	272537	0.019	0.003	715655	910067	73331	632982	614016	789814	65130	521524	101639	120253	8201	111458	1881671	0	0	1578516	272482	30578	54	40	1	1609134	272537
2021-01-25	1972856	91185	51977	39208	1940768	32044	44	1661111	311745	0.020	0.004	756375	951632	76827	658117	642321	811974	66847	534304	114054	139658	9980	123813	1972856	0	0	1629079	311689	31989	55	43	1	1661111	311745
2021-01-26	2070334	97478	50357	47121	2036803	33480	51	1711468	358866	0.021	0.004	796572	997196	80614	684405	667753	831436	68195	545278	128819	165760	12419	139127	2070334	0	0	1677997	358806	33421	59	50	1	1711468	358866
2021-01-27	2178944	108610	50717	57893	2143619	35266	59	1762185	416759	0.021	0.005	839834	1049509	85786	715259	691463	852265	70042	556304	148371	197244	15744	158955	2178944	0	0	1726931	416688	35196	70	58	1	1762185	416759
2021-01-28	2269386	90442	45088	45354	2232404	36920	62	1807273	462113	0.022	0.006	877990	1090332	89974	739697	713483	869115	71590	567469	164507	221217	18384	172228	2269386	0	0	1770380	462024	36832	88	61	1	1807273	462113
2021-01-29	2377868	108482	51318	57164	2339440	38361	67	1858591	519277	0.022	0.006	920894	1138243	95507	769100	735839	888487	73819	578309	185055	249756	21688	190791	2377868	0	0	1820252	519188	38273	88	66	1	1858591	519277
2021-01-30	2466220	88352	34493	53859	2426915	39235	70	1893084	573136	0.023	0.007	957412	1174692	99468	796433	752473	901967	75224	586328	204939	272725	24244	210105	2466220	0	0	1853870	573045	39146	89	68	2	1893084	573136
2021-01-31	2523390	57170	25807	31363	2483704	39612	74	1918891	604499	0.023	0.007	982865	1196922	101575	812430	766590	910861	76411	592657	216275	286061	25164	219773	2523390	0	0	1879305	604399	39515	97	71	3	1918891	604499
2021-02-01	2642857	119467	57841	61626	2600912	41820	125	1976732	666125	0.024	0.008	1026174	1260299	105285	839830	787193	944041	78273	602425	238981	316258	27012	237405	2642857	0	0	1934887	666025	41723	97	122	3	1976732	666125
2021-02-02	2773485	130628	64399	66229	2728506	44841	138	2041131	732354	0.025	0.009	1069633	1330364	110479	870030	806216	982089	80866	611659	263417	348275	29613	258371	2773485	0	0	1996253	732253	44743	98	135	3	2041131	732354
2021-02-03	2932568	159083	63333	95750	2881265	51140	162	2104465	828104	0.025	0.010	1128983	1407775	116405	912544	829819	1014401	83062	623312	299164	393374	33343	289232	2932568	0	1	2053265	828000	51040	100	159	3	2104464	828104
2021-02-04	3062934	130366	59996	70370	3005936	56831	166	2164461	898474	0.026	0.011	1177986	1472437	120972	943857	851937	1046473	85311	632945	326049	425964	35661	310912	3062934	0	1	2107568	898368	56729	102	163	3	2164460	898474
2021-02-05	3207228	144294	67818	76476	3143943	63110	174	2232279	974950	0.027	0.012	1232524	1542580	126293	977786	877231	1080338	86905	644262	355293	462242	39388	333524	3207228	0	1	2169100	974843	63008	102	170	4	2232278	974950
2021-02-06	3307653	100425	47031	53394	3241838	65639	175	2279310	1028344	0.027	0.012	1272514	1588658	130853	1003590	896490	1101898	88782	653957	376024	486760	42071	349633	3307653	0	1	2213601	1028237	65537	102	171	4	2279309	1028344
2021-02-07	3360997	53344	28076	25268	3292786	68033	177	2307386	1053612	0.028	0.013	1298155	1609930	133571	1016823	910800	1112720	90015	659435	387355	497210	43556	357388	3360997	0	1	2239282	1053504	67930	103	173	4	2307385	1053612
2021-02-08	3470123	109126	53048	56078	3397804	72117	201	2360434	1109690	0.028	0.013	1350672	1655734	137545	1035599	942269	1129343	91902	666781	408403	526391	45643	368818	3470123	0	1	2288223	1109581	72013	104	197	4	2360433	1109690
2021-02-09	3603772	133649	60220	73429	3527706	75751	314	2420654	1183119	0.029	0.014	1411842	1714380	141993	1058512	978151	1147503	94639	674792	433691	566877	47354	383720	3603772	0	1	2344887	1182819	75456	295	310	4	2420653	1183119
2021-02-10	3757374	153602	77046	76556	3669279	79847	8247	2497700	1259675	0.030	0.015	1478760	1781046	146001	1087933	1017461	1175177	96286	685176	461299	605869	49715	402757	3757374	0	1	2410896	1258383	78571	1276	8232	15	2497699	1259675
2021-02-11	3898804	141430	73997	67433	3788138	87161	23502	2571699	1327108	0.031	0.016	1539776	1848576	151475	1113070	1052428	1208053	98713	694775	487348	640523	52762	418295	3898804	0	3	2465362	1322776	82857	4304	23477	25	2571696	1327108
2021-02-12	4054013	155209	78480	76729	3920694	96530	36783	2650182	1403837	0.032	0.017	1611268	1919253	157751	1138545	1094198	1240389	101429	704318	517070	678864	56322	434227	4054013	0	6	2526313	1394381	87427	9103	36436	347	2650176	1403837
2021-02-13	4161181	107168	61625	45543	4011483	99721	49970	2711808	1449380	0.033	0.017	1667599	1960972	162355	1156080	1129093	1262877	103231	711418	538506	698095	59124	444662	4161181	0	7	2573110	1438373	89075	10646	49616	354	2711801	1449380
2021-02-14	4226570	65389	39702	25687	4067144	102170	57248	2751511	1475067	0.033	0.018	1706122	1983696	163973	1164146	1153761	1276081	104081	714928	552361	707615	59892	449218	4226570	0	8	2604311	1462833	90319	11851	56873	375	2751503	1475067
2021-02-15	4351080	124510	68881	55629	4171703	107324	72044	2820393	1530696	0.034	0.018	1773591	2031897	168008	1183418	1194859	1300739	106358	721524	578732	731158	61650	461894	4351080	0	9	2656216	1515487	92516	14808	71652	392	2820384	1530696
2021-02-16	4488895	137815	82014	55801	4279699	113345	95841	2902408	1586497	0.035	0.019	1839625	2089928	170683	1200400	1236633	1336138	107879	728440	602992	753790	62804	471960	4488895	0	10	2711767	1567932	95191	18154	95440	401	2902398	1586497
2021-02-17	4638973	150078	93641	56437	4401716	121316	115930	2996050	1642934	0.036	0.020	1920033	2147919	175770	1221928	1292995	1368705	110873	736858	627038	779214	64897	485070	4638973	0	11	2780539	1621177	99979	21337	115521	409	2996039	1642934
2021-02-18	4780675	141702	90231	51471	4512139	129451	139073	3086282	1694405	0.037	0.020	1995907	2206102	179208	1240945	1345328	1403985	112659	744258	650579	802117	66549	496687	4780675	0	12	2843038	1669101	104570	24881	138662	411	3086270	1694405
2021-02-19	4935165	154490	100240	54250	4631291	139260	164601	3186523	1748655	0.038	0.021	2076668	2266444	184080	1258305	1402958	1440066	115287	750941	673710	826378	68793	507364	4935165	0	13	2911053	1720238	111369	27891	164088	513	3186510	1748655
2021-02-20	5047013	111848	75939	35909	4717125	143766	186108	3262463	1784564	0.039	0.021	2138268	2310157	187738	1272296	1445964	1469322	117533	755178	692304	840835	70205	517118	5047013	0	14	2961516	1755609	115347	28419	185586	522	3262449	1784564
2021-02-21	5132850	85837	57268	28569	4783510	147413	201912	3319732	1813133	0.040	0.022	2187054	2340674	190304	1282667	1479917	1489494	118664	757407	707137	851180	71640	525260	5132850	0	15	2999496	1784014	118834	28579	201387	525	3319717	1813133
2021-02-22	5291261	158411	98735	59676	4907851	156275	227119	3418468	1872809	0.041	0.023	2266701	2410287	195201	1300517	1538362	1525084	121627	763642	728339	885203	73574	536875	5291261	0	16	3065940	1841911	125927	30348	226585	534	3418452	1872809
2021-02-23	5457696	166435	106857	59578	5039796	163299	254584	3525326	1932387	0.042	0.023	2346910	2483166	200501	1318387	1598211	1563793	124757	771284	748699	919373	75744	547103	5457696	0	17	3139972	1899824	131296	32003	254041	543	3525309	1932387
2021-02-24	5631231	173535	114914	58621	5170157	170886	290170	3640241	1991008	0.044	0.024	2431789	2557990	207079	1337422	1660503	1608669	128907	778912	771286	949321	78172	558510	5631231	0	18	3213413	1956744	137197	33689	289613	557	3640223	1991008
2021-02-25	5819534	188303	130364	57939	5299936	177593	341987	3770605	2048947	0.045	0.025	2514175	2648479	213515	1355541	1722988	1667176	133470	787131	791187	981303	80045	568410	5819534	0	18	3286743	2013193	142424	35169	341420	567	3770587	2048947
2021-02-26	6028195	208661	143195	65466	5439071	186335	402771	3913800	2114413	0.047	0.025	2602819	2749814	220591	1375230	1787946	1735795	138593	794627	814873	1014019	81998	580603	6028195	0	18	3362080	2076991	149575	36760	402127	644	3913782	2114413
2021-02-27	6175503	147308	107361	39947	5531287	190411	453787	4021161	2154360	0.048	0.026	2666475	2822116	227301	1388101	1833818	1790224	143432	799030	832657	1031892	83869	589071	6175503	0	18	3415089	2116198	152919	37492	453135	652	4021143	2154360
2021-02-28	6282604	107101	82980	24121	5592508	194357	495721	4104141	2178481	0.049	0.026	2714700	2875405	231582	1394762	1868893	1834535	146785	801170	845807	1040870	84797	593592	6282604	0	18	3452550	2139958	156513	37844	495060	661	4104123	2178481
2021-03-01	6478358	195754	146268	49486	5721444	203917	552979	4250409	2227967	0.051	0.027	2817221	2953369	239381	1408021	1943445	1896228	153263	806209	873776	1057141	86118	601812	6478358	0	18	3534034	2187410	164049	39868	552308	671	4250391	2227967
2021-03-02	6691308	212950	161330	51620	5856979	213865	620446	4411739	2279587	0.053	0.027	2927307	3047588	248982	1422628	2022735	1971725	160632	812692	904572	1075863	88350	609936	6691308	0	18	3620829	2236150	171131	42734	619761	685	4411721	2279587
2021-03-03	6934403	243095	173451	69644	6013285	228255	692845	4585190	2349231	0.055	0.028	3047976	3148969	260606	1439862	2105531	2048823	170041	819606	942445	1100146	90565	620256	6934403	0	18	3712969	2300316	180110	48145	692093	752	4585172	2349231
2021-03-04	7176905	242502	180182	62320	6153977	242608	780302	4765372	2411551	0.057	0.029	3159240	3258741	272992	1455625	2181653	2136963	180034	825002	977587	1121778	92958	630623	7176905	0	18	3796697	2357280	189147	53461	779510	792	4765354	2411551
2021-03-05	7447500	270595	202816	67779	6301471	255771	890239	4968189	2479330	0.060	0.030	3277185	3383782	287941	1471072	2258903	2242620	191990	830697	1018282	1141162	95951	640375	7447500	0	19	3882330	2419141	196437	59334	889403	836	4968170	2479330
2021-03-06	7649164	201664	153073	48591	6411052	264243	973850	5121262	2527921	0.062	0.030	3366696	3478463	298371	1480590	2314602	2325555	200824	833966	1052094	1152908	97547	646624	7649164	0	19	3945532	2465520	202714	61529	972997	853	5121243	2527921
2021-03-07	7799606	150442	116445	33997	6492984	271013	1035590	5237707	2561918	0.063	0.031	3437978	3544531	306478	1486155	2360956	2383880	208082	835928	1077022	1160651	98396	650227	7799606	0	19	3995824	2497160	207144	63869	1034720	870	5237688	2561918
2021-03-08	8036697	237091	185568	51523	6627029	281956	1127693	5423275	2613441	0.065	0.031	3556806	3640371	322827	1498475	2442587	2468035	222757	841890	1114219	1172336	100070	656585	8036697	0	19	4081778	2545251	214692	67264	1126786	907	5423256	2613441
2021-03-09	8286931	250234	195744	54490	6766843	294599	1225470	5619019	2667931	0.068	0.032	3677710	3742787	340236	1512022	2524321	2558568	238262	848791	1153389	1184219	101974	663231	8286931	0	19	4170512	2596331	223980	70619	1224508	962	5619000	2667931
2021-03-10	8571791	284860	218807	66053	6925255	306206	1340311	5837826	2733984	0.070	0.033	3808598	3856306	360962	1530389	2606688	2661880	256906	860000	1201910	1194426	104056	670389	8570820	971	19	4266124	2659131	232384	73822	1339299	1012	5837807	2733984
2021-03-11	8853506	281715	221151	60564	7073126	319810	1460551	6058977	2794548	0.073	0.034	3937470	3976178	382106	1544008	2689957	2769533	276555	867677	1247513	1206645	105551	676331	8851880	1626	19	4357732	2715394	241736	78074	1459490	1061	6058958	2794548
2021-03-12	9178217	324711	253979	70732	7224324	336985	1616889	6312956	2865280	0.076	0.034	4071484	4127850	404783	1559463	2770420	2906954	297406	877132	1301064	1220896	107377	682331	9176381	1836	19	4442845	2781479	254418	82567	1615674	1215	6312937	2865280
2021-03-13	9425977	247760	198154	49606	7339313	346643	1740002	6511110	2914886	0.078	0.035	4181046	4240796	425293	1567511	2840453	3011727	316755	881879	1340593	1229069	108538	685632	9423985	1992	19	4509629	2829684	262715	83928	1738747	1255	6511091	2914886
2021-03-14	9597016	171039	135114	35925	7428291	351794	1816912	6646224	2950811	0.080	0.035	4266043	4307307	441408	1570975	2896461	3072888	331859	883676	1369582	1234419	109549	687299	9595014	2002	19	4563665	2864626	266895	84899	1815645	1267	6646205	2950811
2021-03-15	9843915	246899	188003	58896	7580555	364267	1899074	6834227	3009707	0.082	0.036	4400463	4391447	461474	1582289	2984151	3147219	350790	890548	1416312	1244228	110684	691741	9841630	2285	19	4658741	2921814	277739	86528	1897728	1346	6834208	3009707
2021-03-16	10021537	177622	110357	67265	7745915	375359	1900244	6944584	3076972	0.084	0.037	4527474	4426082	473886	1593025	3059300	3169255	361553	895647	1468174	1256827	112333	697378	10018705	2832	19	4759195	2986720	286474	88885	1898896	1348	6944565	3076972
2021-03-17	10225594	204057	124194	79863	7931321	393298	1900956	7068778	3156835	0.085	0.038	4672447	4463838	487350	1605072	3141952	3193652	373040	902175	1530495	1270186	114310	702897	10222145	3449	19	4869530	3061791	299626	93672	1899603	1353	7068759	3156835
2021-03-18	10418162	192568	117725	74843	8104715	411327	1902101	7186503	3231678	0.086	0.039	4812398	4498757	499905	1615322	3222615	3215628	383588	907340	1589783	1283129	116317	707982	10414290	3872	19	4973204	3131511	312535	98792	1900745	1356	7186484	3231678
2021-03-19	10661574	243412	160314	83098	8288989	431843	1940723	7346817	3314776	0.088	0.040	4961948	4563922	518114	1627194	3306761	3267408	399605	914537	1655187	1296514	118509	712657	10657171	4403	19	5081024	3207965	326462	105381	1939312	1411	7346798	3314776
2021-03-20	10881816	220242	166976	53266	8424253	447117	2010427	7513793	3368042	0.090	0.040	5078536	4641917	537715	1633319	3379545	3337212	417708	917920	1698991	1304705	120007	715399	10877089	4727	19	5166864	3257389	337922	109195	2008988	1439	7513774	3368042
2021-03-21	11047725	165909	127270	38639	8527344	456568	2063794	7641063	3406681	0.092	0.041	5171749	4694283	554274	1635819	3440184	3384099	433219	919244	1731565	1310184	121055	716575	11042998	4727	19	5234594	3292750	344118	112450	2062332	1462	7641044	3406681
2021-03-22	11315508	267783	191691	76092	8693592	480275	2141622	7832754	3482773	0.094	0.042	5329624	4766248	576579	1645397	3534739	3445389	453483	925279	1794885	1320859	123096	720118	11309253	6255	19	5332161	3361431	360465	119810	2140109	1513	7832735	3482773
2021-03-23	11613630	298122	215154	82968	8873858	500022	2239731	8047908	3565741	0.097	0.043	5490190	4854892	604288	1656865	3629814	3521119	478432	932910	1860376	1333773	125856	723955	11602387	11243	19	5434442	3439416	375285	124737	2238162	1569	8047889	3565741
2021-03-24	11947855	334225	246230	87995	9071152	533309	2343375	8294138	3653736	0.100	0.044	5664852	4952071	635971	1672375	3732242	3605792	507202	944863	1932610	1346279	128769	727512	11930820	17035	19	5549053	3522099	403314	129995	2341752	1623	8294119	3653736
2021-03-25	12285234	337379	257523	79856	9257954	560950	2466311	8551661	3733592	0.103	0.045	5830941	5060081	670798	1683452	3832663	3703768	539527	951994	1998278	1356313	131271	731458	12262254	22980	19	5661624	3596330	425422	135528	2464596	1715	8551642	3733592
2021-03-26	12661948	376714	287948	88766	9461056	597833	2603040	8839609	3822358	0.106	0.046	6003833	5184282	710463	1698535	3933360	3816071	576057	962322	2070473	1368211	134406	736213	12632654	29294	19	5782714	3678342	455643	142190	2601233	1807	8839590	3822358
2021-03-27	12948941	286993	224607	62386	9613763	625371	2709788	9064216	3884744	0.109	0.047	6147056	5279869	744190	1703356	4023632	3903670	607441	965464	2123424	1376199	136749	737892	12917297	31644	19	5876144	3737619	480133	145238	2707920	1868	9064197	3884744
2021-03-28	13146250	197309	144408	52901	9732119	643914	2770196	9208626	3937645	0.111	0.047	6253046	5333384	768116	1706823	4085867	3950861	629648	967502	2167179	1382523	138468	739321	13114415	31835	21	5944907	3787212	495421	148493	2768277	1919	9208605	3937645
2021-03-29	13456559	310309	221006	89303	9921848	669770	2864920	9429632	4026948	0.113	0.048	6418833	5404751	806706	1716518	4180272	4010842	665103	973637	2238561	1393909	141603	742881	13418776	37783	21	6052661	3869187	514008	155762	2862942	1978	9429611	4026948
2021-03-30	13787563	331004	236991	94013	10140790	695928	2950824	9666623	4120961	0.116	0.050	6591913	5474211	853024	1727240	4280843	4069380	706095	981320	2311070	1404831	146929	745920	13737644	49919	21	6185044	3955746	532777	163151	2948781	2043	9666602	4120961
2021-03-31	14127100	339537	236267	103270	10388996	734007	3004076	9902890	4224231	0.119	0.051	6774517	5538855	899988	1738789	4384637	4121392	747318	988525	2389880	1417463	152670	750264	14060866	66234	21	6338875	4050121	561997	172010	3001997	2079	9902869	4224231
2021-04-01	14455351	328251	234903	93348	10627389	767573	3060368	10137793	4317579	0.122	0.052	6936269	5606629	944397	1747554	4476928	4175958	787230	994147	2459341	1430671	157167	753407	14369038	86313	21	6492405	4134984	587118	180455	3058249	2119	10137772	4317579
2021-04-02	14682019	226668	156975	69693	10806727	783872	3091399	10294768	4387272	0.124	0.053	7067172	5654574	981393	1749910	4552089	4213818	820223	995356	2515083	1440756	161170	754554	14594182	87837	21	6607372	4199355	598120	185752	3089255	2144	10294747	4387272
2021-04-03	14914753	232734	166959	65775	10981898	800612	3132222	10461727	4453047	0.126	0.054	7198861	5698683	1018737	1753036	4633025	4248782	853330	997097	2565836	1449901	165407	755939	14825517	89236	21	6722091	4259807	609572	191040	3130043	2179	10461706	4453047
2021-04-04	15111243	196490	142913	53577	11117922	811681	3181619	10604640	4506624	0.128	0.054	7309766	5731715	1048001	1754173	4704262	4274251	879171	997551	2605504	1457464	168830	756622	15021871	89372	21	6808962	4308960	616261	195420	3179396	2223	10604619	4506624
2021-04-05	15359531	248288	175667	72621	11284011	830546	3244953	10780307	4579245	0.130	0.055	7456036	5770066	1081529	1756372	4794323	4302940	907924	998846	2661713	1467126	173605	757526	15268849	90682	21	6907741	4376270	629854	200692	3242691	2262	10780286	4579245
2021-04-06	15732872	373341	277101	96240	11538832	862707	3331312	11057408	4675485	0.133	0.056	7644926	5826686	1124640	1761928	4910112	4346229	944820	1001588	2734814	1480457	179820	760340	15605563	127309	21	7075041	4463791	653375	209332	3328971	2341	11057387	4675485
2021-04-07	16412051	679179	582340	96839	12081720	899445	3430865	11639748	4772324	0.140	0.057	7644926	5826686	1124640	1761928	4910112	4346229	944820	1001588	2734814	1480457	179820	760340	15979078	432973	21	7529670	4552050	681625	217820	3428432	2433	11639727	4772324
2021-04-08	17144983	732932	643383	89549	12656808	934230	3553924	12283131	4861873	0.148	0.058	7644926	5826686	1124640	1761928	4910112	4346229	944820	1001588	2734814	1480457	179820	760340	16387132	757851	21	8024196	4632612	707512	226718	3551402	2522	12283110	4861873
2021-04-09	17772901	627918	539310	88608	13147896	970806	3654178	12822441	4950481	0.154	0.060	7644926	5826686	1124640	1761928	4910112	4346229	944820	1001588	2734814	1480457	179820	760340	16775547	997354	21	8438130	4709766	732731	238075	3651559	2619	12822420	4950481
2021-04-10	18143800	370899	305818	65081	13396078	994019	3753682	13128259	5015562	0.158	0.060	7644926	5826686	1124640	1761928	4910112	4346229	944820	1001588	2734814	1480457	179820	760340	17113400	1030400	21	8629032	4767046	748214	245805	3750992	2690	13128238	5015562
2021-04-11	18406230	262430	212390	50040	13565165	1012342	3828702	13340649	5065602	0.160	0.061	7644926	5826686	1124640	1761928	4910112	4346229	944820	1001588	2734814	1480457	179820	760340	17370751	1035479	21	8751809	4813356	762856	249486	3825963	2739	13340628	5065602
2021-04-12	18823519	417289	340521	76768	13845304	1041547	3936646	13681171	5142370	0.165	0.062	7644926	5826686	1124640	1761928	4910112	4346229	944820	1001588	2734814	1480457	179820	760340	17739533	1083986	22	8963865	4881439	783448	258099	3933836	2810	13681149	5142370
2021-04-13	19395687	572168	498804	73364	14275881	1068368	4051416	14179975	5215734	0.171	0.063	7644926	5826686	1124640	1761928	4910112	4346229	944820	1001588	2734814	1480457	179820	760340	18115571	1280116	22	9326745	4949136	804806	263562	4048402	3014	14179953	5215734
2021-04-14	20169717	774030	690992	83038	14893266	1101915	4174514	14870967	5298772	0.179	0.064	7644926	5826686	1124640	1761928	4910112	4346229	944820	1001588	2734814	1480457	179820	760340	18515804	1653913	22	9870159	5023107	829851	272064	4170935	3579	14870945	5298772
2021-04-15	20848880	679163	608445	70718	15425679	1138465	4284713	15479413	5369490	0.186	0.065	7644926	5826686	1124640	1761928	4910112	4346229	944820	1001588	2734814	1480457	179820	760340	18899338	1949542	23	10341838	5083841	857368	281097	4280184	4529	15479390	5369490
2021-04-16	21444631	595751	520908	74843	15863794	1171401	4409413	16000321	5444333	0.192	0.065	7644926	5826686	1124640	1761928	4910112	4346229	944820	1001588	2734814	1480457	179820	760340	19300250	2144381	23	10714689	5149105	881528	289873	4404081	5332	16000298	5444333
2021-04-17	21808757	364126	307708	56418	16088936	1194124	4525674	16308029	5500751	0.196	0.066	7644926	5826686	1124640	1761928	4910112	4346229	944820	1001588	2734814	1480457	179820	760340	19642572	2166185	23	10891980	5196956	897151	296973	4518875	6799	16308006	5500751
2021-04-18	22076719	267962	229109	38853	16261375	1209157	4606164	16537138	5539604	0.199	0.067	7644926	5826686	1124640	1761928	4910112	4346229	944820	1001588	2734814	1480457	179820	760340	19905923	2170796	23	11030520	5230855	908333	300824	4598262	7902	16537115	5539604
2021-04-19	22478195	401476	340687	60789	16555282	1241828	4681061	16877826	5600393	0.203	0.067	7644926	5826686	1124640	1761928	4910112	4346229	944820	1001588	2734814	1480457	179820	760340	20263068	2215127	24	11272712	5282570	933166	308662	4671924	9137	16877802	5600393
2021-04-20	23036252	558057	496114	61943	16935595	1280659	4819974	17373940	5662336	0.209	0.068	7644926	5826686	1124640	1761928	4910112	4346229	944820	1001588	2734814	1480457	179820	760340	20626674	2409578	24	11599660	5335935	965434	315225	4808822	11152	17373916	5662336
2021-04-21	23755998	719746	647126	72620	17389301	1322117	5044556	18021066	5734956	0.217	0.069	7644926	5826686	1124640	1761928	4910112	4346229	944820	1001588	2734814	1480457	179820	760340	21007272	2748726	24	11991256	5398045	998840	323277	5030946	13610	18021042	5734956
2021-04-22	24392969	636971	570063	66908	17770398	1365352	5257195	18591129	5801864	0.224	0.070	7644926	5826686	1124640	1761928	4910112	4346229	944820	1001588	2734814	1480457	179820	760340	21376984	3015985	24	12316770	5453628	1034406	330946	5239929	17266	18591105	5801864
2021-04-23	24943342	550373	482983	67390	18120088	1407685	5415536	19074121	5869254	0.229	0.071	7644926	5826686	1124640	1761928	4910112	4346229	944820	1001588	2734814	1480457	179820	760340	21759162	3184180	33	12612725	5507363	1066653	341032	5394710	20826	19074088	5869254
2021-04-24	25310188	366846	307868	58978	18355745	1457778	5496630	19381991	5928232	0.233	0.071	7644926	5826686	1124640	1761928	4910112	4346229	944820	1001588	2734814	1480457	179820	760340	22109097	3201091	35	12807351	5548394	1101192	356586	5473413	23217	19381956	5928232
2021-04-25	25592496	282308	234355	47953	18542936	1491533	5557992	19616346	5976185	0.236	0.072	7644926	5826686	1124640	1761928	4910112	4346229	944820	1001588	2734814	1480457	179820	760340	22385591	3206905	35	12958087	5584849	1125284	366249	5532940	25052	19616311	5976185
2021-04-26	26024851	432355	358717	73638	18860907	1534029	5629799	19975144	6049823	0.240	0.073	7644926	5826686	1124640	1761928	4910112	4346229	944820	1001588	2734814	1480457	179820	760340	22731354	3293497	116	13215125	5645782	1159182	374847	5600721	29078	19975028	6049823
2021-04-27	26808332	783481	692840	90641	19536309	1585363	5686083	20668445	6140464	0.249	0.074	7644926	5826686	1124640	1761928	4910112	4346229	944820	1001588	2734814	1480457	179820	760340	23099955	3708377	577	13813966	5722343	1201404	383959	5652498	33585	20667868	6140464
2021-04-28	27930395	1122063	994656	127407	20544780	1645526	5738784	21663829	6267871	0.260	0.075	7644926	5826686	1124640	1761928	4910112	4346229	944820	1001588	2734814	1480457	179820	760340	23492935	4437460	1305	14713171	5831609	1249263	396263	5700090	38694	21662524	6267871
2021-04-29	28875627	945232	812072	133160	21368897	1709091	5795448	22476787	6401031	0.270	0.077	7644926	5826686	1124640	1761928	4910112	4346229	944820	1001588	2734814	1480457	179820	760340	23880099	4995528	2191	15425139	5943758	1300563	408528	5748894	46554	22474596	6401031
2021-04-30	29678519	802892	665219	137673	22047285	1766073	5862138	23142838	6538704	0.278	0.079	7644926	5826686	1124640	1761928	4910112	4346229	944820	1001588	2734814	1480457	179820	760340	24283145	5395374	3023	15991144	6056141	1342530	423543	5806141	55997	23139815	6538704
2021-05-01	30014065	335546	259923	75623	22300029	1807213	5901224	23405337	6614327	0.281	0.080	7644926	5826686	1124640	1761928	4910112	4346229	944820	1001588	2734814	1480457	179820	760340	24594041	5420024	5599	16183283	6116746	1377272	429941	5839183	62041	23399738	6614327
2021-05-02	30277270	263205	196852	66353	22494140	1844507	5931219	23603994	6680680	0.284	0.080	7644926	5826686	1124640	1761928	4910112	4346229	944820	1001588	2734814	1480457	179820	760340	24849591	5427679	7404	16322776	6171364	1409281	435226	5864533	66686	23596590	6680680
2021-05-03	30728910	451640	334613	117027	22812085	1915268	5992628	23940132	6797707	0.288	0.082	7644926	5826686	1124640	1761928	4910112	4346229	944820	1001588	2734814	1480457	179820	760340	25207371	5521539	8929	16549072	6263013	1466796	448472	5915335	77293	23931203	6797707
2021-05-04	31570598	841688	680394	161294	23438051	1978002	6142827	24623315	6959001	0.296	0.084	7644926	5826686	1124640	1761928	4910112	4346229	944820	1001588	2734814	1480457	179820	760340	25581807	5988791	11718	17043628	6394423	1516276	461726	6051693	91134	24611597	6959001
2021-05-05	32711472	1140874	911278	229596	24284359	2056805	6354687	25538496	7188597	0.307	0.086	7644926	5826686	1124640	1761928	4910112	4346229	944820	1001588	2734814	1480457	179820	760340	25996717	6714755	15621	17706546	6577813	1569612	487193	6246717	107970	25522875	7188597
2021-05-06	33693127	981655	762895	218760	24970322	2147983	6555261	26305331	7407357	0.316	0.089	7644926	5826686	1124640	1761928	4910112	4346229	944820	1001588	2734814	1480457	179820	760340	26403261	7289866	19561	18218891	6751431	1639001	508982	6427878	127383	26285770	7407357
2021-05-07	34572305	879178	644924	234254	25549015	2233771	6766251	26953962	7641611	0.324	0.092	7644926	5826686	1124640	1761928	4910112	4346229	944820	1001588	2734814	1480457	179820	760340	26838423	7733882	23268	18626966	6922049	1693794	539977	6609934	156317	26930694	7641611
2021-05-08	34997163	424858	269960	154898	25816139	2305263	6850776	27225639	7796509	0.327	0.094	7644926	5826686	1124640	1761928	4910112	4346229	944820	1001588	2734814	1480457	179820	760340	27202790	7794373	24985	18780507	7035632	1745325	559938	6674822	175954	27200654	7796509
2021-05-09	35282140	284977	181844	103133	26009601	2361117	6885370	27408550	7899642	0.330	0.095	7644926	5826686	1124640	1761928	4910112	4346229	944820	1001588	2734814	1480457	179820	760340	27476732	7805408	26052	18894180	7115421	1790318	570799	6698000	187370	27382498	7899642
2021-05-10	35868104	585964	392244	193720	26381088	2441745	7015504	27804509	8093362	0.334	0.097	7644926	5826686	1124640	1761928	4910112	4346229	944820	1001588	2734814	1480457	179820	760340	27873798	7994306	29767	19123460	7257628	1848801	592944	6802481	213023	27774742	8093362
2021-05-11	36948419	1080315	794414	285901	27203550	2520378	7191280	28602367	8379263	0.344	0.101	7644926	5826686	1124640	1761928	4910112	4346229	944820	1001588	2734814	1480457	179820	760340	28300418	8648001	33211	19714356	7489194	1905466	614912	6949334	241946	28569156	8379263
2021-05-12	38356441	1408022	1044262	363760	28292203	2610407	7415467	29651782	8743023	0.357	0.105	7644926	5826686	1124640	1761928	4910112	4346229	944820	1001588	2734814	1480457	179820	760340	28752457	9603984	38364	20508441	7783762	1965053	645354	7139924	275543	29613418	8743023
2021-05-13	38783154	426713	265805	160908	28605840	2676772	7459917	29919848	8903931	0.360	0.107	7644926	5826686	1124640	1761928	4910112	4346229	944820	1001588	2734814	1480457	179820	760340	29105691	9677463	40625	20693729	7912111	2016265	660507	7169229	290688	29879223	8903931
2021-05-14	39535007	751853	522465	229388	29148056	2740901	7598002	30449736	9133319	0.366	0.110	7644926	5826686	1124640	1761928	4910112	4346229	944820	1001588	2734814	1480457	179820	760340	29506207	10028800	48048	21056097	8091959	2065048	675853	7280543	317459	30401688	9133319
2021-05-15	39931662	396655	231697	164958	29424773	2800295	7654273	30685706	9298277	0.369	0.112	7644926	5826686	1124640	1761928	4910112	4346229	944820	1001588	2734814	1480457	179820	760340	29855196	10076466	52321	21211184	8213589	2107902	692393	7314299	339974	30633385	9298277
2021-05-16	40212281	280619	158543	122076	29623718	2852722	7678880	30848889	9420353	0.371	0.113	7644926	5826686	1124640	1761928	4910112	4346229	944820	1001588	2734814	1480457	179820	760340	30119810	10092471	56961	21316191	8307527	2150419	702303	7325318	353562	30791928	9420353
2021-05-17	40764883	552602	346068	206534	29961953	2935061	7800246	31205619	9626887	0.375	0.116	7644926	5826686	1124640	1761928	4910112	4346229	944820	1001588	2734814	1480457	179820	760340	30503094	10261789	67623	21508359	8453594	2208816	726245	7420821	379425	31137996	9626887
2021-05-18	41640700	875817	517512	358305	30554383	3037824	7973215	31730786	9985192	0.382	0.120	7644926	5826686	1124640	1761928	4910112	4346229	944820	1001588	2734814	1480457	179820	760340	30923907	10716793	75278	21806881	8747502	2282670	755154	7565957	407258	31655508	9985192
2021-05-19	42740825	1100125	562097	538028	31361891	3136433	8154674	32305432	10523220	0.388	0.127	7644926	5826686	1124640	1761928	4910112	4346229	944820	1001588	2734814	1480457	179820	760340	31344254	11396571	87827	22150470	9211421	2348048	788385	7719087	435587	32217605	10523220
2021-05-20	43682727	941902	451087	490815	32041593	3231968	8310601	32767257	11014035	0.394	0.132	7644926	5826686	1124640	1761928	4910112	4346229	944820	1001588	2734814	1480457	179820	760340	31755213	11927514	98565	22408826	9632767	2411979	819989	7847887	462714	32668692	11014035
2021-05-21	44526518	843791	401864	441927	32633676	3315752	8467639	33180007	11455962	0.399	0.138	7644926	5826686	1124640	1761928	4910112	4346229	944820	1001588	2734814	1480457	179820	760340	32176284	12350234	109451	22629288	10004388	2466781	848971	7974487	493152	33070556	11455962
2021-05-22	45001644	475126	214321	260805	32939652	3386396	8551429	33409044	11716767	0.402	0.141	7644926	5826686	1124640	1761928	4910112	4346229	944820	1001588	2734814	1480457	179820	760340	32522480	12479164	124167	22727242	10212410	2515144	871252	8042491	508938	33284877	11716767
2021-05-23	45287620	285976	124121	161855	33132498	3445520	8575339	33543261	11878622	0.403	0.143	7644926	5826686	1124640	1761928	4910112	4346229	944820	1001588	2734814	1480457	179820	760340	32790335	12497285	134263	22792506	10339992	2559166	886354	8057326	518013	33408998	11878622
2021-05-24	45610470	322850	139125	183725	33366442	3505703	8595951	33690497	12062347	0.405	0.145	7644926	5826686	1124640	1761928	4910112	4346229	944820	1001588	2734814	1480457	179820	760340	33097660	12512810	142374	22874499	10491943	2604311	901392	8069313	526638	33548123	12062347
2021-05-25	46262321	651851	269939	381912	33811367	3584820	8698835	33985361	12444259	0.409	0.150	7644926	5826686	1124640	1761928	4910112	4346229	944820	1001588	2734814	1480457	179820	760340	33490568	12771753	167299	23014441	10796926	2655641	929179	8147980	550855	33818062	12444259
2021-05-26	47432282	1169961	464241	705720	34691294	3664614	8831194	34527483	13149979	0.415	0.158	7644926	5826686	1124640	1761928	4910112	4346229	944820	1001588	2734814	1480457	179820	760340	33897114	13535168	245180	23326308	11364986	2706732	957882	8249263	581931	34282303	13149979
2021-05-27	48462203	1029921	400469	629452	35423522	3751398	8960941	35009114	13779431	0.421	0.166	7644926	5826686	1124640	1761928	4910112	4346229	944820	1001588	2734814	1480457	179820	760340	34305198	14157005	326342	23581881	11841641	2757189	994209	8343702	617239	34682772	13779431
2021-05-28	49351678	889475	351910	537565	36018886	3835751	9088041	35443682	14316996	0.426	0.172	7644926	5826686	1124640	1761928	4910112	4346229	944820	1001588	2734814	1480457	179820	760340	34726712	14624966	409000	23795677	12223209	2806921	1028830	8432084	655957	35034682	14316996
2021-05-29	49760953	409275	152702	256573	36280801	3898222	9144722	35624592	14573569	0.428	0.175	7644926	5826686	1124640	1761928	4910112	4346229	944820	1001588	2734814	1480457	179820	760340	35061578	14699375	437208	23875999	12404802	2844382	1053840	8467003	677719	35187384	14573569
2021-05-30	50043475	282522	97832	184690	36477406	3944912	9173020	35733353	14758259	0.430	0.177	7644926	5826686	1124640	1761928	4910112	4346229	944820	1001588	2734814	1480457	179820	760340	35322282	14721193	448137	23935489	12541917	2871567	1073345	8478160	694860	35285216	14758259
2021-05-31	50580484	537009	174289	362720	36840022	4009608	9240232	35950127	15120979	0.432	0.182	7644926	5826686	1124640	1761928	4910112	4346229	944820	1001588	2734814	1480457	179820	760340	35701522	14878962	490622	24045299	12794723	2897614	1111994	8516592	723640	35459505	15120979
2021-06-01	51556167	975683	395746	579937	37566084	4086513	9328798	36430023	15700916	0.438	0.189	7644926	5826686	1124640	1761928	4910112	4346229	944820	1001588	2734814	1480457	179820	760340	36086732	15469435	574772	24359074	13207010	2925815	1160698	8570362	758436	35855251	15700916
2021-06-02	52789536	1233369	514199	719170	38545863	4156868	9409153	37047102	16420086	0.445	0.197	7644926	5826686	1124640	1761928	4910112	4346229	944820	1001588	2734814	1480457	179820	760340	36479823	16309713	677652	24806234	13739629	2950102	1206766	8613114	796039	36369450	16420086
2021-06-03	53422015	632479	227894	404585	39014687	4219333	9458451	37326888	16824671	0.449	0.202	7644926	5826686	1124640	1761928	4910112	4346229	944820	1001588	2734814	1480457	179820	760340	36832889	16589126	729544	24984618	14030069	2979044	1240289	8633682	824769	36597344	16824671
2021-06-04	54238969	816954	292262	524692	39608305	4289026	9535389	37695855	17349363	0.453	0.209	7644926	5826686	1124640	1761928	4910112	4346229	944820	1001588	2734814	1480457	179820	760340	37247355	16991614	806249	25214079	14394226	3007584	1281442	8667943	867446	36889606	17349363
2021-06-05	54644904	405935	95832	310103	39877118	4354381	9578185	37820658	17659466	0.455	0.212	7644926	5826686	1124640	1761928	4910112	4346229	944820	1001588	2734814	1480457	179820	760340	37589746	17055158	835220	25272575	14604543	3034076	1320305	8678787	899398	36985438	17659466
2021-06-06	54934848	289944	59651	230293	40082488	4395187	9605469	37896793	17889759	0.456	0.215	7644926	5826686	1124640	1761928	4910112	4346229	944820	1001588	2734814	1480457	179820	760340	37849981	17084867	851704	25316679	14765809	3046000	1349187	8682410	923059	37045089	17889759
2021-06-07	55533330	598482	188508	409974	40475976	4475409	9676022	38139520	18299733	0.459	0.220	7644926	5826686	1124640	1761928	4910112	4346229	944820	1001588	2734814	1480457	179820	760340	38209179	17323248	905923	25447597	15028379	3072598	1402811	8713402	962620	37233597	18299733
2021-06-08	56553390	1020060	315122	704938	41293662	4548252	9737684	38522511	19004671	0.463	0.229	7644926	5826686	1124640	1761928	4910112	4346229	944820	1001588	2734814	1480457	179820	760340	38581418	17968865	973792	25704783	15588879	3098655	1449597	8745281	992403	37548719	19004671
2021-06-09	57896002	1342612	408788	933824	42399805	4628129	9798947	39026628	19938495	0.469	0.240	7644926	5826686	1124640	1761928	4910112	4346229	944820	1001588	2734814	1480457	179820	760340	38933301	18956810	1069121	26054344	16345461	3125733	1502396	8777430	1021517	37957507	19938495
2021-06-10	59042446	1146444	366376	780068	43315449	4716045	9853612	39481223	20718563	0.475	0.249	7644926	5826686	1124640	1761928	4910112	4346229	944820	1001588	2734814	1480457	179820	760340	39328204	19705530	1157340	26362373	16953076	3157463	1558582	8804047	1049565	38323883	20718563
2021-06-11	60058455	1016009	327023	688986	44083570	4802250	9920160	39903381	21407549	0.480	0.257	7644926	5826686	1124640	1761928	4910112	4346229	944820	1001588	2734814	1480457	179820	760340	39728437	20318630	1252475	26634266	17449304	3183626	1618624	8833014	1087146	38650906	21407549
2021-06-12	60480239	421784	114714	307070	44358522	4872381	9962412	40052544	21714619	0.482	0.261	7644926	5826686	1124640	1761928	4910112	4346229	944820	1001588	2734814	1480457	179820	760340	40047124	20420893	1286924	26717713	17640809	3201854	1670527	8846053	1116359	38765620	21714619
2021-06-13	60758500	278261	63523	214738	44535157	4935194	9987481	40129811	21929357	0.483	0.264	7644926	5826686	1124640	1761928	4910112	4346229	944820	1001588	2734814	1480457	179820	760340	40289725	20456247	1300668	26760719	17774438	3217685	1717509	8850739	1136742	38829143	21929357
2021-06-14	61381190	622690	193315	429375	44940470	5032370	10052869	40377939	22358732	0.486	0.269	7644926	5826686	1124640	1761928	4910112	4346229	944820	1001588	2734814	1480457	179820	760340	40669904	20696780	1355481	26913946	18026524	3240352	1792018	8868160	1184709	39022458	22358732
2021-06-15	62364763	983573	305387	678186	45688799	5127479	10134236	40742094	23036918	0.490	0.277	7644926	5826686	1124640	1761928	4910112	4346229	944820	1001588	2734814	1480457	179820	760340	41063298	21283470	1414249	27173668	18515131	3266545	1860934	8887632	1246604	39327845	23036918
2021-06-16	63653046	1288283	408711	879572	46715538	5223584	10224669	41225811	23916490	0.496	0.288	7644926	5826686	1124640	1761928	4910112	4346229	944820	1001588	2734814	1480457	179820	760340	41449008	22182018	1489255	27525623	19189915	3298165	1925419	8912768	1311901	39736556	23916490
