date	dosen_kumulativ	dosen_differenz_zum_vortag	dosen_erst_differenz_zum_vortag	dosen_zweit_differenz_zum_vortag	dosen_biontech_kumulativ	dosen_moderna_kumulativ	dosen_astrazeneca_kumulativ	personen_erst_kumulativ	personen_voll_kumulativ	impf_quote_erst	impf_quote_voll	indikation_alter_dosen	indikation_beruf_dosen	indikation_medizinisch_dosen	indikation_pflegeheim_dosen	indikation_alter_erst	indikation_beruf_erst	indikation_medizinisch_erst	indikation_pflegeheim_erst	indikation_alter_voll	indikation_beruf_voll	indikation_medizinisch_voll	indikation_pflegeheim_voll	dosen_dim_kumulativ	dosen_kbv_kumulativ	dosen_johnson_kumulativ	dosen_biontech_erst_kumulativ	dosen_biontech_zweit_kumulativ	dosen_moderna_erst_kumulativ	dosen_moderna_zweit_kumulativ	dosen_astrazeneca_erst_kumulativ	dosen_astrazeneca_zweit_kumulativ	dosen_erst_kumulativ	dosen_zweit_kumulativ
2020-12-27	23453	23453	23436	17	23451	2	0	23436	17	0.000	0.000	10705	8657	1305	12604	10664	8590	1305	12536	41	67	0	68	23453	0	0	23434	17	2	0	0	0	23436	17
2020-12-28	41257	17804	17664	140	41255	2	0	41100	157	0.000	0.000	18621	15788	1991	21344	18580	15721	1991	21276	41	67	0	68	41257	0	0	41098	157	2	0	0	0	41100	157
2020-12-29	90591	49334	48611	723	90588	2	1	89711	880	0.001	0.000	34989	40734	3107	40508	34724	40420	3107	40099	265	314	0	409	90591	0	0	89708	880	2	0	1	0	89711	880
2020-12-30	153293	62702	62574	128	153290	2	1	152285	1008	0.002	0.000	55510	73365	4901	63206	55243	73050	4901	62794	267	315	0	412	153293	0	0	152282	1008	2	0	1	0	152285	1008
2020-12-31	202486	49193	49044	149	202483	2	1	201329	1157	0.002	0.000	72831	96719	6752	83965	72517	96367	6752	83476	314	352	0	489	202486	0	0	201326	1157	2	0	1	0	201329	1157
2021-01-01	227691	25205	25191	14	227680	7	4	226520	1171	0.003	0.000	81208	105449	7830	92301	80894	105097	7830	91812	314	352	0	489	227691	0	0	226510	1170	7	0	3	1	226520	1171
2021-01-02	275341	47650	47364	286	275330	7	4	273884	1457	0.003	0.000	102774	129731	10350	113258	102365	129304	10350	112629	409	427	0	629	275341	0	0	273874	1456	7	0	3	1	273884	1457
2021-01-03	297482	22141	22133	8	297470	8	4	296017	1465	0.004	0.000	113044	140227	11284	123279	112635	139800	11284	122650	409	427	0	629	297482	0	0	296006	1464	8	0	3	1	296017	1465
2021-01-04	342976	45494	45441	53	342963	9	4	341458	1518	0.004	0.000	129646	164913	13951	139091	129237	164486	13951	138462	409	427	0	629	342976	0	0	341446	1517	9	0	3	1	341458	1518
2021-01-05	394614	51638	51354	284	394600	10	4	392812	1802	0.005	0.000	147987	192565	16489	157656	147576	192117	16489	157025	411	448	0	631	394614	0	0	392799	1801	10	0	3	1	392812	1802
2021-01-06	456851	62237	62226	11	456829	16	6	455038	1813	0.005	0.000	169498	225530	19910	180812	169086	225082	19910	180181	412	448	0	631	456851	0	0	455017	1812	16	0	5	1	455038	1813
2021-01-07	510578	53727	53706	21	510552	19	7	508744	1834	0.006	0.000	189172	254868	22957	197233	188758	254418	22957	196600	414	450	0	633	510578	0	0	508719	1833	19	0	6	1	508744	1834
2021-01-08	572258	61680	61346	334	572180	70	8	570090	2168	0.007	0.000	211521	287315	26324	218219	211009	286711	26320	217449	512	604	4	770	572258	0	0	570013	2167	70	0	7	1	570090	2168
2021-01-09	631942	59684	59537	147	631861	73	8	629627	2315	0.008	0.000	237322	313238	29007	243325	236798	312599	29003	242545	524	639	4	780	631942	0	0	629547	2314	73	0	7	1	629627	2315
2021-01-10	667048	35106	34956	150	666959	81	8	664583	2465	0.008	0.000	252455	327794	30379	256315	251929	327151	30375	255535	526	643	4	780	667048	0	0	664496	2463	80	1	7	1	664583	2465
2021-01-11	734257	67209	67102	107	734154	93	10	731685	2572	0.009	0.000	277513	359176	33587	276774	276967	358513	33583	275968	546	663	4	806	734257	0	0	731590	2564	86	7	9	1	731685	2572
2021-01-12	812297	78040	77973	67	812179	108	10	809658	2639	0.010	0.000	305695	401338	36582	301731	305147	400670	36578	300888	548	668	4	843	812297	0	0	809548	2631	101	7	9	1	809658	2639
2021-01-13	922711	110414	110212	202	921423	1278	10	919870	2841	0.011	0.000	345167	458844	40485	337339	344574	458093	40466	336399	593	751	19	940	922711	0	0	918590	2833	1271	7	9	1	919870	2841
2021-01-14	1005466	82755	82565	190	999038	6418	10	1002435	3031	0.012	0.000	374803	501101	42769	361463	374094	500254	42750	360452	709	847	19	1011	1005466	0	0	996059	2979	6367	51	9	1	1002435	3031
2021-01-15	1095598	90132	89282	850	1083904	11679	15	1091717	3881	0.013	0.000	408725	545673	46728	389202	407810	544625	46700	387982	915	1048	28	1220	1095598	0	0	1080075	3829	11628	51	14	1	1091717	3881
2021-01-16	1152739	57141	56119	1022	1139364	13359	16	1147836	4903	0.014	0.000	432983	570627	48859	408798	431664	569232	48767	407047	1319	1395	92	1751	1152739	0	0	1134513	4851	13308	51	15	1	1147836	4903
2021-01-17	1200795	48056	30285	17771	1186160	14618	17	1178121	22674	0.014	0.000	453449	591002	50884	428544	444215	583354	50014	417145	9234	7648	870	11399	1200795	0	0	1163538	22622	14567	51	16	1	1178121	22674
2021-01-18	1282582	81787	66007	15780	1263804	18760	18	1244128	38454	0.015	0.000	482728	633883	53106	448900	467235	619730	51700	430238	15493	14153	1406	18662	1282582	0	0	1225404	38400	18707	53	17	1	1244128	38454
2021-01-19	1401536	118954	82528	36426	1379088	22422	26	1326656	74880	0.016	0.001	519765	695968	56714	479843	492669	666683	54375	447938	27096	29285	2339	31905	1401536	0	0	1304266	74822	22365	57	25	1	1326656	74880
2021-01-20	1534045	132509	77966	54543	1508853	25163	29	1404622	129423	0.017	0.002	568076	760039	60957	522078	522876	706310	57505	469463	45200	53729	3452	52615	1534045	0	0	1379488	129365	25106	57	28	1	1404622	129423
2021-01-21	1639347	105302	64029	41273	1611420	27898	29	1468651	170696	0.018	0.002	610150	808503	65406	556195	549621	735602	60889	487988	60529	72901	4517	68207	1639347	0	0	1440783	170637	27840	58	28	1	1468651	170696
2021-01-22	1741025	101678	68240	33438	1710904	30084	37	1536891	204134	0.018	0.002	654049	853889	69013	590642	579902	764987	63599	506975	74147	88902	5414	83667	1741025	0	0	1506833	204071	30022	62	36	1	1536891	204134
2021-01-23	1827735	86710	40703	46007	1797256	30439	40	1577594	250141	0.019	0.003	691767	890989	72414	617916	599855	780966	64783	516268	91912	110023	7631	101648	1827735	0	0	1547179	250077	30376	63	39	1	1577594	250141
2021-01-24	1875220	47485	25654	21831	1844538	30638	44	1603248	271972	0.019	0.003	715655	910067	73331	632982	614016	789814	65130	521524	101639	120253	8201	111458	1875220	0	0	1572630	271908	30575	63	43	1	1603248	271972
2021-01-25	1966174	90954	52284	38670	1934075	32052	47	1655532	310642	0.020	0.004	756375	951632	76827	658117	642321	811974	66847	534304	114054	139658	9980	123813	1966174	0	0	1623500	310575	31986	66	46	1	1655532	310642
2021-01-26	2063535	97361	50599	46762	2029993	33488	54	1706131	357404	0.021	0.004	796572	997196	80614	684405	667753	831436	68195	545278	128819	165760	12419	139127	2063535	0	0	1672661	357332	33417	71	53	1	1706131	357404
2021-01-27	2172656	109121	50667	58454	2137319	35275	62	1756798	415858	0.021	0.005	839834	1049509	85786	715259	691463	852265	70042	556304	148371	197244	15744	158955	2172656	0	0	1721544	415775	35193	82	61	1	1756798	415858
2021-01-28	2264826	92170	46288	45882	2227858	36903	65	1803086	461740	0.022	0.006	877990	1090332	89974	739697	713483	869115	71590	567469	164507	221217	18384	172228	2264826	0	0	1766289	461569	36733	170	64	1	1803086	461740
2021-01-29	2372211	107385	49924	57461	2333758	38382	71	1853010	519201	0.022	0.006	920894	1138243	95507	769100	735839	888487	73819	578309	185055	249756	21688	190791	2372211	0	0	1814729	519029	38211	171	70	1	1853010	519201
2021-01-30	2460294	88083	34439	53644	2420960	39261	73	1887449	572845	0.023	0.007	957412	1174692	99468	796433	752473	901967	75224	586328	204939	272725	24244	210105	2460294	0	0	1848290	572670	39088	173	71	2	1887449	572845
2021-01-31	2517268	56974	25854	31120	2477553	39637	78	1913303	603965	0.023	0.007	982865	1196922	101575	812430	766590	910861	76411	592657	216275	286061	25164	219773	2517268	0	0	1873772	603781	39456	181	75	3	1913303	603965
2021-02-01	2636916	119648	57951	61697	2594941	41846	129	1971254	665662	0.024	0.008	1026174	1260299	105285	839830	787193	944041	78273	602425	238981	316258	27012	237405	2636916	0	0	1929465	665476	41663	183	126	3	1971254	665662
2021-02-02	2768914	131998	64761	67237	2723870	44903	141	2036015	732899	0.024	0.009	1069633	1330364	110479	870030	806216	982089	80866	611659	263417	348275	29613	258371	2768914	0	0	1991158	732712	44719	184	138	3	2036015	732899
2021-02-03	2930088	161174	63609	97565	2878688	51232	167	2099625	830464	0.025	0.010	1128983	1407775	116405	912544	829819	1014401	83062	623312	299164	393374	33343	289232	2930088	0	1	2048418	830270	51042	190	164	3	2099624	830464
2021-02-04	3063221	133133	61299	71834	3005987	57061	172	2160924	902298	0.026	0.011	1177986	1472437	120972	943857	851937	1046473	85311	632945	326049	425964	35661	310912	3063221	0	1	2103886	902101	56868	193	169	3	2160923	902298
2021-02-05	3209583	146362	69004	77358	3145889	63514	179	2229928	979656	0.027	0.012	1232524	1542580	126293	977786	877231	1080338	86905	644262	355293	462242	39388	333524	3209583	0	1	2166565	979324	63187	327	175	4	2229927	979656
2021-02-06	3303146	93563	45320	48243	3236824	66141	180	2275248	1027899	0.027	0.012	1272514	1588658	130853	1003590	896490	1101898	88782	653957	376024	486760	42071	349633	3303146	0	1	2209257	1027567	65814	327	176	4	2275247	1027899
2021-02-07	3356417	53271	28222	25049	3287766	68468	182	2303470	1052948	0.028	0.013	1298155	1609930	133571	1016823	910800	1112720	90015	659435	387355	497210	43556	357388	3356417	0	1	2235151	1052615	68140	328	178	4	2303469	1052948
2021-02-08	3465322	108905	52998	55907	3392823	72290	208	2356468	1108855	0.028	0.013	1350672	1655734	137545	1035599	942269	1129343	91902	666781	408403	526391	45643	368818	3465322	0	1	2284302	1108521	71961	329	204	4	2356467	1108855
2021-02-09	3599363	134041	60217	73824	3523318	75723	321	2416685	1182679	0.029	0.014	1411842	1714380	141993	1058512	978151	1147503	94639	674792	433691	566877	47354	383720	3599363	0	1	2341163	1182155	75204	519	317	4	2416684	1182679
2021-02-10	3753573	154210	77394	76816	3665006	79954	8612	2494079	1259495	0.030	0.015	1478760	1781046	146001	1087933	1017461	1175177	96286	685176	461299	605869	49715	402757	3753573	0	1	2407027	1257979	78454	1500	8597	15	2494078	1259495
2021-02-11	3897015	143442	75123	68319	3784906	87217	24889	2569204	1327814	0.031	0.016	1539776	1848576	151475	1113070	1052428	1208053	98713	694775	487348	640523	52762	418295	3897015	0	3	2461647	1323259	82690	4527	24864	25	2569201	1327814
2021-02-12	4052010	154995	79467	75528	3916443	96515	39046	2648674	1403342	0.032	0.017	1611268	1919253	157751	1138545	1094198	1240389	101429	704318	517070	678864	56322	434227	4052010	0	6	2522707	1393736	87262	9253	38699	347	2648668	1403342
2021-02-13	4159224	107214	61766	45448	4007203	99772	52242	2710441	1448790	0.033	0.017	1667599	1960972	162355	1156080	1129093	1262877	103231	711418	538506	698095	59124	444662	4159224	0	7	2569572	1437631	88974	10798	51888	354	2710434	1448790
2021-02-14	4224454	65230	39516	25714	4062730	102247	59469	2749958	1474504	0.033	0.018	1706122	1983696	163973	1164146	1153761	1276081	104081	714928	552361	707615	59892	449218	4224454	0	8	2600612	1462118	90244	12003	59094	375	2749950	1474504
2021-02-15	4349706	125252	69512	55740	4167346	107471	74880	2819471	1530244	0.034	0.018	1773591	2031897	168008	1183418	1194859	1300739	106358	721524	578732	731158	61650	461894	4349706	0	9	2652463	1514883	92511	14960	74488	392	2819462	1530244
2021-02-16	4483660	133954	77675	56279	4275685	113536	94429	2897147	1586523	0.035	0.019	1839625	2089928	170683	1200400	1236633	1336138	107879	728440	602992	753790	62804	471960	4483660	0	10	2707883	1567802	95227	18309	94027	402	2897137	1586523
2021-02-17	4634283	150623	94343	56280	4397599	121533	115140	2991491	1642803	0.036	0.020	1920033	2147919	175770	1221928	1292995	1368705	110873	736858	627038	779214	64897	485070	4634283	0	11	2776712	1620887	100039	21494	114729	411	2991480	1642803
2021-02-18	4778403	144120	91146	52974	4509784	129755	138852	3082638	1695777	0.037	0.020	1995907	2206102	179208	1240945	1345328	1403985	112659	744258	650579	802117	66549	496687	4778403	0	12	2839468	1670316	104719	25036	138439	413	3082626	1695777
2021-02-19	4936458	158055	102650	55405	4630554	139713	166178	3185289	1751182	0.038	0.021	2076668	2266444	184080	1258305	1402958	1440066	115287	750941	673710	826378	68793	507364	4936458	0	13	2907947	1722607	111666	28047	165663	515	3185276	1751182
2021-02-20	5048405	111947	75699	36248	4716884	144171	187336	3260989	1787430	0.039	0.021	2138268	2310157	187738	1272296	1445964	1469322	117533	755178	692304	840835	70205	517118	5048405	0	14	2958472	1758412	115691	28480	186812	524	3260975	1787430
2021-02-21	5134124	85719	57352	28367	4783356	147800	202953	3318342	1815797	0.040	0.022	2187054	2340674	190304	1282667	1479917	1489494	118664	757407	707137	851180	71640	525260	5134124	0	15	2996742	1786614	119161	28639	202424	529	3318327	1815797
2021-02-22	5289153	155029	97591	57438	4905900	156781	226456	3415934	1873235	0.041	0.023	2266701	2410287	195201	1300517	1538362	1525084	121627	763642	728339	885203	73574	536875	5289153	0	16	3063628	1842272	126374	30407	225916	540	3415918	1873235
2021-02-23	5458514	169361	108967	60394	5039430	163885	255182	3524902	1933629	0.042	0.023	2346910	2483166	200501	1318387	1598211	1563793	124757	771284	748699	919373	75744	547103	5458514	0	17	3138432	1900998	131820	32065	254633	549	3524885	1933629
2021-02-24	5633934	175420	116304	59116	5170719	171488	291709	3641207	1992745	0.044	0.024	2431789	2557990	207079	1337422	1660503	1608669	128907	778912	771286	949321	78172	558510	5633934	0	18	3212307	1958412	137737	33751	291145	564	3641189	1992745
2021-02-25	5822601	188667	129527	59140	5301929	178244	342410	3770734	2051885	0.045	0.025	2514175	2648479	213515	1355541	1722988	1667176	133470	787131	791187	981303	80045	568410	5822601	0	18	3285916	2016013	142965	35279	341835	575	3770716	2051885
2021-02-26	6034636	212035	145195	66840	5442493	187083	405042	3915929	2118725	0.047	0.025	2602819	2749814	220591	1375230	1787946	1735795	138593	794627	814873	1014019	81998	580603	6034636	0	18	3361335	2081158	150181	36902	404395	647	3915911	2118725
2021-02-27	6182263	147627	107732	39895	5535138	191154	455953	4023661	2158620	0.048	0.026	2666475	2822116	227301	1388101	1833818	1790224	143432	799030	832657	1031892	83869	589071	6182263	0	18	3414826	2120312	153520	37634	455297	656	4023643	2158620
2021-02-28	6285000	102737	78667	24070	5596373	195101	493507	4102329	2182690	0.049	0.026	2714700	2875405	231582	1394762	1868893	1834535	146785	801170	845807	1040870	84797	593592	6285000	0	19	3452362	2144011	157115	37986	492833	674	4102310	2182690
2021-03-01	6482911	197911	148137	49774	5726466	204692	551734	4250466	2232464	0.051	0.027	2817221	2953369	239381	1408021	1943445	1896228	153263	806209	873776	1057141	86118	601812	6482911	0	19	3534715	2191751	164683	40009	551049	685	4250447	2232464
2021-03-02	6701446	218535	166443	52092	5866252	214684	620491	4416909	2284556	0.053	0.027	2927307	3047588	248982	1422628	2022735	1971725	160632	812692	904572	1075863	88350	609936	6701446	0	19	3625301	2240951	171800	42884	619789	702	4416890	2284556
2021-03-03	6947259	245813	175594	70219	6023054	229621	694565	4592503	2354775	0.055	0.028	3047976	3148969	260606	1439862	2105531	2048823	170041	819606	942445	1100146	90565	620256	6947259	0	19	3717833	2305221	180861	48760	693790	775	4592484	2354775
2021-03-04	7191370	244111	181306	62805	6164072	244086	783193	4773809	2417580	0.057	0.029	3159240	3258741	272992	1455625	2181653	2136963	180034	825002	977587	1121778	92958	630623	7191370	0	19	3801481	2362591	189930	54156	782379	814	4773790	2417580
2021-03-05	7466576	275206	206803	68403	6313392	257448	895716	4980613	2485983	0.060	0.030	3277185	3383782	287941	1471072	2258903	2242620	191990	830697	1018282	1141162	95951	640375	7466576	0	20	3888405	2424987	197331	60117	894857	859	4980593	2485983
2021-03-06	7668134	201558	152908	48650	6422642	265873	979599	5133521	2534633	0.062	0.030	3366696	3478463	298371	1480590	2314602	2325555	200824	833966	1052094	1152908	97547	646624	7668134	0	20	3951262	2471380	203517	62356	978722	877	5133501	2534633
2021-03-07	7815559	147425	113954	33471	6502398	272516	1040625	5247475	2568104	0.063	0.031	3437978	3544531	306478	1486155	2360956	2383880	208082	835928	1077022	1160651	98396	650227	7815559	0	20	3999901	2502497	207823	64693	1039731	894	5247455	2568104
2021-03-08	8052909	237350	185756	51594	6636341	283439	1133109	5433231	2619698	0.065	0.031	3556806	3640371	322827	1498475	2442587	2468035	222757	841890	1114219	1172336	100070	656585	8052909	0	20	4085652	2550689	215383	68056	1132176	933	5433211	2619698
2021-03-09	8304928	252019	197179	54840	6776385	296212	1232311	5630410	2674538	0.068	0.032	3677710	3742787	340236	1512022	2524321	2558568	238262	848791	1153389	1184219	101974	663231	8304928	0	20	4174388	2601997	224683	71529	1231319	992	5630390	2674538
2021-03-10	8592715	287787	220818	66969	6935272	308205	1349218	5851228	2741507	0.070	0.033	3808598	3856306	360962	1530389	2606688	2661880	256906	860000	1201910	1194426	104056	670389	8591744	971	20	4269915	2665357	233119	75086	1348174	1044	5851208	2741507
2021-03-11	8876715	284000	223119	60881	7082901	321920	1471874	6074347	2802388	0.073	0.034	3937470	3976178	382106	1544008	2689957	2769533	276555	867677	1247513	1206645	105551	676331	8875089	1626	20	4361070	2721831	242485	79435	1470772	1102	6074327	2802388
2021-03-12	9202894	326179	255350	70829	7234463	339181	1629230	6329697	2873217	0.076	0.035	4071484	4127850	404783	1559463	2770420	2906954	297406	877132	1301064	1220896	107377	682331	9201058	1836	20	4446578	2787885	255168	84013	1627931	1299	6329677	2873217
2021-03-13	9443384	240490	190217	50273	7350489	348731	1744144	6519914	2923490	0.078	0.035	4181046	4240796	425293	1567511	2840453	3011727	316755	881879	1340593	1229069	108538	685632	9441392	1992	20	4513783	2836706	263377	85354	1742734	1410	6519894	2923490
2021-03-14	9613271	169887	134242	35645	7438457	354240	1820554	6654156	2959135	0.080	0.036	4266043	4307307	441408	1570975	2896461	3072888	331859	883676	1369582	1234419	109549	687299	9611269	2002	20	4567102	2871355	267911	86329	1819123	1431	6654136	2959135
2021-03-15	9860677	247406	188255	59151	7591141	366872	1902644	6842411	3018286	0.082	0.036	4400463	4391447	461474	1582289	2984151	3147219	350790	890548	1416312	1244228	110684	691741	9858392	2285	20	4662351	2928790	278916	87956	1901124	1520	6842391	3018286
2021-03-16	10039437	178760	110719	68041	7757754	378005	1903658	6953130	3086327	0.084	0.037	4527474	4426082	473886	1593025	3059300	3169255	361553	895647	1468174	1256827	112333	697378	10036605	2832	20	4763318	2994436	287657	90348	1902135	1523	6953110	3086327
2021-03-17	10244369	204932	124066	80866	7943968	395980	1904401	7077196	3167193	0.085	0.038	4672447	4463838	487350	1605072	3141952	3193652	373040	902175	1530495	1270186	114310	702897	10240920	3449	20	4873477	3070491	300826	95154	1902873	1528	7077176	3167193
2021-03-18	10437688	193319	117918	75401	8118001	414107	1905560	7195114	3242594	0.087	0.039	4812398	4498757	499905	1615322	3222615	3215628	383588	907340	1589783	1283129	116317	707982	10433816	3872	20	4977310	3140691	313753	100354	1904031	1529	7195094	3242594
2021-03-19	10682430	244742	160663	84079	8303495	434828	1944087	7355777	3326673	0.088	0.040	4961948	4563922	518114	1627194	3306761	3267408	399605	914537	1655187	1296514	118509	712657	10678027	4403	20	5085526	3217969	327730	107098	1942501	1586	7355757	3326673
2021-03-20	10902641	220211	166953	53258	8438915	450103	2013603	7522730	3379931	0.090	0.041	5078536	4641917	537715	1633319	3379545	3337212	417708	917920	1698991	1304705	120007	715399	10897914	4727	20	5171548	3267367	339176	110927	2011986	1617	7522710	3379931
2021-03-21	11067149	164508	126323	38185	8541182	459300	2066647	7649053	3418116	0.092	0.041	5171749	4694283	554274	1635819	3440184	3384099	433219	919244	1731565	1310184	121055	716575	11062422	4727	20	5238899	3302283	345129	114171	2065005	1642	7649033	3418116
2021-03-22	11336240	269091	192763	76328	8707678	483012	2145530	7841816	3494444	0.094	0.042	5329624	4766248	576579	1645397	3534739	3445389	453483	925279	1794885	1320859	123096	720118	11329985	6255	20	5336462	3371216	361497	121515	2143837	1693	7841796	3494444
2021-03-23	11636733	300493	216752	83741	8889094	502644	2244975	8058568	3578185	0.097	0.043	5490190	4854892	604288	1656865	3629814	3521119	478432	932910	1860376	1333773	125856	723955	11625490	11243	20	5439103	3449991	376219	126425	2243226	1749	8058548	3578185
2021-03-24	11975528	338795	249198	89597	9089132	535637	2350739	8307766	3667782	0.100	0.044	5664852	4952071	635971	1672375	3732242	3605792	507202	944863	1932610	1346279	128769	727512	11958493	17035	20	5554918	3534214	403906	131731	2348922	1817	8307746	3667782
2021-03-25	12307992	332464	251322	81142	9274563	563284	2470125	8559088	3748924	0.103	0.045	5830941	5060081	670798	1683452	3832663	3703768	539527	951994	1998278	1356313	131271	731458	12285012	22980	20	5664887	3609676	425981	137303	2468200	1925	8559068	3748924
2021-03-26	12681372	373380	285006	88374	9473930	600392	2607030	8844094	3837298	0.106	0.046	6003833	5184282	710463	1698535	3933360	3816071	576057	962322	2070473	1368211	134406	736213	12652078	29294	20	5782662	3691268	456390	144002	2605022	2008	8844074	3837298
2021-03-27	12962474	281102	218780	62322	9623462	628007	2710984	9062875	3899620	0.109	0.047	6147056	5279869	744190	1703356	4023632	3903670	607441	965464	2123424	1376199	136749	737892	12930830	31644	21	5873038	3750424	480894	147113	2708922	2062	9062854	3899620
2021-03-28	13158776	196302	143054	53248	9738796	646494	2773463	9205931	3952868	0.111	0.048	6253046	5333384	768116	1706823	4085867	3950861	629648	967502	2167179	1382523	138468	739321	13126941	31835	23	5938449	3800347	496108	150386	2771351	2112	9205908	3952868
2021-03-29	13463956	305180	216626	88554	9927328	671362	2865243	9422557	4041422	0.113	0.049	6418833	5404751	806706	1716518	4180272	4010842	665103	973637	2238561	1393909	141603	742881	13426173	37783	23	6045290	3882038	514172	157190	2863072	2171	9422534	4041422
2021-03-30	13792640	328684	236159	92525	10145870	695769	2950978	9658716	4133947	0.116	0.050	6591913	5474211	853024	1727240	4280843	4069380	706095	981320	2311070	1404831	146929	745920	13742721	49919	23	6177792	3968078	532152	163617	2948749	2229	9658693	4133947
2021-03-31	14128539	335899	234416	101483	10393101	731809	3003606	9893132	4235430	0.119	0.051	6774517	5538855	899988	1738789	4384637	4121392	747318	988525	2389880	1417463	152670	750264	14062305	66234	23	6331535	4061566	560231	171578	3001343	2263	9893109	4235430
2021-04-01	14454681	326142	235648	90494	10631563	764240	3058855	10128780	4325924	0.122	0.052	6936269	5606629	944397	1747554	4476928	4175958	787230	994147	2459341	1430671	157167	753407	14368368	86313	23	6487443	4144120	584765	179475	3056549	2306	10128757	4325924
2021-04-02	14680292	225611	157652	67959	10811038	778622	3090609	10286432	4393883	0.124	0.053	7067172	5654574	981393	1749910	4552089	4213818	820223	995356	2515083	1440756	161170	754554	14592455	87837	23	6603328	4207710	594805	183817	3088276	2333	10286409	4393883
2021-04-03	14911824	231532	167217	64315	10984909	794437	3132455	10453649	4458198	0.126	0.054	7198861	5698683	1018737	1753036	4633025	4248782	853330	997097	2565836	1449901	165407	755939	14822588	89236	23	6717769	4267140	605773	188664	3130084	2371	10453626	4458198
2021-04-04	15104807	192983	142617	50366	11117159	804515	3183110	10596266	4508564	0.127	0.054	7309766	5731715	1048001	1754173	4704262	4274251	879171	997551	2605504	1457464	168830	756622	15015435	89372	23	6803587	4313572	611959	192556	3180697	2413	10596243	4508564
2021-04-05	15352590	247783	177615	70168	11282132	822399	3248036	10773881	4578732	0.130	0.055	7456036	5770066	1081529	1756372	4794323	4302940	907924	998846	2661713	1467126	173605	757526	15261908	90682	23	6903202	4378930	625064	197335	3245592	2444	10773858	4578732
2021-04-06	15726126	373536	278876	94660	11536947	854610	3334546	11052757	4673392	0.133	0.056	7644926	5826686	1124640	1761928	4910112	4346229	944820	1001588	2734814	1480457	179820	760340	15598817	127309	23	7072113	4464834	648586	206024	3332035	2511	11052734	4673392
2021-04-07	16393680	667554	571276	96278	12078910	891435	3423312	11624033	4769670	0.140	0.057	7644926	5826686	1124640	1761928	4910112	4346229	944820	1001588	2734814	1480457	179820	760340	15960707	432973	23	7526408	4552502	676882	214553	3420720	2592	11624010	4769670
2021-04-08	17091783	698103	610584	87519	12649979	926865	3514916	12234617	4857189	0.147	0.058	7644926	5826686	1124640	1761928	4910112	4346229	944820	1001588	2734814	1480457	179820	760340	16333932	757851	23	8018944	4631035	703406	223459	3512244	2672	12234594	4857189
2021-04-09	17722215	630432	541578	88854	13139793	963383	3619016	12776195	4946043	0.154	0.059	7644926	5826686	1124640	1761928	4910112	4346229	944820	1001588	2734814	1480457	179820	760340	16724861	997354	23	8431411	4708382	728500	234883	3616261	2755	12776172	4946043
2021-04-10	18093840	371625	306573	65052	13388079	986633	3719105	13082768	5011095	0.157	0.060	7644926	5826686	1124640	1761928	4910112	4346229	944820	1001588	2734814	1480457	179820	760340	17063440	1030400	23	8622392	4765687	744069	242564	3716284	2821	13082745	5011095
2021-04-11	18356587	262747	212449	50298	13558376	1005294	3792894	13295217	5061393	0.160	0.061	7644926	5826686	1124640	1761928	4910112	4346229	944820	1001588	2734814	1480457	179820	760340	17321108	1035479	23	8746387	4811989	758784	246510	3790023	2871	13295194	5061393
2021-04-12	18773474	416887	340519	76368	13836976	1034441	3902033	13635737	5137761	0.164	0.062	7644926	5826686	1124640	1761928	4910112	4346229	944820	1001588	2734814	1480457	179820	760340	17689488	1083986	24	8957141	4879835	779471	254970	3899101	2932	13635713	5137761
2021-04-13	19347899	574425	500787	73638	14268917	1061386	4017572	14136524	5211399	0.170	0.063	7644926	5826686	1124640	1761928	4910112	4346229	944820	1001588	2734814	1480457	179820	760340	18067783	1280116	24	9321078	4947839	800981	260405	4014441	3131	14136500	5211399
2021-04-14	20120665	772766	689599	83167	14885175	1094704	4140762	14826123	5294566	0.178	0.064	7644926	5826686	1124640	1761928	4910112	4346229	944820	1001588	2734814	1480457	179820	760340	18466752	1653913	24	9863243	5021932	825797	268907	4137059	3703	14826099	5294566
2021-04-15	20798290	677625	607659	69966	15418717	1130629	4248919	15433783	5364532	0.186	0.065	7644926	5826686	1124640	1761928	4910112	4346229	944820	1001588	2734814	1480457	179820	760340	18848748	1949542	25	10336371	5082346	853117	277512	4244270	4649	15433758	5364532
2021-04-16	21392696	594406	520385	74021	15856570	1163104	4372997	15954168	5438553	0.192	0.065	7644926	5826686	1124640	1761928	4910112	4346229	944820	1001588	2734814	1480457	179820	760340	19248315	2144381	25	10709335	5147235	877273	285831	4367535	5462	15954143	5438553
2021-04-17	21756646	363950	307316	56634	16081382	1185723	4489516	16261484	5495187	0.196	0.066	7644926	5826686	1124640	1761928	4910112	4346229	944820	1001588	2734814	1480457	179820	760340	19590461	2166185	25	10886150	5195232	892754	292969	4482555	6961	16261459	5495187
2021-04-18	22024739	268093	229083	39010	16253349	1201105	4570260	16490567	5534197	0.198	0.067	7644926	5826686	1124640	1761928	4910112	4346229	944820	1001588	2734814	1480457	179820	760340	19853943	2170796	25	11024174	5229175	904243	296862	4562125	8135	16490542	5534197
2021-04-19	22425705	400966	339746	61220	16546539	1233963	4645177	16830314	5595417	0.202	0.067	7644926	5826686	1124640	1761928	4910112	4346229	944820	1001588	2734814	1480457	179820	760340	20210578	2215127	26	11265381	5281158	929184	304779	4635723	9454	16830288	5595417
2021-04-20	22984710	559005	496466	62539	16927540	1272888	4784256	17326780	5657956	0.208	0.068	7644926	5826686	1124640	1761928	4910112	4346229	944820	1001588	2734814	1480457	179820	760340	20575132	2409578	26	11592520	5335020	961520	311368	4772714	11542	17326754	5657956
2021-04-21	23704271	719561	646683	72878	17381158	1314392	5008695	17973463	5730834	0.216	0.069	7644926	5826686	1124640	1761928	4910112	4346229	944820	1001588	2734814	1480457	179820	760340	20955545	2748726	26	11983762	5397396	994980	319412	4994695	14000	17973437	5730834
2021-04-22	24341515	637244	570200	67044	17762293	1357848	5221348	18543663	5797878	0.223	0.070	7644926	5826686	1124640	1761928	4910112	4346229	944820	1001588	2734814	1480457	179820	760340	21325530	3015985	26	12309111	5453182	1030811	327037	5203715	17633	18543637	5797878
2021-04-23	24896544	555029	486254	68775	18115127	1401282	5380100	19029926	5866653	0.229	0.071	7644926	5826686	1124640	1761928	4910112	4346229	944820	1001588	2734814	1480457	179820	760340	21712364	3184180	35	12607223	5507904	1063763	337519	5358905	21195	19029891	5866653
2021-04-24	25261574	365030	306066	58964	18349985	1450550	5461002	19335994	5925617	0.232	0.071	7644926	5826686	1124640	1761928	4910112	4346229	944820	1001588	2734814	1480457	179820	760340	22060483	3201091	37	12800865	5549120	1097652	352898	5437440	23562	19335957	5925617
2021-04-25	25544095	282521	233440	49081	18537678	1484182	5522198	19569434	5974698	0.235	0.072	7644926	5826686	1124640	1761928	4910112	4346229	944820	1001588	2734814	1480457	179820	760340	22337190	3206905	37	12951149	5586529	1121413	362769	5496835	25363	19569397	5974698
2021-04-26	25976098	432003	358041	73962	18855415	1526443	5594122	19927556	6048660	0.240	0.073	7644926	5826686	1124640	1761928	4910112	4346229	944820	1001588	2734814	1480457	179820	760340	22682601	3293497	118	13207394	5648021	1155283	371160	5564761	29361	19927438	6048660
2021-04-27	26760613	784515	692740	91775	19531781	1577791	5650458	20620761	6140435	0.248	0.074	7644926	5826686	1124640	1761928	4910112	4346229	944820	1001588	2734814	1480457	179820	760340	23052236	3708377	583	13806059	5725722	1197511	380280	5616608	33850	20620178	6140435
2021-04-28	27882630	1122017	995311	126706	20539800	1638104	5703414	21616801	6267141	0.260	0.075	7644926	5826686	1124640	1761928	4910112	4346229	944820	1001588	2734814	1480457	179820	760340	23445170	4437460	1312	14705585	5834215	1245461	392643	5664443	38971	21615489	6267141
2021-04-29	28827892	945262	811975	133287	21363960	1701686	5760047	22429663	6400428	0.270	0.077	7644926	5826686	1124640	1761928	4910112	4346229	944820	1001588	2734814	1480457	179820	760340	23832364	4995528	2199	15417577	5946383	1296661	405025	5713226	46821	22427464	6400428
2021-04-30	29630684	802792	665848	136944	22042123	1758785	5826738	23096350	6537372	0.278	0.079	7644926	5826686	1124640	1761928	4910112	4346229	944820	1001588	2734814	1480457	179820	760340	24235310	5395374	3038	15984260	6057863	1338538	420247	5770514	56224	23093312	6537372
2021-05-01	29966630	335946	259669	76277	22294903	1800284	5865828	23358596	6613649	0.281	0.080	7644926	5826686	1124640	1761928	4910112	4346229	944820	1001588	2734814	1480457	179820	760340	24546606	5420024	5615	16175787	6119116	1373625	426659	5803569	62259	23352981	6613649
2021-05-02	30231474	264844	197455	67389	22490443	1837790	5895821	23557856	6681038	0.283	0.080	7644926	5826686	1124640	1761928	4910112	4346229	944820	1001588	2734814	1480457	179820	760340	24803795	5427679	7420	16315584	6174859	1405879	431911	5828973	66848	23550436	6681038
2021-05-03	30682979	451505	335196	116309	22808242	1908379	5957348	23894642	6797347	0.287	0.082	7644926	5826686	1124640	1761928	4910112	4346229	944820	1001588	2734814	1480457	179820	760340	25161440	5521539	9010	16542475	6265767	1463282	445097	5879875	77473	23885632	6797347
2021-05-04	31525298	842319	680685	161634	23434455	1971442	6107444	24578274	6958981	0.296	0.084	7644926	5826686	1124640	1761928	4910112	4346229	944820	1001588	2734814	1480457	179820	760340	25536507	5988791	11957	17036942	6397513	1513107	458335	6016268	91176	24566317	6958981
2021-05-05	32668745	1143447	912862	230585	24282970	2050298	6319501	25495155	7189566	0.307	0.086	7644926	5826686	1124640	1761928	4910112	4346229	944820	1001588	2734814	1480457	179820	760340	25953990	6714755	15976	17701168	6581802	1566494	483804	6211517	107984	25479179	7189566
2021-05-06	33653868	985123	763778	221345	24972031	2141831	6519842	26263121	7410911	0.316	0.089	7644926	5826686	1124640	1761928	4910112	4346229	944820	1001588	2734814	1480457	179820	760340	26364002	7289866	20164	18214549	6757482	1635752	506079	6392656	127186	26242957	7410911
2021-05-07	34538390	884522	648264	236258	25555293	2228153	6731055	26915110	7647169	0.324	0.092	7644926	5826686	1124640	1761928	4910112	4346229	944820	1001588	2734814	1480457	179820	760340	26804508	7733882	23889	18625219	6930074	1691249	536904	6574753	156302	26891221	7647169
2021-05-08	34964237	425847	271818	154029	25823097	2299901	6815632	27188646	7801198	0.327	0.094	7644926	5826686	1124640	1761928	4910112	4346229	944820	1001588	2734814	1480457	179820	760340	27169864	7794373	25607	18780164	7042933	1743167	556734	6639708	175924	27163039	7801198
2021-05-09	35250334	286097	183575	102522	26016996	2356454	6850211	27373287	7903720	0.329	0.095	7644926	5826686	1124640	1761928	4910112	4346229	944820	1001588	2734814	1480457	179820	760340	27444926	7805408	26673	18894802	7122194	1788925	567529	6662887	187324	27346614	7903720
2021-05-10	35838915	588581	395263	193318	26390075	2437906	6980541	27772270	8097038	0.334	0.097	7644926	5826686	1124640	1761928	4910112	4346229	944820	1001588	2734814	1480457	179820	760340	27844609	7994306	30393	19126213	7263862	1848272	589634	6767392	213149	27741877	8097038
2021-05-11	36923054	1084139	797106	287033	27214970	2517553	7156545	28572969	8384071	0.344	0.101	7644926	5826686	1124640	1761928	4910112	4346229	944820	1001588	2734814	1480457	179820	760340	28275053	8648001	33986	19718852	7496118	1905826	611727	6914305	242240	28538983	8384071
2021-05-12	38336700	1413646	1047944	365702	28306737	2609075	7381315	29626500	8749773	0.356	0.105	7644926	5826686	1124640	1761928	4910112	4346229	944820	1001588	2734814	1480457	179820	760340	28732716	9603984	39573	20514853	7791884	1966878	642197	7105196	276119	29586927	8749773
2021-05-13	38765792	429092	268423	160669	28622163	2675666	7425739	29897574	8910442	0.359	0.107	7644926	5826686	1124640	1761928	4910112	4346229	944820	1001588	2734814	1480457	179820	760340	29088329	9677463	42224	20702520	7919643	2018426	657240	7134404	291335	29855350	8910442
2021-05-14	39521821	756029	525733	230296	29167230	2740510	7564076	30431088	9140738	0.366	0.110	7644926	5826686	1124640	1761928	4910112	4346229	944820	1001588	2734814	1480457	179820	760340	29493021	10028800	50005	21067154	8100076	2068121	672389	7245808	318268	30381083	9140738
2021-05-15	39921798	399977	234475	165502	29446319	2800805	7620387	30669845	9306240	0.369	0.112	7644926	5826686	1124640	1761928	4910112	4346229	944820	1001588	2734814	1480457	179820	760340	29845332	10076466	54287	21223919	8222400	2112059	688746	7279580	340807	30615558	9306240
2021-05-16	40204255	282457	160459	121998	29646481	2853531	7645229	30835031	9428238	0.371	0.113	7644926	5826686	1124640	1761928	4910112	4346229	944820	1001588	2734814	1480457	179820	760340	30111784	10092471	59014	21330296	8316185	2154898	698633	7290823	354406	30776017	9428238
2021-05-17	40758794	554539	348644	205895	29984350	2939084	7766587	31193434	9634133	0.375	0.116	7644926	5826686	1124640	1761928	4910112	4346229	944820	1001588	2734814	1480457	179820	760340	30497005	10261789	68773	21522704	8461646	2216121	722963	7385836	380751	31124661	9634133
2021-05-18	41628822	870028	516251	353777	30572652	3039916	7939712	31717454	9987910	0.381	0.120	7644926	5826686	1124640	1761928	4910112	4346229	944820	1001588	2734814	1480457	179820	760340	30912029	10716793	76542	21821459	8751193	2288478	751438	7530975	408737	31640912	9987910
2021-05-19	42724470	1095648	562297	533351	31375344	3139761	8120706	32291868	10521261	0.388	0.127	7644926	5826686	1124640	1761928	4910112	4346229	944820	1001588	2734814	1480457	179820	760340	31327899	11396571	88659	22164632	9210712	2354558	785203	7684019	436687	32203209	10521261
2021-05-20	43669168	944698	454130	490568	32057181	3235696	8276868	32756762	11011829	0.394	0.132	7644926	5826686	1124640	1761928	4910112	4346229	944820	1001588	2734814	1480457	179820	760340	31741654	11927514	99423	22424651	9632530	2419847	815849	7812841	464027	32657339	11011829
2021-05-21	44517242	848074	403787	444287	32651439	3320887	8433677	33172365	11456116	0.399	0.138	7644926	5826686	1124640	1761928	4910112	4346229	944820	1001588	2734814	1480457	179820	760340	32167008	12350234	111239	22645877	10005562	2475765	845122	7939484	494193	33061126	11456116
2021-05-22	44990409	473167	214163	259004	32957328	3390156	8517424	33400790	11715120	0.402	0.141	7644926	5826686	1124640	1761928	4910112	4346229	944820	1001588	2734814	1480457	179820	760340	32511245	12479164	125501	22744031	10213297	2523810	866346	8007448	509976	33275289	11715120
2021-05-23	45275030	284621	124067	160554	33150011	3449331	8541327	33533717	11875674	0.403	0.143	7644926	5826686	1124640	1761928	4910112	4346229	944820	1001588	2734814	1480457	179820	760340	32777745	12497285	134361	22809251	10340760	2567863	881468	8022242	519085	33399356	11875674
2021-05-24	45600426	325396	140476	184920	33385460	3510591	8561971	33682236	12060594	0.405	0.145	7644926	5826686	1124640	1761928	4910112	4346229	944820	1001588	2734814	1480457	179820	760340	33087616	12512810	142404	22891532	10493928	2614110	896481	8034190	527781	33539832	12060594
2021-05-25	46252582	652156	270559	381597	33830335	3589382	8665365	33977891	12442191	0.409	0.150	7644926	5826686	1124640	1761928	4910112	4346229	944820	1001588	2734814	1480457	179820	760340	33480829	12771753	167500	23032297	10798038	2665314	924068	8112780	552585	33810391	12442191
2021-05-26	47427862	1175280	467592	707688	34712996	3670456	8798687	34523706	13149879	0.415	0.158	7644926	5826686	1124640	1761928	4910112	4346229	944820	1001588	2734814	1480457	179820	760340	33892694	13535168	245723	23346034	11366962	2717487	952969	8214462	584225	34277983	13149879
2021-05-27	48463824	1035962	402508	633454	35449145	3758290	8929610	35007270	13783333	0.421	0.166	7644926	5826686	1124640	1761928	4910112	4346229	944820	1001588	2734814	1480457	179820	760340	34306819	14157005	326779	23602852	11846293	2768761	989529	8308878	620732	34680491	13783333
2021-05-28	49363286	899462	354487	544975	36050027	3843505	9059241	35445491	14328308	0.426	0.172	7644926	5826686	1124640	1761928	4910112	4346229	944820	1001588	2734814	1480457	179820	760340	34738320	14624966	410513	23818562	12231465	2818943	1024562	8397473	661768	35034978	14328308
2021-05-29	49771329	408043	150788	257255	36311202	3905208	9116618	35624067	14585563	0.428	0.175	7644926	5826686	1124640	1761928	4910112	4346229	944820	1001588	2734814	1480457	179820	760340	35071954	14699375	438301	23897919	12413283	2855531	1049677	8432316	684302	35185766	14585563
2021-05-30	50054351	283022	97227	185795	36508041	3952104	9144884	35732315	14771358	0.430	0.178	7644926	5826686	1124640	1761928	4910112	4346229	944820	1001588	2734814	1480457	179820	760340	35333158	14721193	449322	23956813	12551228	2882731	1069373	8443449	701435	35282993	14771358
2021-05-31	50599005	544654	177193	367461	36874591	4018515	9214105	35951980	15138819	0.432	0.182	7644926	5826686	1124640	1761928	4910112	4346229	944820	1001588	2734814	1480457	179820	760340	35720043	14878962	491794	24067897	12806694	2910069	1108446	8482220	731885	35460186	15138819
2021-06-01	51584153	985148	399080	586068	37606738	4097063	9304128	36435490	15724887	0.438	0.189	7644926	5826686	1124640	1761928	4910112	4346229	944820	1001588	2734814	1480457	179820	760340	36114718	15469435	576224	24383796	13222942	2939269	1157794	8536201	767927	35859266	15724887
2021-06-02	52827817	1243664	515645	728019	38593764	4168245	9385925	37054794	16452906	0.446	0.198	7644926	5826686	1124640	1761928	4910112	4346229	944820	1001588	2734814	1480457	179820	760340	36518104	16309713	679883	24832475	13761289	2963395	1204850	8579041	806884	36374911	16452906
2021-06-03	53468700	640883	229697	411186	39067762	4231990	9435884	37337672	16864092	0.449	0.203	7644926	5826686	1124640	1761928	4910112	4346229	944820	1001588	2734814	1480457	179820	760340	36879574	16589126	733064	25012088	14055674	2992736	1239254	8599784	836100	36604608	16864092
2021-06-04	54276463	807763	289821	517942	39651358	4302442	9512395	37704697	17382034	0.453	0.209	7644926	5826686	1124640	1761928	4910112	4346229	944820	1001588	2734814	1480457	179820	760340	37284849	16991614	810268	25239240	14412118	3021068	1281374	8634121	878274	36894429	17382034
2021-06-05	54687384	410921	95459	315462	39922039	4368038	9556427	37830768	17697496	0.455	0.213	7644926	5826686	1124640	1761928	4910112	4346229	944820	1001588	2734814	1480457	179820	760340	37632226	17055158	840880	25297829	14624210	3047046	1320992	8645013	911414	36989888	17697496
2021-06-06	54979624	292240	59395	232845	40127775	4409012	9583741	37908379	17930341	0.456	0.216	7644926	5826686	1124640	1761928	4910112	4346229	944820	1001588	2734814	1480457	179820	760340	37894757	17084867	859096	25341697	14786078	3058967	1350045	8648619	935122	37049283	17930341
2021-06-07	55589712	610088	190441	419647	40527204	4493192	9655806	38153234	18349988	0.459	0.221	7644926	5826686	1124640	1761928	4910112	4346229	944820	1001588	2734814	1480457	179820	760340	38265561	17323248	913510	25474077	15053127	3086019	1407173	8679628	976178	37239724	18349988
2021-06-08	56628824	1039112	328495	710617	41360948	4567702	9718436	38549957	19060605	0.464	0.229	7644926	5826686	1124640	1761928	4910112	4346229	944820	1001588	2734814	1480457	179820	760340	38656852	17968865	981738	25744599	15616349	3111853	1455849	8711767	1006669	37568219	19060605
2021-06-09	58031689	1402865	430289	972576	42518132	4653985	9782127	39075953	20033181	0.470	0.241	7644926	5826686	1124640	1761928	4910112	4346229	944820	1001588	2734814	1480457	179820	760340	39068988	18956810	1077445	26114629	16403503	3139839	1514146	8744040	1038087	37998508	20033181
2021-06-10	59201252	1169563	384744	784819	43454955	4742966	9837495	39549088	20818000	0.476	0.250	7644926	5826686	1124640	1761928	4910112	4346229	944820	1001588	2734814	1480457	179820	760340	39487010	19705530	1165836	26441105	17013850	3171435	1571531	8770712	1066783	38383252	20818000
2021-06-11	60243225	1041973	345383	696590	44243611	4831465	9905761	39991023	21514590	0.481	0.259	7644926	5826686	1124640	1761928	4910112	4346229	944820	1001588	2734814	1480457	179820	760340	39913207	20318630	1262388	26729667	17513944	3199266	1632199	8799702	1106059	38728635	21514590
2021-06-12	60673376	430151	119283	310868	44523761	4903117	9948885	40145531	21825458	0.483	0.262	7644926	5826686	1124640	1761928	4910112	4346229	944820	1001588	2734814	1480457	179820	760340	40240261	20420893	1297613	26817297	17706464	3217851	1685266	8812770	1136115	38847918	21825458
2021-06-13	60955434	282058	63977	218081	44702731	4966595	9974749	40223254	22043539	0.484	0.265	7644926	5826686	1124640	1761928	4910112	4346229	944820	1001588	2734814	1480457	179820	760340	40486659	20456247	1311359	26860740	17841991	3233711	1732884	8817444	1157305	38911895	22043539
2021-06-14	61596504	641070	203200	437870	45121408	5067258	10041335	40481598	22481409	0.487	0.270	7644926	5826686	1124640	1761928	4910112	4346229	944820	1001588	2734814	1480457	179820	760340	40885218	20696780	1366503	27023016	18098392	3257135	1810123	8834944	1206391	39115095	22481409
2021-06-15	62622543	1026039	329739	696300	45900855	5171244	10124923	40870355	23177709	0.491	0.279	7644926	5826686	1124640	1761928	4910112	4346229	944820	1001588	2734814	1480457	179820	760340	41321078	21283470	1425521	27304920	18595935	3285395	1885849	8854519	1270404	39444834	23177709
2021-06-16	63978345	1355802	443991	911811	46979910	5276389	10220402	41390469	24089520	0.498	0.290	7644926	5826686	1124640	1761928	4910112	4346229	944820	1001588	2734814	1480457	179820	760340	41774307	22182018	1501644	27691530	19288380	3317317	1959072	8879978	1340424	39888825	24089520
2021-06-17	65098685	1120340	376208	744132	47838873	5378656	10311329	41834860	24833652	0.503	0.299	7644926	5826686	1124640	1761928	4910112	4346229	944820	1001588	2734814	1480457	179820	760340	42221077	22852215	1569827	28016527	19822346	3346412	2032244	8902094	1409235	40265033	24833652
2021-06-18	66066118	967433	325136	642297	48549640	5471803	10406244	42228600	25475949	0.508	0.306	7644926	5826686	1124640	1761928	4910112	4346229	944820	1001588	2734814	1480457	179820	760340	42655523	23382503	1638431	28288893	20260747	3377236	2094567	8924040	1482204	40590169	25475949
2021-06-19	66487079	420961	114220	306741	48817309	5553619	10456905	42363635	25782690	0.509	0.310	7644926	5826686	1124640	1761928	4910112	4346229	944820	1001588	2734814	1480457	179820	760340	42990743	23466988	1659246	28375873	20441436	3397931	2155688	8930585	1526320	40704389	25782690
2021-06-20	66780226	293147	66651	226496	48994640	5624804	10488726	42443096	26009186	0.510	0.313	7644926	5826686	1124640	1761928	4910112	4346229	944820	1001588	2734814	1480457	179820	760340	43253985	23496614	1672056	28424009	20570631	3413834	2210970	8933197	1555529	40771040	26009186
2021-06-21	67395668	615442	197726	417716	49393312	5721109	10573083	42676930	26426902	0.513	0.318	7644926	5826686	1124640	1761928	4910112	4346229	944820	1001588	2734814	1480457	179820	760340	43637877	23726147	1708164	28583495	20809817	3438455	2282654	8946816	1626267	40968766	26426902
2021-06-22	68448147	1052479	355468	697011	50215729	5816085	10674771	43065796	27123913	0.518	0.326	7644926	5826686	1124640	1761928	4910112	4346229	944820	1001588	2734814	1480457	179820	760340	44057652	24354112	1741562	28892734	21322995	3468580	2347505	8962920	1711851	41324234	27123913
2021-06-23	69755457	1307310	465604	841706	51280152	5910947	10789541	43564655	27965619	0.524	0.336	7644926	5826686	1124640	1761928	4910112	4346229	944820	1001588	2734814	1480457	179820	760340	44476025	25237778	1774817	29308671	21971481	3497847	2413100	8983320	1806221	41789838	27965619
2021-06-24	70762480	1007023	465173	541850	52051768	5997487	10899765	44068471	28507469	0.530	0.343	7644926	5826686	1124640	1761928	4910112	4346229	944820	1001588	2734814	1480457	179820	760340	44885599	25830883	1813460	29717722	22334046	3532792	2464695	9004497	1895268	42255011	28507469
2021-06-25	71656549	894069	360251	533818	52723322	6073031	11008467	44466991	29041287	0.535	0.349	7644926	5826686	1124640	1761928	4910112	4346229	944820	1001588	2734814	1480457	179820	760340	45292923	26314646	1851729	30031776	22691546	3559222	2513809	9024264	1984203	42615262	29041287
2021-06-26	72054470	397921	129573	268348	52970704	6140827	11078871	44608903	29309635	0.536	0.352	7644926	5826686	1124640	1761928	4910112	4346229	944820	1001588	2734814	1480457	179820	760340	45626493	26378225	1864068	30129933	22840771	3584515	2556312	9030387	2048484	42744835	29309635
2021-06-27	72343229	288759	88651	200108	53142273	6198532	11134252	44701658	29509743	0.537	0.355	7644926	5826686	1124640	1761928	4910112	4346229	944820	1001588	2734814	1480457	179820	760340	45889179	26403445	1868172	30196063	22946210	3603627	2594905	9033796	2100456	42833486	29509743
2021-06-28	72957050	613821	232411	381410	53529906	6287864	11247547	44957630	29891153	0.541	0.359	7644926	5826686	1124640	1761928	4910112	4346229	944820	1001588	2734814	1480457	179820	760340	46286506	26617843	1891733	30382795	23147111	3635670	2652194	9047432	2200115	43065897	29891153
2021-06-29	73865822	908772	373247	535525	54194714	6378859	11379271	45352122	30426678	0.545	0.366	7644926	5826686	1124640	1761928	4910112	4346229	944820	1001588	2734814	1480457	179820	760340	46694636	27113831	1912978	30711726	23482988	3668333	2710526	9059085	2320186	43439144	30426678
2021-06-30	74854941	989119	429901	559218	54937243	6469857	11513474	45803412	30985896	0.551	0.373	7644926	5826686	1124640	1761928	4910112	4346229	944820	1001588	2734814	1480457	179820	760340	47094395	27697962	1934367	31092885	23844358	3702753	2767104	9073407	2440067	43869045	30985896
2021-07-01	75781404	926463	424872	501591	55640907	6545065	11639900	46249449	31487487	0.556	0.379	7644926	5826686	1124640	1761928	4910112	4346229	944820	1001588	2734814	1480457	179820	760340	47446289	28268207	1955532	31475799	24165108	3731623	2813442	9086495	2553405	44293917	31487487