date	dosen_kumulativ	dosen_differenz_zum_vortag	dosen_erst_differenz_zum_vortag	dosen_zweit_differenz_zum_vortag	dosen_biontech_kumulativ	dosen_moderna_kumulativ	dosen_astrazeneca_kumulativ	personen_erst_kumulativ	personen_voll_kumulativ	impf_quote_erst	impf_quote_voll	indikation_alter_dosen	indikation_beruf_dosen	indikation_medizinisch_dosen	indikation_pflegeheim_dosen	indikation_alter_erst	indikation_beruf_erst	indikation_medizinisch_erst	indikation_pflegeheim_erst	indikation_alter_voll	indikation_beruf_voll	indikation_medizinisch_voll	indikation_pflegeheim_voll	dosen_dim_kumulativ	dosen_kbv_kumulativ	dosen_johnson_kumulativ	dosen_biontech_erst_kumulativ	dosen_biontech_zweit_kumulativ	dosen_moderna_erst_kumulativ	dosen_moderna_zweit_kumulativ	dosen_astrazeneca_erst_kumulativ	dosen_astrazeneca_zweit_kumulativ	dosen_erst_kumulativ	dosen_zweit_kumulativ
2020-12-27	24100	24100	24087	13	24098	2	0	24087	13	0.000	0.000	10705	8657	1305	12604	10664	8590	1305	12536	41	67	0	68	24100	0	0	24085	13	2	0	0	0	24087	13
2020-12-28	42003	17903	17741	162	42001	2	0	41828	175	0.001	0.000	18621	15788	1991	21344	18580	15721	1991	21276	41	67	0	68	42003	0	0	41826	175	2	0	0	0	41828	175
2020-12-29	91985	49982	49248	734	91982	2	1	91076	909	0.001	0.000	34989	40734	3107	40508	34724	40420	3107	40099	265	314	0	409	91985	0	0	91073	909	2	0	1	0	91076	909
2020-12-30	155426	63441	63302	139	155423	2	1	154378	1048	0.002	0.000	55510	73365	4901	63206	55243	73050	4901	62794	267	315	0	412	155426	0	0	154375	1048	2	0	1	0	154378	1048
2020-12-31	205122	49696	49607	89	205119	2	1	203985	1137	0.002	0.000	72831	96719	6752	83965	72517	96367	6752	83476	314	352	0	489	205122	0	0	203982	1137	2	0	1	0	203985	1137
2021-01-01	230465	25343	25334	9	230454	7	4	229319	1146	0.003	0.000	81208	105449	7830	92301	80894	105097	7830	91812	314	352	0	489	230465	0	0	229309	1145	7	0	3	1	229319	1146
2021-01-02	278417	47952	47666	286	278406	7	4	276985	1432	0.003	0.000	102774	129731	10350	113258	102365	129304	10350	112629	409	427	0	629	278417	0	0	276975	1431	7	0	3	1	276985	1432
2021-01-03	300826	22409	22404	5	300814	8	4	299389	1437	0.004	0.000	113044	140227	11284	123279	112635	139800	11284	122650	409	427	0	629	300826	0	0	299378	1436	8	0	3	1	299389	1437
2021-01-04	346591	45765	45669	96	346578	9	4	345058	1533	0.004	0.000	129646	164913	13951	139091	129237	164486	13951	138462	409	427	0	629	346591	0	0	345046	1532	9	0	3	1	345058	1533
2021-01-05	398415	51824	51487	337	398401	10	4	396545	1870	0.005	0.000	147987	192565	16489	157656	147576	192117	16489	157025	411	448	0	631	398415	0	0	396532	1869	10	0	3	1	396545	1870
2021-01-06	460785	62370	62278	92	460762	16	7	458823	1962	0.006	0.000	169498	225530	19910	180812	169086	225082	19910	180181	412	448	0	631	460785	0	0	458802	1960	16	0	5	2	458823	1962
2021-01-07	514711	53926	53905	21	514684	19	8	512728	1983	0.006	0.000	189172	254868	22957	197233	188758	254418	22957	196600	414	450	0	633	514711	0	0	512703	1981	19	0	6	2	512728	1983
2021-01-08	576277	61566	61458	108	576198	70	9	574186	2091	0.007	0.000	211521	287315	26324	218219	211009	286711	26320	217449	512	604	4	770	576277	0	0	574109	2089	70	0	7	2	574186	2091
2021-01-09	636242	59965	59818	147	636160	73	9	634004	2238	0.008	0.000	237322	313238	29007	243325	236798	312599	29003	242545	524	639	4	780	636242	0	0	633924	2236	73	0	7	2	634004	2238
2021-01-10	671470	35228	35079	149	671380	81	9	669083	2387	0.008	0.000	252455	327794	30379	256315	251929	327151	30375	255535	526	643	4	780	671470	0	0	668996	2384	80	1	7	2	669083	2387
2021-01-11	738972	67502	67400	102	738867	94	11	736483	2489	0.009	0.000	277513	359176	33587	276774	276967	358513	33583	275968	546	663	4	806	738972	0	0	736387	2480	87	7	9	2	736483	2489
2021-01-12	817240	78268	78204	64	817119	109	12	814687	2553	0.010	0.000	305695	401338	36582	301731	305147	400670	36578	300888	548	668	4	843	817240	0	0	814576	2543	102	7	9	3	814687	2553
2021-01-13	927963	110723	110522	201	926673	1278	12	925209	2754	0.011	0.000	345167	458844	40485	337339	344574	458093	40466	336399	593	751	19	940	927963	0	0	923929	2744	1271	7	9	3	925209	2754
2021-01-14	1011029	83066	82844	222	1004593	6424	12	1008053	2976	0.012	0.000	374803	501101	42769	361463	374094	500254	42750	360452	709	847	19	1011	1011029	0	0	1001671	2922	6373	51	9	3	1008053	2976
2021-01-15	1101449	90420	89574	846	1089743	11689	17	1097627	3822	0.013	0.000	408725	545673	46728	389202	407810	544625	46700	387982	915	1048	28	1220	1101449	0	0	1085975	3768	11638	51	14	3	1097627	3822
2021-01-16	1158783	57334	56312	1022	1145397	13368	18	1153939	4844	0.014	0.000	432983	570627	48859	408798	431664	569232	48767	407047	1319	1395	92	1751	1158783	0	0	1140607	4790	13317	51	15	3	1153939	4844
2021-01-17	1206340	47557	29784	17773	1191691	14629	19	1183724	22617	0.014	0.000	453449	591002	50884	428544	444215	583354	50014	417145	9234	7648	870	11399	1206340	0	1	1169129	22562	14578	51	16	3	1183723	22617
2021-01-18	1288192	81852	66156	15696	1269400	18771	20	1249880	38313	0.015	0.000	482728	633883	53106	448900	467235	619730	51700	430238	15493	14153	1406	18662	1288192	0	1	1231144	38256	18718	53	17	3	1249879	38313
2021-01-19	1406939	118747	82334	36413	1384477	22433	28	1332214	74726	0.016	0.001	519765	695968	56714	479843	492669	666683	54375	447938	27096	29285	2339	31905	1406939	0	1	1309812	74665	22376	57	25	3	1332213	74726
2021-01-20	1539053	132114	77584	54530	1513846	25175	31	1409798	129256	0.017	0.002	568076	760039	60957	522078	522876	706310	57505	469463	45200	53729	3452	52615	1539053	0	1	1384651	129195	25118	57	28	3	1409797	129256
2021-01-21	1644035	104982	63662	41320	1616086	27915	33	1473460	170576	0.018	0.002	610150	808503	65406	556195	549621	735602	60889	487988	60529	72901	4517	68207	1644035	0	1	1445573	170513	27857	58	29	4	1473459	170576
2021-01-22	1745524	101489	68032	33457	1715380	30102	41	1541492	204033	0.019	0.002	654049	853889	69013	590642	579902	764987	63599	506975	74147	88902	5414	83667	1745524	0	1	1511415	203965	30039	63	37	4	1541491	204033
2021-01-23	1831956	86432	40429	46003	1801455	30456	44	1581921	250036	0.019	0.003	691767	890989	72414	617916	599855	780966	64783	516268	91912	110023	7631	101648	1831956	0	1	1551488	249967	30392	64	40	4	1581920	250036
2021-01-24	1879245	47289	25455	21834	1848542	30654	48	1607376	271870	0.019	0.003	715655	910067	73331	632982	614016	789814	65130	521524	101639	120253	8201	111458	1879245	0	1	1576741	271801	30590	64	44	4	1607375	271870
2021-01-25	1970192	90947	52263	38684	1938070	32070	51	1659639	310554	0.020	0.004	756375	951632	76827	658117	642321	811974	66847	534304	114054	139658	9980	123813	1970192	0	1	1627588	310482	32003	67	47	4	1659638	310554
2021-01-26	2067611	97419	50612	46807	2034047	33505	58	1710251	357361	0.021	0.004	796572	997196	80614	684405	667753	831436	68195	545278	128819	165760	12419	139127	2067611	0	1	1676762	357285	33434	71	54	4	1710250	357361
2021-01-27	2176906	109295	50769	58526	2141548	35291	66	1761020	415887	0.021	0.005	839834	1049509	85786	715259	691463	852265	70042	556304	148371	197244	15744	158955	2176906	0	1	1725749	415799	35208	83	62	4	1761019	415887
2021-01-28	2269158	92252	46356	45896	2232169	36919	69	1807376	461783	0.022	0.006	877990	1090332	89974	739697	713483	869115	71590	567469	164507	221217	18384	172228	2269158	0	1	1770562	461607	36748	171	65	4	1807375	461783
2021-01-29	2376821	107663	49970	57693	2338345	38399	76	1857346	519476	0.022	0.006	920894	1138243	95507	769100	735839	888487	73819	578309	185055	249756	21688	190791	2376821	0	1	1819046	519299	38227	172	72	4	1857345	519476
2021-01-30	2464833	88012	34358	53654	2425475	39279	78	1891704	573130	0.023	0.007	957412	1174692	99468	796433	752473	901967	75224	586328	204939	272725	24244	210105	2464833	0	1	1852525	572950	39105	174	73	5	1891703	573130
2021-01-31	2521700	56867	25751	31116	2481961	39655	83	1917455	604246	0.023	0.007	982865	1196922	101575	812430	766590	910861	76411	592657	216275	286061	25164	219773	2521700	0	1	1877904	604057	39473	182	77	6	1917454	604246
2021-02-01	2641223	119523	57969	61554	2599224	41864	134	1975424	665800	0.024	0.008	1026174	1260299	105285	839830	787193	944041	78273	602425	238981	316258	27012	237405	2641223	0	1	1933615	665609	41680	184	128	6	1975423	665800
2021-02-02	2773232	132009	64792	67217	2728159	44925	147	2040216	733017	0.025	0.009	1069633	1330364	110479	870030	806216	982089	80866	611659	263417	348275	29613	258371	2773232	0	1	1995334	732825	44740	185	141	6	2040215	733017
2021-02-03	2934274	161042	63518	97524	2882846	51253	173	2103735	830541	0.025	0.010	1128983	1407775	116405	912544	829819	1014401	83062	623312	299164	393374	33343	289232	2934274	0	2	2052504	830342	51062	191	167	6	2103733	830541
2021-02-04	3067317	133043	61195	71848	3010051	57086	178	2164930	902389	0.026	0.011	1177986	1472437	120972	943857	851937	1046473	85311	632945	326049	425964	35661	310912	3067317	0	2	2107864	902187	56892	194	172	6	2164928	902389
2021-02-05	3213708	146391	68901	77490	3149984	63536	186	2233831	979879	0.027	0.012	1232524	1542580	126293	977786	877231	1080338	86905	644262	355293	462242	39388	333524	3213708	0	2	2170442	979542	63208	328	179	7	2233829	979879
2021-02-06	3307372	93664	45375	48289	3241021	66162	187	2279206	1028168	0.027	0.012	1272514	1588658	130853	1003590	896490	1101898	88782	653957	376024	486760	42071	349633	3307372	0	2	2213190	1027831	65834	328	180	7	2279204	1028168
2021-02-07	3360676	53304	28252	25052	3291996	68489	189	2307458	1053220	0.028	0.013	1298155	1609930	133571	1016823	910800	1112720	90015	659435	387355	497210	43556	357388	3360676	0	2	2239114	1052882	68160	329	182	7	2307456	1053220
2021-02-08	3469526	108850	52864	55986	3396998	72310	216	2360322	1109206	0.028	0.013	1350672	1655734	137545	1035599	942269	1129343	91902	666781	408403	526391	45643	368818	3469526	0	2	2288131	1108867	71980	330	209	7	2360320	1109206
2021-02-09	3603584	134058	60193	73865	3527509	75744	329	2420515	1183071	0.029	0.014	1411842	1714380	141993	1058512	978151	1147503	94639	674792	433691	566877	47354	383720	3603584	0	2	2344967	1182542	75224	520	322	7	2420513	1183071
2021-02-10	3757735	154151	77325	76826	3669094	79979	8660	2497840	1259897	0.030	0.015	1478760	1781046	146001	1087933	1017461	1175177	96286	685176	461299	605869	49715	402757	3757735	0	2	2410719	1258375	78478	1501	8641	19	2497838	1259897
2021-02-11	3901434	143699	75205	68494	3789212	87244	24974	2573047	1328391	0.031	0.016	1539776	1848576	151475	1113070	1052428	1208053	98713	694775	487348	640523	52762	418295	3901434	0	4	2465389	1323823	82713	4531	24941	33	2573043	1328391
2021-02-12	4056601	155167	79513	75654	3920857	96541	39196	2652563	1404045	0.032	0.017	1611268	1919253	157751	1138545	1094198	1240389	101429	704318	517070	678864	56322	434227	4056601	0	7	2526432	1394425	87285	9256	38839	357	2652556	1404045
2021-02-13	4163972	107371	61924	45447	4011620	99798	52546	2714488	1449492	0.033	0.017	1667599	1960972	162355	1156080	1129093	1262877	103231	711418	538506	698095	59124	444662	4163972	0	8	2573301	1438319	88997	10801	52182	364	2714480	1449492
2021-02-14	4229178	65206	39494	25712	4067106	102272	59791	2753983	1475204	0.033	0.018	1706122	1983696	163973	1164146	1153761	1276081	104081	714928	552361	707615	59892	449218	4229178	0	9	2604301	1462805	90267	12005	59406	385	2753974	1475204
2021-02-15	4354445	125267	69523	55744	4171688	107501	75246	2823507	1530948	0.034	0.018	1773591	2031897	168008	1183418	1194859	1300739	106358	721524	578732	731158	61650	461894	4354445	0	10	2656114	1515574	92539	14962	74844	402	2823497	1530948
2021-02-16	4488501	134056	77706	56350	4280077	113620	94793	2901214	1587298	0.035	0.019	1839625	2089928	170683	1200400	1236633	1336138	107879	728440	602992	753790	62804	471960	4488501	0	11	2711560	1568517	95264	18356	94379	414	2901203	1587298
2021-02-17	4639213	150712	94426	56286	4402067	121618	115516	2995641	1643584	0.036	0.020	1920033	2147919	175770	1221928	1292995	1368705	110873	736858	627038	779214	64897	485070	4639213	0	12	2780463	1621604	100076	21542	115090	426	2995629	1643584
2021-02-18	4783437	144224	91241	52983	4514248	129842	139334	3086883	1696567	0.037	0.020	1995907	2206102	179208	1240945	1345328	1403985	112659	744258	650579	802117	66549	496687	4783437	0	13	2843208	1671040	104758	25084	138904	430	3086870	1696567
2021-02-19	4941719	158282	102756	55526	4635168	139802	166735	3189640	1752093	0.038	0.021	2076668	2266444	184080	1258305	1402958	1440066	115287	750941	673710	826378	68793	507364	4941719	0	14	2911719	1723449	111708	28094	166199	536	3189626	1752093
2021-02-20	5053761	112042	75791	36251	4721524	144266	187956	3265432	1788344	0.039	0.022	2138268	2310157	187738	1272296	1445964	1469322	117533	755178	692304	840835	70205	517118	5053761	0	15	2962268	1759256	115739	28527	187410	546	3265417	1788344
2021-02-21	5139555	85794	57421	28373	4788029	147907	203603	3322854	1816717	0.040	0.022	2187054	2340674	190304	1282667	1479917	1489494	118664	757407	707137	851180	71640	525260	5139555	0	16	3000566	1787463	119221	28686	203051	552	3322838	1816717
2021-02-22	5294784	155229	97540	57689	4910688	156901	227178	3420395	1874406	0.041	0.023	2266701	2410287	195201	1300517	1538362	1525084	121627	763642	728339	885203	73574	536875	5294784	0	17	3067317	1843371	126447	30454	226614	564	3420378	1874406
2021-02-23	5464368	169584	109097	60487	5044229	164111	256010	3529493	1934893	0.042	0.023	2346910	2483166	200501	1318387	1598211	1563793	124757	771284	748699	919373	75744	547103	5464368	0	18	3142043	1902186	131998	32113	255434	576	3529475	1934893
2021-02-24	5639977	175609	116473	59136	5175576	171722	292660	3645967	1994029	0.044	0.024	2431789	2557990	207079	1337422	1660503	1608669	128907	778912	771286	949321	78172	558510	5639977	0	19	3215959	1959617	137923	33799	292066	594	3645948	1994029
2021-02-25	5828726	188749	129754	58995	5306718	178482	343507	3775721	2053024	0.045	0.025	2514175	2648479	213515	1355541	1722988	1667176	133470	787131	791187	981303	80045	568410	5828726	0	19	3289648	2017070	143154	35328	342900	607	3775702	2053024
2021-02-26	6041029	212303	145470	66833	5447384	187315	406311	3921191	2119857	0.047	0.025	2602819	2749814	220591	1375230	1787946	1735795	138593	794627	814873	1014019	81998	580603	6041029	0	19	3365169	2082215	150370	36945	405633	678	3921172	2119857
2021-02-27	6188750	147721	107827	39894	5540041	191397	457293	4029018	2159751	0.048	0.026	2666475	2822116	227301	1388101	1833818	1790224	143432	799030	832657	1031892	83869	589071	6188750	0	19	3418672	2121369	153720	37677	456607	686	4028999	2159751
2021-02-28	6291580	102830	78769	24061	5601316	195350	494894	4107788	2183812	0.049	0.026	2714700	2875405	231582	1394762	1868893	1834535	146785	801170	845807	1040870	84797	593592	6291580	0	20	3456257	2145059	157321	38029	494190	704	4107768	2183812
2021-03-01	6489668	198088	148275	49813	5731449	204973	553226	4256063	2233625	0.051	0.027	2817221	2953369	239381	1408021	1943445	1896228	153263	806209	873776	1057141	86118	601812	6489668	0	20	3538614	2192835	164922	40051	552507	719	4256043	2233625
2021-03-02	6708240	218572	166472	52100	5871206	214963	622051	4422535	2285725	0.053	0.027	2927307	3047588	248982	1422628	2022735	1971725	160632	812692	904572	1075863	88350	609936	6708240	0	20	3629167	2242039	172037	42926	621311	740	4422515	2285725
2021-03-03	6954227	245987	175772	70215	6027901	229911	696395	4598307	2355940	0.055	0.028	3047976	3148969	260606	1439862	2105531	2048823	170041	819606	942445	1100146	90565	620256	6954227	0	20	3721598	2306303	181109	48802	695580	815	4598287	2355940
2021-03-04	7198667	244440	181626	62814	6168912	244381	785354	4779933	2418754	0.057	0.029	3159240	3258741	272992	1455625	2181653	2136963	180034	825002	977587	1121778	92958	630623	7198667	0	20	3805234	2363678	190183	54198	784496	858	4779913	2418754
2021-03-05	7474244	275577	207076	68501	6318336	257746	898141	4987010	2487255	0.060	0.030	3277185	3383782	287941	1471072	2258903	2242620	191990	830697	1018282	1141162	95951	640375	7474244	0	21	3892167	2426169	197588	60158	897234	907	4986989	2487255
2021-03-06	7675921	201677	153029	48648	6427557	266186	982157	5140039	2535903	0.062	0.030	3366696	3478463	298371	1480590	2314602	2325555	200824	833966	1052094	1152908	97547	646624	7675921	0	21	3954999	2472558	203790	62396	981229	928	5140018	2535903
2021-03-07	7823447	147526	114045	33481	6507290	272842	1043294	5254084	2569384	0.063	0.031	3437978	3544531	306478	1486155	2360956	2383880	208082	835928	1077022	1160651	98396	650227	7823447	0	21	4003608	2503682	208109	64733	1042346	948	5254063	2569384
2021-03-08	8060897	237450	185859	51591	6641195	283797	1135884	5439943	2620975	0.065	0.032	3556806	3640371	322827	1498475	2442587	2468035	222757	841890	1114219	1172336	100070	656585	8060897	0	21	4089326	2551869	215701	68096	1134895	989	5439922	2620975
2021-03-09	8313105	252208	197360	54848	6781293	296582	1235209	5637303	2675823	0.068	0.032	3677710	3742787	340236	1512022	2524321	2558568	238262	848791	1153389	1184219	101974	663231	8313105	0	21	4178113	2603180	225013	71569	1234156	1053	5637282	2675823
2021-03-10	8601232	288127	221089	67038	6940332	308616	1352262	5858393	2742861	0.070	0.033	3808598	3856306	360962	1530389	2606688	2661880	256906	860000	1201910	1194426	104056	670389	8600261	971	22	4273726	2666606	233489	75127	1351156	1106	5858371	2742861
2021-03-11	8885461	284229	223341	60888	7087960	322334	1475145	6081734	2803749	0.073	0.034	3937470	3976178	382106	1544008	2689957	2769533	276555	867677	1247513	1206645	105551	676331	8883835	1626	22	4364871	2723089	242859	79475	1473982	1163	6081712	2803749
2021-03-12	9211899	326438	255589	70849	7239526	339628	1632723	6337323	2874598	0.076	0.035	4071484	4127850	404783	1559463	2770420	2906954	297406	877132	1301064	1220896	107377	682331	9210063	1836	22	4450383	2789143	255560	84068	1631358	1365	6337301	2874598
2021-03-13	9452485	240586	190307	50279	7355536	349195	1747732	6527630	2924877	0.078	0.035	4181046	4240796	425293	1567511	2840453	3011727	316755	881879	1340593	1229069	108538	685632	9450493	1992	22	4517567	2837969	263786	85409	1746255	1477	6527608	2924877
2021-03-14	9622484	169999	134348	35651	7443540	354707	1824215	6661978	2960528	0.080	0.036	4266043	4307307	441408	1570975	2896461	3072888	331859	883676	1369582	1234419	109549	687299	9620482	2002	22	4570916	2872624	268323	86384	1822717	1498	6661956	2960528
2021-03-15	9870131	247647	188426	59221	7596288	367444	1906377	6850404	3019749	0.082	0.036	4400463	4391447	461474	1582289	2984151	3147219	350790	890548	1416312	1244228	110684	691741	9867846	2285	22	4666232	2930056	279360	88084	1904790	1587	6850382	3019749
2021-03-16	10049025	178894	110732	68162	7762914	378695	1907394	6961136	3087911	0.084	0.037	4527474	4426082	473886	1593025	3059300	3169255	361553	895647	1468174	1256827	112333	697378	10046193	2832	22	4767185	2995729	288126	90569	1905803	1591	6961114	3087911
2021-03-17	10253951	204926	124033	80893	7949111	396682	1908136	7085169	3168804	0.085	0.038	4672447	4463838	487350	1605072	3141952	3193652	373040	902175	1530495	1270186	114310	702897	10250502	3449	22	4877301	3071810	301306	95376	1906540	1596	7085147	3168804
2021-03-18	10447425	193474	117900	75574	8123269	414839	1909295	7203069	3244378	0.087	0.039	4812398	4498757	499905	1615322	3222615	3215628	383588	907340	1589783	1283129	116317	707982	10443553	3872	22	4981086	3142183	314263	100576	1907698	1597	7203047	3244378
2021-03-19	10692114	244689	160534	84155	8308632	435627	1947833	7363603	3328533	0.089	0.040	4961948	4563922	518114	1627194	3306761	3267408	399605	914537	1655187	1296514	118509	712657	10687711	4403	22	5089157	3219475	328245	107382	1946179	1654	7363581	3328533
2021-03-20	10912362	220248	166990	53258	8444005	450915	2017420	7530593	3381791	0.091	0.041	5078536	4641917	537715	1633319	3379545	3337212	417708	917920	1698991	1304705	120007	715399	10907635	4727	22	5175130	3268875	339706	111209	2015735	1685	7530571	3381791
2021-03-21	11076850	164488	126303	38185	8546178	460104	2070546	7656896	3419976	0.092	0.041	5171749	4694283	554274	1635819	3440184	3384099	433219	919244	1731565	1310184	121055	716575	11072123	4727	22	5242388	3303790	345651	114453	2068835	1711	7656874	3419976
2021-03-22	11345984	269134	192750	76384	8712569	483893	2149500	7849646	3496360	0.094	0.042	5329624	4766248	576579	1645397	3534739	3445389	453483	925279	1794885	1320859	123096	720118	11339729	6255	22	5339851	3372718	362038	121855	2147735	1765	7849624	3496360
2021-03-23	11646659	300675	216843	83832	8894007	503584	2249046	8066489	3580192	0.097	0.043	5490190	4854892	604288	1656865	3629814	3521119	478432	932910	1860376	1333773	125856	723955	11635416	11243	22	5442486	3451521	376756	126828	2247225	1821	8066467	3580192
2021-03-24	11985670	339011	249414	89597	9094143	536610	2354895	8315903	3669789	0.100	0.044	5664852	4952071	635971	1672375	3732242	3605792	507202	944863	1932610	1346279	128769	727512	11968635	17035	22	5558406	3535737	404476	132134	2352999	1896	8315881	3669789
2021-03-25	12318259	332589	251448	81141	9279615	564273	2474349	8567351	3750930	0.103	0.045	5830941	5060081	670798	1683452	3832663	3703768	539527	951994	1998278	1356313	131271	731458	12295279	22980	22	5668419	3611196	426568	137705	2472342	2007	8567329	3750930
2021-03-26	12691976	373717	285325	88392	9479150	601434	2611370	8852676	3839322	0.106	0.046	6003833	5184282	710463	1698535	3933360	3816071	576057	962322	2070473	1368211	134406	736213	12662682	29294	22	5786356	3692794	457025	144409	2609273	2097	8852654	3839322
2021-03-27	12973187	281211	218885	62326	9628704	629051	2715409	9071562	3901648	0.109	0.047	6147056	5279869	744190	1703356	4023632	3903670	607441	965464	2123424	1376199	136749	737892	12941543	31644	23	5876749	3751955	481532	147519	2713258	2151	9071539	3901648
2021-03-28	13169550	196363	143117	53246	9744032	647554	2777941	9214679	3954894	0.111	0.048	6253046	5333384	768116	1706823	4085867	3950861	629648	967502	2167179	1382523	138468	739321	13137715	31835	23	5942157	3801875	496761	150793	2775738	2203	9214656	3954894
2021-03-29	13474979	305429	216877	88552	9932686	672453	2869817	9431556	4043446	0.113	0.049	6418833	5404751	806706	1716518	4180272	4010842	665103	973637	2238561	1393909	141603	742881	13437196	37783	23	6049123	3883563	514857	157596	2867553	2264	9431533	4043446
2021-03-30	13803925	328946	236394	92552	10151323	696839	2955740	9667950	4135998	0.116	0.050	6591913	5474211	853024	1727240	4280843	4069380	706095	981320	2311070	1404831	146929	745920	13754006	49919	23	6181694	3969629	532817	164022	2953416	2324	9667927	4135998
2021-03-31	14140067	336142	234663	101479	10398759	732875	3008410	9902613	4237477	0.119	0.051	6774517	5538855	899988	1738789	4384637	4121392	747318	988525	2389880	1417463	152670	750264	14073833	66234	23	6335652	4063107	560888	171987	3006050	2360	9902590	4237477
2021-04-01	14466440	326373	235849	90524	10637389	765325	3063703	10138462	4328001	0.122	0.052	6936269	5606629	944397	1747554	4476928	4175958	787230	994147	2459341	1430671	157167	753407	14380127	86313	23	6491696	4145693	585441	179884	3061302	2401	10138439	4328001
2021-04-02	14692091	225651	157695	67956	10816882	779711	3095475	10296157	4395957	0.124	0.053	7067172	5654574	981393	1749910	4552089	4213818	820223	995356	2515083	1440756	161170	754554	14604254	87837	23	6607601	4209281	595486	184225	3093047	2428	10296134	4395957
2021-04-03	14923857	231766	167455	64311	10990962	795511	3137361	10463612	4460268	0.126	0.054	7198861	5698683	1018737	1753036	4633025	4248782	853330	997097	2565836	1449901	165407	755939	14834621	89236	23	6722254	4268708	606440	189071	3134895	2466	10463589	4460268
2021-04-04	15116778	192921	142564	50357	11123146	805573	3188036	10606176	4510625	0.128	0.054	7309766	5731715	1048001	1754173	4704262	4274251	879171	997551	2605504	1457464	168830	756622	15027406	89372	23	6808015	4315131	612611	192962	3185527	2509	10606153	4510625
2021-04-05	15364540	247762	177593	70169	11288086	823433	3252998	10783769	4580794	0.130	0.055	7456036	5770066	1081529	1756372	4794323	4302940	907924	998846	2661713	1467126	173605	757526	15273858	90682	23	6907597	4380489	625691	197742	3250458	2540	10783746	4580794
2021-04-06	15738170	373630	278968	94662	11542955	855644	3339548	11062737	4675456	0.133	0.056	7644926	5826686	1124640	1761928	4910112	4346229	944820	1001588	2734814	1480457	179820	760340	15610861	127309	23	7076564	4466391	649210	206434	3336940	2608	11062714	4675456
2021-04-07	16406008	667838	571548	96290	12085030	892593	3428362	11634285	4771746	0.140	0.057	7644926	5826686	1124640	1761928	4910112	4346229	944820	1001588	2734814	1480457	179820	760340	15973035	432973	23	7530961	4554069	677630	214963	3425671	2691	11634262	4771746
2021-04-08	17104452	698444	610916	87528	12656253	928153	3520023	12245201	4859274	0.147	0.058	7644926	5826686	1124640	1761928	4910112	4346229	944820	1001588	2734814	1480457	179820	760340	16346601	757851	23	8023644	4632609	704283	223870	3517251	2772	12245178	4859274
2021-04-09	17736039	631587	542717	88870	13146254	964714	3625048	12787918	4948144	0.154	0.059	7644926	5826686	1124640	1761928	4910112	4346229	944820	1001588	2734814	1480457	179820	760340	16738685	997354	23	8436285	4709969	729416	235298	3622194	2854	12787895	4948144
2021-04-10	18108609	372570	307521	65049	13394737	987935	3725914	13095439	5013193	0.157	0.060	7644926	5826686	1124640	1761928	4910112	4346229	944820	1001588	2734814	1480457	179820	760340	17078209	1030400	23	8627461	4767276	744957	242978	3722998	2916	13095416	5013193
2021-04-11	18372519	263910	213592	50318	13565104	1006600	3800792	13309031	5063511	0.160	0.061	7644926	5826686	1124640	1761928	4910112	4346229	944820	1001588	2734814	1480457	179820	760340	17337040	1035479	23	8751532	4813572	759676	246924	3797800	2992	13309008	5063511
2021-04-12	18791028	418509	342137	76372	13843951	1035782	3911271	13651169	5139883	0.164	0.062	7644926	5826686	1124640	1761928	4910112	4346229	944820	1001588	2734814	1480457	179820	760340	17707042	1083986	24	8962531	4881420	780389	255393	3908225	3046	13651145	5139883
2021-04-13	19367768	576740	503081	73659	14276200	1062994	4028550	14154250	5213542	0.170	0.063	7644926	5826686	1124640	1761928	4910112	4346229	944820	1001588	2734814	1480457	179820	760340	18087652	1280116	24	9326755	4949445	802161	260833	4025310	3240	14154226	5213542
2021-04-14	20142627	774859	691702	83157	14892623	1096530	4153450	14845952	5296699	0.179	0.064	7644926	5826686	1124640	1761928	4910112	4346229	944820	1001588	2734814	1480457	179820	760340	18488714	1653913	24	9869082	5023541	827194	269336	4149652	3798	14845928	5296699
2021-04-15	20822717	680090	609917	70173	15426537	1132735	4263420	15455870	5366872	0.186	0.065	7644926	5826686	1124640	1761928	4910112	4346229	944820	1001588	2734814	1480457	179820	760340	18873175	1949542	25	10342379	5084158	854788	277947	4258678	4742	15455845	5366872
2021-04-16	21419113	596396	522298	74098	15864585	1165270	4389233	15978168	5440970	0.192	0.065	7644926	5826686	1124640	1761928	4910112	4346229	944820	1001588	2734814	1480457	179820	760340	19274732	2144381	25	10715503	5149082	878952	286318	4383688	5545	15978143	5440970
2021-04-17	21785097	365984	309374	56610	16089458	1187955	4507659	16287542	5497580	0.196	0.066	7644926	5826686	1124640	1761928	4910112	4346229	944820	1001588	2734814	1480457	179820	760340	19618912	2166185	25	10892385	5197073	894502	293453	4500630	7029	16287517	5497580
2021-04-18	22054504	269407	230411	38996	16261485	1203338	4589656	16517953	5536576	0.199	0.067	7644926	5826686	1124640	1761928	4910112	4346229	944820	1001588	2734814	1480457	179820	760340	19883708	2170796	25	11030474	5231011	905994	297344	4581460	8196	16517928	5536576
2021-04-19	22456683	402179	340819	61360	16555231	1236256	4665170	16858773	5597936	0.203	0.067	7644926	5826686	1124640	1761928	4910112	4346229	944820	1001588	2734814	1480457	179820	760340	20241556	2215127	26	11272096	5283135	930995	305261	4655656	9514	16858747	5597936
2021-04-20	23017324	560641	497995	62646	16937150	1275472	4804676	17356768	5660582	0.209	0.068	7644926	5826686	1124640	1761928	4910112	4346229	944820	1001588	2734814	1480457	179820	760340	20607746	2409578	26	11600040	5337110	963617	311855	4793085	11591	17356742	5660582
2021-04-21	23738076	720752	647747	73005	17391337	1317155	5029558	18004515	5733587	0.216	0.069	7644926	5826686	1124640	1761928	4910112	4346229	944820	1001588	2734814	1480457	179820	760340	20989350	2748726	26	11991719	5399618	997254	319901	5015516	14042	18004489	5733587
2021-04-22	24376482	638406	571289	67117	17773019	1360805	5242632	18575804	5800704	0.223	0.070	7644926	5826686	1124640	1761928	4910112	4346229	944820	1001588	2734814	1480457	179820	760340	21360497	3015985	26	12317538	5455481	1033274	327531	5224966	17666	18575778	5800704
2021-04-23	24932479	555997	487186	68811	18126171	1404337	5401945	19062990	5869515	0.229	0.071	7644926	5826686	1124640	1761928	4910112	4346229	944820	1001588	2734814	1480457	179820	760340	21748299	3184180	26	12615912	5510259	1066324	338013	5380728	21217	19062964	5869515
2021-04-24	25297998	365519	306567	58952	18361140	1453678	5483154	19369557	5928467	0.233	0.071	7644926	5826686	1124640	1761928	4910112	4346229	944820	1001588	2734814	1480457	179820	760340	22096907	3201091	26	12809659	5551481	1100291	353387	5459581	23573	19369531	5928467
2021-04-25	25580839	282841	233794	49047	18548903	1487356	5544554	19603351	5977514	0.236	0.072	7644926	5826686	1124640	1761928	4910112	4346229	944820	1001588	2734814	1480457	179820	760340	22373934	3206905	26	12960023	5588880	1124103	363253	5519199	25355	19603325	5977514
2021-04-26	26013675	432836	358882	73954	18866774	1529828	5616978	19962302	6051468	0.240	0.073	7644926	5826686	1124640	1761928	4910112	4346229	944820	1001588	2734814	1480457	179820	760340	22720178	3293497	95	13216390	5650384	1158185	371643	5587632	29346	19962207	6051468
2021-04-27	26798824	785149	693289	91860	19543408	1581321	5673539	20656052	6143328	0.248	0.074	7644926	5826686	1124640	1761928	4910112	4346229	944820	1001588	2734814	1480457	179820	760340	23090447	3708377	556	13815223	5728185	1200557	380764	5639716	33823	20655496	6143328
2021-04-28	27921529	1122705	995917	126788	20551609	1641855	5726792	21652686	6270116	0.260	0.075	7644926	5826686	1124640	1761928	4910112	4346229	944820	1001588	2734814	1480457	179820	760340	23484069	4437460	1273	14714854	5836755	1248710	393145	5687849	38943	21651413	6270116
2021-04-29	28867356	945827	812427	133400	21375869	1705462	5783871	22465994	6403516	0.270	0.077	7644926	5826686	1124640	1761928	4910112	4346229	944820	1001588	2734814	1480457	179820	760340	23871828	4995528	2154	15426872	5948997	1299936	405526	5737032	46839	22463840	6403516
2021-04-30	29670756	803400	666420	136980	22054169	1762716	5850883	23133248	6540496	0.278	0.079	7644926	5826686	1124640	1761928	4910112	4346229	944820	1001588	2734814	1480457	179820	760340	24275382	5395374	2988	15993663	6060506	1341949	420767	5794648	56235	23130260	6540496
2021-05-01	30006837	336081	259822	76259	22306978	1804203	5890094	23395644	6616755	0.281	0.080	7644926	5826686	1124640	1761928	4910112	4346229	944820	1001588	2734814	1480457	179820	760340	24586813	5420024	5562	16185220	6121758	1377029	427174	5827833	62261	23390082	6616755
2021-05-02	30271758	264921	197541	67380	22502547	1841715	5920126	23594993	6684135	0.284	0.080	7644926	5826686	1124640	1761928	4910112	4346229	944820	1001588	2734814	1480457	179820	760340	24844079	5427679	7370	16325050	6177497	1409290	432425	5853283	66843	23587623	6684135
2021-05-03	30723282	451524	335173	116351	22820418	1912294	5981614	23931752	6800486	0.288	0.082	7644926	5826686	1124640	1761928	4910112	4346229	944820	1001588	2734814	1480457	179820	760340	25201743	5521539	8956	16551961	6268457	1466672	445622	5904163	77451	23922796	6800486
2021-05-04	31565804	842522	680831	161691	23446686	1975432	6131770	24615543	6962177	0.296	0.084	7644926	5826686	1124640	1761928	4910112	4346229	944820	1001588	2734814	1480457	179820	760340	25577013	5988791	11916	17046443	6400243	1516572	458860	6040612	91158	24603627	6962177
2021-05-05	32712375	1146571	914634	231937	24297477	2054389	6344122	25534648	7194114	0.307	0.087	7644926	5826686	1124640	1761928	4910112	4346229	944820	1001588	2734814	1480457	179820	760340	25997620	6714755	16387	17712169	6585308	1570032	484357	6236060	108062	25518261	7194114
2021-05-06	33702405	990030	766891	223139	24990017	2146283	6545524	26305733	7417253	0.316	0.089	7644926	5826686	1124640	1761928	4910112	4346229	944820	1001588	2734814	1480457	179820	760340	26412539	7289866	20581	18227603	6762414	1639537	506746	6418012	127512	26285152	7417253
2021-05-07	34592182	889777	651836	237941	25576946	2232968	6757832	26961424	7655194	0.324	0.092	7644926	5826686	1124640	1761928	4910112	4346229	944820	1001588	2734814	1480457	179820	760340	26858300	7733882	24436	18640660	6936286	1695260	537708	6601068	156764	26936988	7655194
2021-05-08	35017881	425699	271644	154055	25844589	2304737	6842401	27234786	7809249	0.327	0.094	7644926	5826686	1124640	1761928	4910112	4346229	944820	1001588	2734814	1480457	179820	760340	27223508	7794373	26154	18795417	7049172	1747203	557534	6666012	176389	27208632	7809249
2021-05-09	35303989	286108	183559	102549	26038471	2361287	6877011	27419411	7911798	0.330	0.095	7644926	5826686	1124640	1761928	4910112	4346229	944820	1001588	2734814	1480457	179820	760340	27498581	7805408	27220	18910036	7128435	1792957	568330	6689198	187813	27392191	7911798
2021-05-10	35893109	589120	395653	193467	26411586	2442975	7007599	27818793	8105265	0.334	0.097	7644926	5826686	1124640	1761928	4910112	4346229	944820	1001588	2734814	1480457	179820	760340	27898803	7994306	30949	19141423	7270163	1852489	590486	6793932	213667	27787844	8105265
2021-05-11	36978754	1085645	797858	287787	27237452	2522846	7183871	28620287	8393052	0.344	0.101	7644926	5826686	1124640	1761928	4910112	4346229	944820	1001588	2734814	1480457	179820	760340	28330753	8648001	34585	19734426	7503026	1910206	612640	6941070	242801	28585702	8393052
2021-05-12	38394245	1415491	1049073	366418	28330568	2614482	7409027	29674943	8759470	0.357	0.105	7644926	5826686	1124640	1761928	4910112	4346229	944820	1001588	2734814	1480457	179820	760340	28790261	9603984	40168	20531176	7799392	1971331	643151	7132268	276759	29634775	8759470
2021-05-13	38823447	429202	268382	160820	28645877	2681252	7453503	29945972	8920290	0.360	0.107	7644926	5826686	1124640	1761928	4910112	4346229	944820	1001588	2734814	1480457	179820	760340	29145984	9677463	42815	20718734	7927143	2022893	658359	7161530	291973	29903157	8920290
2021-05-14	39579744	756297	525889	230408	29191015	2746139	7591979	30479657	9150698	0.366	0.110	7644926	5826686	1124640	1761928	4910112	4346229	944820	1001588	2734814	1480457	179820	760340	29550944	10028800	50611	21083366	8107649	2072610	673529	7273070	318909	30429046	9150698
2021-05-15	39979756	400012	234491	165521	29470038	2806440	7648386	30718429	9316219	0.369	0.112	7644926	5826686	1124640	1761928	4910112	4346229	944820	1001588	2734814	1480457	179820	760340	29903290	10076466	54892	21240040	8229998	2116558	689882	7306939	341447	30663537	9316219
2021-05-16	40262310	282554	160579	121975	29670208	2859176	7673308	30883734	9438194	0.371	0.113	7644926	5826686	1124640	1761928	4910112	4346229	944820	1001588	2734814	1480457	179820	760340	30169839	10092471	59618	21346466	8323742	2159409	699767	7318241	355067	30824116	9438194
2021-05-17	40817503	555193	349214	205979	30008519	2944854	7794753	31242707	9644173	0.376	0.116	7644926	5826686	1124640	1761928	4910112	4346229	944820	1001588	2734814	1480457	179820	760340	30555714	10261789	69377	21539330	8469189	2220670	724184	7413330	381423	31173330	9644173
2021-05-18	41689270	871767	517244	354523	30598013	3045938	7968171	31767722	9998696	0.382	0.120	7644926	5826686	1124640	1761928	4910112	4346229	944820	1001588	2734814	1480457	179820	760340	30972477	10716793	77148	21838698	8759315	2293177	752761	7558699	409472	31690574	9998696
2021-05-19	42786709	1097439	563485	533954	31402022	3146017	8149409	32343320	10532650	0.389	0.127	7644926	5826686	1124640	1761928	4910112	4346229	944820	1001588	2734814	1480457	179820	760340	31390138	11396571	89261	22182670	9219352	2359421	786596	7711968	437441	32254059	10532650
2021-05-20	43733614	946905	455455	491450	32085100	3242480	8305931	32809617	11024100	0.395	0.133	7644926	5826686	1124640	1761928	4910112	4346229	944820	1001588	2734814	1480457	179820	760340	31806100	11927514	100103	22443575	9641525	2424929	817551	7841010	464921	32709514	11024100
2021-05-21	44584085	850471	405711	444760	32680970	3328101	8463088	33227151	11468860	0.400	0.138	7644926	5826686	1124640	1761928	4910112	4346229	944820	1001588	2734814	1480457	179820	760340	32233851	12350234	111926	22666044	10014926	2481298	846803	7967883	495205	33115225	11468860
2021-05-22	45057780	473695	214700	258995	32987048	3397604	8546922	33456131	11727855	0.402	0.141	7644926	5826686	1124640	1761928	4910112	4346229	944820	1001588	2734814	1480457	179820	760340	32578616	12479164	126206	22764391	10222657	2529602	868002	8035932	510990	33329925	11727855
2021-05-23	45342863	285083	124711	160372	33179986	3456991	8570813	33589709	11888227	0.404	0.143	7644926	5826686	1124640	1761928	4910112	4346229	944820	1001588	2734814	1480457	179820	760340	32845578	12497285	135073	22830023	10349963	2573898	883093	8050715	520098	33454636	11888227
2021-05-24	45668808	325945	141116	184829	33415680	3518541	8591471	33738868	12073056	0.406	0.145	7644926	5826686	1124640	1761928	4910112	4346229	944820	1001588	2734814	1480457	179820	760340	33155998	12512810	143116	22912621	10503059	2620451	898090	8062680	528791	33595752	12073056
2021-05-25	46324057	655249	272001	383248	33862218	3598210	8695400	34035982	12456304	0.409	0.150	7644926	5826686	1124640	1761928	4910112	4346229	944820	1001588	2734814	1480457	179820	760340	33552304	12771753	168229	23054319	10807899	2671895	926315	8141539	553861	33867753	12456304
2021-05-26	47503399	1179342	469324	710018	34747000	3680606	8829356	34583514	13166322	0.416	0.158	7644926	5826686	1124640	1761928	4910112	4346229	944820	1001588	2734814	1480457	179820	760340	33968231	13535168	246437	23369073	11377927	2724479	956127	8243525	585831	34337077	13166322
2021-05-27	48543870	1040471	403978	636493	35485963	3769464	8960890	35068608	13802815	0.422	0.166	7644926	5826686	1124640	1761928	4910112	4346229	944820	1001588	2734814	1480457	179820	760340	34386865	14157005	327553	23626863	11859100	2776069	993395	8338123	622767	34741055	13802815
2021-05-28	49446724	902854	356018	546836	36088737	3855530	9091157	35508373	14349651	0.427	0.173	7644926	5826686	1124640	1761928	4910112	4346229	944820	1001588	2734814	1480457	179820	760340	34821758	14624966	411300	23843535	12245202	2826582	1028948	8426956	664201	35097073	14349651
2021-05-29	49856483	409759	151569	258190	36350282	3918070	9149044	35687729	14607841	0.429	0.176	7644926	5826686	1124640	1761928	4910112	4346229	944820	1001588	2734814	1480457	179820	760340	35157108	14699375	439087	23923320	12426962	2863426	1054644	8461896	687148	35248642	14607841
2021-05-30	50139888	283405	97665	185740	36547323	3965077	9177374	35796421	14793581	0.430	0.178	7644926	5826686	1124640	1761928	4910112	4346229	944820	1001588	2734814	1480457	179820	760340	35418695	14721193	450114	23982512	12564811	2890763	1074314	8473032	704342	35346307	14793581
2021-05-31	50686040	546152	178152	368000	36914293	4032299	9246864	36017043	15161581	0.433	0.182	7644926	5826686	1124640	1761928	4910112	4346229	944820	1001588	2734814	1480457	179820	760340	35807078	14878962	492584	24094140	12820153	2918420	1113879	8511899	734965	35524459	15161581
2021-06-01	51673267	987227	399577	587650	37647306	4111638	9337240	36501119	15749231	0.439	0.189	7644926	5826686	1124640	1761928	4910112	4346229	944820	1001588	2734814	1480457	179820	760340	36203832	15469435	577083	24410093	13237213	2947984	1163654	8565959	771281	35924036	15749231
2021-06-02	52919311	1246044	516477	729567	38635385	4183831	9419341	37121267	16478798	0.446	0.198	7644926	5826686	1124640	1761928	4910112	4346229	944820	1001588	2734814	1480457	179820	760340	36609598	16309713	680754	24859276	13776109	2972368	1211463	8608869	810472	36440513	16478798
2021-06-03	53561502	642191	230297	411894	39110071	4247995	9469477	37404769	16890692	0.450	0.203	7644926	5826686	1124640	1761928	4910112	4346229	944820	1001588	2734814	1480457	179820	760340	36972376	16589126	733959	25039031	14071040	3002066	1245929	8629713	839764	36670810	16890692
2021-06-04	54371526	810024	290861	519163	39694900	4319159	9546292	37772846	17409855	0.454	0.209	7644926	5826686	1124640	1761928	4910112	4346229	944820	1001588	2734814	1480457	179820	760340	37379912	16991614	811175	25266840	14428060	3030696	1288463	8664135	882157	36961671	17409855
2021-06-05	54783739	412213	96198	316015	39965935	4385597	9590422	37899654	17725870	0.456	0.213	7644926	5826686	1124640	1761928	4910112	4346229	944820	1001588	2734814	1480457	179820	760340	37728581	17055158	841785	25325904	14640031	3056970	1328627	8674995	915427	37057869	17725870
2021-06-06	55075893	292154	59349	232805	40171626	4426589	9617651	37977245	17958675	0.457	0.216	7644926	5826686	1124640	1761928	4910112	4346229	944820	1001588	2734814	1480457	179820	760340	37991026	17084867	860027	25369772	14801854	3068938	1357651	8678508	939143	37117218	17958675
2021-06-07	55688560	612667	192248	420419	40572377	4511631	9690099	38223919	18379094	0.460	0.221	7644926	5826686	1124640	1761928	4910112	4346229	944820	1001588	2734814	1480457	179820	760340	38364409	17323248	914453	25503396	15068981	3096474	1415157	8709596	980503	37309466	18379094
2021-06-08	56736433	1047873	336589	711284	41413978	4586841	9752925	38628744	19090378	0.464	0.230	7644926	5826686	1124640	1761928	4910112	4346229	944820	1001588	2734814	1480457	179820	760340	38764461	17968865	982689	25781613	15632365	3122620	1464221	8741822	1011103	37646055	19090378
2021-06-09	58151609	1415176	441217	973959	42582488	4673864	9816858	39165671	20064337	0.471	0.241	7644926	5826686	1124640	1761928	4910112	4346229	944820	1001588	2734814	1480457	179820	760340	39188908	18956810	1078399	26162199	16420289	3150883	1522981	8774190	1042668	38087272	20064337
2021-06-10	59335174	1183565	397442	786123	43532234	4763565	9872538	39651551	20850460	0.477	0.251	7644926	5826686	1124640	1761928	4910112	4346229	944820	1001588	2734814	1480457	179820	760340	39620932	19705530	1166837	26500929	17031305	3182788	1580777	8800997	1071541	38484714	20850460
2021-06-11	60389339	1054165	356554	697611	44332150	4852529	9941100	40104828	21548071	0.482	0.259	7644926	5826686	1124640	1761928	4910112	4346229	944820	1001588	2734814	1480457	179820	760340	40059321	20318630	1263560	26800313	17531837	3210881	1641648	8830074	1111026	38841268	21548071
2021-06-12	60822878	433539	122252	311287	44615479	4924178	9984425	40262316	21859358	0.484	0.263	7644926	5826686	1124640	1761928	4910112	4346229	944820	1001588	2734814	1480457	179820	760340	40389763	20420893	1298796	26890929	17724550	3229498	1694680	8843093	1141332	38963520	21859358
2021-06-13	61105762	282884	64551	218333	44795321	4987631	10010224	40340657	22077691	0.485	0.265	7644926	5826686	1124640	1761928	4910112	4346229	944820	1001588	2734814	1480457	179820	760340	40636987	20456247	1312586	26935003	17860318	3245356	1742275	8847712	1162512	39028071	22077691
2021-06-14	61755339	649577	209274	440303	45221317	5088686	10077533	40605148	22517994	0.488	0.271	7644926	5826686	1124640	1761928	4910112	4346229	944820	1001588	2734814	1480457	179820	760340	41044053	20696780	1367803	27103308	18118009	3268797	1819889	8865240	1212293	39237345	22517994
2021-06-15	62794103	1038764	339899	698865	46012292	5193002	10161969	41004084	23216859	0.493	0.279	7644926	5826686	1124640	1761928	4910112	4346229	944820	1001588	2734814	1480457	179820	760340	41492638	21283470	1426840	27395314	18616978	3297106	1895896	8884824	1277145	39577244	23216859
2021-06-16	64165697	1371594	456777	914817	47105454	5298844	10258332	41537088	24131676	0.499	0.290	7644926	5826686	1124640	1761928	4910112	4346229	944820	1001588	2734814	1480457	179820	760340	41961659	22182018	1503067	27794688	19310766	3329047	1969797	8910286	1348046	40034021	24131676
2021-06-17	65303093	1137396	389988	747408	47979667	5401785	10350317	41995333	24879084	0.505	0.299	7644926	5826686	1124640	1761928	4910112	4346229	944820	1001588	2734814	1480457	179820	760340	42425485	22852215	1571324	28133287	19846380	3358201	2043584	8932521	1417796	40424009	24879084
2021-06-18	66286145	983052	337251	645801	48704318	5495455	10446260	42401372	25524885	0.510	0.307	7644926	5826686	1124640	1761928	4910112	4346229	944820	1001588	2734814	1480457	179820	760340	42875550	23382503	1640112	28417649	20286669	3389130	2106325	8954481	1491779	40761260	25524885
2021-06-19	66711803	425658	118271	307387	48976178	5577292	10497085	42540779	25832272	0.512	0.311	7644926	5826686	1124640	1761928	4910112	4346229	944820	1001588	2734814	1480457	179820	760340	43215467	23466988	1661248	28508700	20467478	3409842	2167450	8960989	1536096	40879531	25832272
2021-06-20	67006243	294440	67494	226946	49154695	5648590	10528900	42621083	26059218	0.512	0.313	7644926	5826686	1124640	1761928	4910112	4346229	944820	1001588	2734814	1480457	179820	760340	43480002	23496614	1674058	28557657	20597038	3425771	2222819	8963597	1565303	40947025	26059218
2021-06-21	67631246	625003	204642	420361	49561044	5745716	10614165	42861988	26479579	0.515	0.318	7644926	5826686	1124640	1761928	4910112	4346229	944820	1001588	2734814	1480457	179820	760340	43873455	23726147	1710321	28723672	20837372	3450471	2295245	8977524	1636641	41151667	26479579
2021-06-22	68698291	1067045	366752	700293	50396273	5841309	10716459	43262669	27179872	0.520	0.327	7644926	5826686	1124640	1761928	4910112	4346229	944820	1001588	2734814	1480457	179820	760340	44307796	24354112	1744250	29044000	21352273	3480744	2360565	8993675	1722784	41518419	27179872
2021-06-23	70021847	1323556	478264	845292	51474876	5936841	10831667	43775146	28025164	0.526	0.337	7644926	5826686	1124640	1761928	4910112	4346229	944820	1001588	2734814	1480457	179820	760340	44742415	25237778	1778463	29472271	22002605	3510308	2426533	9014104	1817563	41996683	28025164
2021-06-24	71046114	1024267	479023	545244	52261819	6023865	10942078	44294058	28570408	0.533	0.344	7644926	5826686	1124640	1761928	4910112	4346229	944820	1001588	2734814	1480457	179820	760340	45169233	25830883	1818352	29895059	22366760	3545365	2478500	9035282	1906796	42475706	28570408
2021-06-25	71956944	910830	371771	539059	52947076	6100061	11051823	44705461	29109467	0.538	0.350	7644926	5826686	1124640	1761928	4910112	4346229	944820	1001588	2734814	1480457	179820	760340	45593318	26314646	1857984	30220584	22726492	3571855	2528206	9055038	1996785	42847477	29109467
2021-06-26	72364330	407386	134457	272929	53199901	6169080	11124253	44853030	29382396	0.539	0.353	7644926	5826686	1124640	1761928	4910112	4346229	944820	1001588	2734814	1480457	179820	760340	45936353	26378225	1871096	30323318	22876583	3597387	2571693	9061229	2063024	42981934	29382396
2021-06-27	72655844	291514	89456	202058	53372476	6227144	11181007	44946607	29584454	0.540	0.356	7644926	5826686	1124640	1761928	4910112	4346229	944820	1001588	2734814	1480457	179820	760340	46201794	26403445	1875217	30390151	22982325	3616625	2610519	9064614	2116393	43071390	29584454
2021-06-28	73279045	623201	239393	383808	53768065	6316828	11294689	45210246	29968262	0.544	0.360	7644926	5826686	1124640	1761928	4910112	4346229	944820	1001588	2734814	1480457	179820	760340	46608501	26617843	1899463	30583612	23184453	3648839	2667989	9078332	2216357	43310783	29968262
2021-06-29	74204249	925204	383209	541995	54446075	6409359	11427285	45615522	30510257	0.548	0.367	7644926	5826686	1124640	1761928	4910112	4346229	944820	1001588	2734814	1480457	179820	760340	47033063	27113831	1921530	30922267	23523808	3681709	2727650	9090016	2337269	43693992	30510257
2021-06-30	75216132	1011883	443003	568880	55205674	6503041	11563516	46080896	31079137	0.554	0.374	7644926	5826686	1124640	1761928	4910112	4346229	944820	1001588	2734814	1480457	179820	760340	47455586	27697962	1943901	31316107	23889567	3716418	2786623	9104470	2459046	44136995	31079137
2021-07-01	76190237	974105	446804	527301	55941787	6586056	11696203	46549990	31606438	0.560	0.380	7644926	5826686	1124640	1761928	4910112	4346229	944820	1001588	2734814	1480457	179820	760340	47855122	28268207	1966191	31718945	24222842	3746879	2839177	9117975	2578228	44583799	31606438
2021-07-02	77028081	837844	374503	463341	56585048	6680368	11775212	46945755	32069779	0.564	0.386	7644926	5826686	1124640	1761928	4910112	4346229	944820	1001588	2734814	1480457	179820	760340	48247829	28709971	1987453	32052596	24532452	3778547	2901821	9127159	2648053	44958302	32069779
2021-07-03	77403447	375366	147818	227548	56839061	6759599	11802285	47108622	32297327	0.566	0.388	7644926	5826686	1124640	1761928	4910112	4346229	944820	1001588	2734814	1480457	179820	760340	48556198	28776252	2002502	32173094	24665967	3803084	2956515	9129942	2672343	45106120	32297327
2021-07-04	77675978	272531	92602	179929	57020353	6827737	11816808	47209802	32477256	0.568	0.391	7644926	5826686	1124640	1761928	4910112	4346229	944820	1001588	2734814	1480457	179820	760340	48801210	28803194	2011080	32245827	24774526	3821506	3006231	9131389	2685419	45198722	32477256
2021-07-05	78208173	532195	194014	338181	57404064	6921912	11856269	47418664	32815437	0.570	0.395	7644926	5826686	1124640	1761928	4910112	4346229	944820	1001588	2734814	1480457	179820	760340	49141350	28993153	2025928	32409542	24994522	3847470	3074442	9135724	2720545	45392736	32815437
2021-07-06	78979018	770845	267575	503270	58015571	7020610	11901401	47701747	33318707	0.574	0.401	7644926	5826686	1124640	1761928	4910112	4346229	944820	1001588	2734814	1480457	179820	760340	49478523	29423099	2041436	32647350	25368221	3872704	3147906	9140257	2761144	45660311	33318707
2021-07-07	79966050	987032	320850	666182	58837367	7115901	11952646	48041297	33984889	0.578	0.409	7644926	5826686	1124640	1761928	4910112	4346229	944820	1001588	2734814	1480457	179820	760340	49827326	30056482	2060136	32938253	25899114	3897253	3218648	9145655	2806991	45981161	33984889
2021-07-08	80804468	838418	260631	577787	59513579	7216575	11995168	48320938	34562676	0.581	0.416	7644926	5826686	1124640	1761928	4910112	4346229	944820	1001588	2734814	1480457	179820	760340	50166542	30551427	2079146	33172221	26341358	3919650	3296925	9149921	2845247	46241792	34562676
2021-07-09	81553269	748801	217381	531420	60100815	7314810	12038184	48558633	35094096	0.584	0.422	7644926	5826686	1124640	1761928	4910112	4346229	944820	1001588	2734814	1480457	179820	760340	50506303	30956968	2099460	33367369	26733446	3937447	3377363	9154357	2883827	46459173	35094096
2021-07-10	81894792	341523	95255	246268	60327700	7398885	12059132	48663503	35340364	0.585	0.425	7644926	5826686	1124640	1761928	4910112	4346229	944820	1001588	2734814	1480457	179820	760340	50778917	31025280	2109075	33443096	26884604	3955549	3443336	9155783	2903349	46554428	35340364
2021-07-11	82122496	227704	60918	166786	60473325	7462388	12069415	48732714	35507150	0.586	0.427	7644926	5826686	1124640	1761928	4910112	4346229	944820	1001588	2734814	1480457	179820	760340	50987327	31044204	2117368	33488781	26984544	3970316	3492072	9156249	2913166	46615346	35507150
2021-07-12	82584428	461932	149773	312159	60818741	7540912	12093359	48896535	35819309	0.588	0.431	7644926	5826686	1124640	1761928	4910112	4346229	944820	1001588	2734814	1480457	179820	760340	51250806	31240232	2131416	33607833	27210908	3999185	3541727	9158101	2935258	46765119	35819309
2021-07-13	83338230	753802	178430	575372	61440864	7618307	12127874	49094734	36394681	0.590	0.438	7644926	5826686	1124640	1761928	4910112	4346229	944820	1001588	2734814	1480457	179820	760340	51501349	31739362	2151185	33758068	27682796	4025140	3593167	9160341	2967533	46943549	36394681
2021-07-14	84302838	964608	201272	763336	62264950	7689728	12174837	49318144	37158017	0.593	0.447	7644926	5826686	1124640	1761928	4910112	4346229	944820	1001588	2734814	1480457	179820	760340	51771416	32429200	2173323	33934566	28330384	4046282	3643446	9163973	3010864	47144821	37158017
2021-07-15	85056695	753857	168569	585288	62888423	7760004	12213303	49508355	37743305	0.595	0.454	7644926	5826686	1124640	1761928	4910112	4346229	944820	1001588	2734814	1480457	179820	760340	52019162	32931568	2194965	34081163	28807260	4065428	3694576	9166799	3046504	47313390	37743305
2021-07-16	85699524	642829	147918	494911	63415313	7823088	12245002	49677429	38238216	0.597	0.460	7644926	5826686	1124640	1761928	4910112	4346229	944820	1001588	2734814	1480457	179820	760340	52261433	33328254	2216121	34210215	29205098	4082455	3740633	9168638	3076364	47461308	38238216
2021-07-17	85963767	264243	69463	194780	63585536	7885687	12260513	49762802	38432996	0.598	0.462	7644926	5826686	1124640	1761928	4910112	4346229	944820	1001588	2734814	1480457	179820	760340	52467299	33384580	2232031	34263408	29322128	4097873	3787814	9169490	3091023	47530771	38432996
2021-07-18	86158959	195192	58309	136883	63719440	7925968	12271721	49830910	38569879	0.599	0.464	7644926	5826686	1124640	1761928	4910112	4346229	944820	1001588	2734814	1480457	179820	760340	52633867	33412623	2241830	34312480	29406960	4106838	3819130	9169762	3101959	47589080	38569879
2021-07-19	86520137	361178	87581	273597	64000607	7973612	12291173	49931406	38843476	0.600	0.467	7644926	5826686	1124640	1761928	4910112	4346229	944820	1001588	2734814	1480457	179820	760340	52813004	33592649	2254745	34386385	29614222	4119255	3854357	9171021	3120152	47676661	38843476
