date	dosen_kumulativ	dosen_differenz_zum_vortag	dosen_erst_differenz_zum_vortag	dosen_zweit_differenz_zum_vortag	dosen_biontech_kumulativ	dosen_moderna_kumulativ	dosen_astrazeneca_kumulativ	personen_erst_kumulativ	personen_voll_kumulativ	impf_quote_erst	impf_quote_voll	indikation_alter_dosen	indikation_beruf_dosen	indikation_medizinisch_dosen	indikation_pflegeheim_dosen	indikation_alter_erst	indikation_beruf_erst	indikation_medizinisch_erst	indikation_pflegeheim_erst	indikation_alter_voll	indikation_beruf_voll	indikation_medizinisch_voll	indikation_pflegeheim_voll	dosen_dim_kumulativ	dosen_kbv_kumulativ	dosen_johnson_kumulativ	dosen_biontech_erst_kumulativ	dosen_biontech_zweit_kumulativ	dosen_moderna_erst_kumulativ	dosen_moderna_zweit_kumulativ	dosen_astrazeneca_erst_kumulativ	dosen_astrazeneca_zweit_kumulativ	dosen_erst_kumulativ	dosen_zweit_kumulativ
2020-12-27	24096	24096	24083	13	24094	2	0	24083	13	0.000	0.000	10705	8657	1305	12604	10664	8590	1305	12536	41	67	0	68	24096	0	0	24081	13	2	0	0	0	24083	13
2020-12-28	42064	17968	17806	162	42062	2	0	41889	175	0.001	0.000	18621	15788	1991	21344	18580	15721	1991	21276	41	67	0	68	42064	0	0	41887	175	2	0	0	0	41889	175
2020-12-29	92089	50025	49291	734	92086	2	1	91180	909	0.001	0.000	34989	40734	3107	40508	34724	40420	3107	40099	265	314	0	409	92089	0	0	91177	909	2	0	1	0	91180	909
2020-12-30	155577	63488	63350	138	155574	2	1	154530	1047	0.002	0.000	55510	73365	4901	63206	55243	73050	4901	62794	267	315	0	412	155577	0	0	154527	1047	2	0	1	0	154530	1047
2020-12-31	205272	49695	49606	89	205269	2	1	204136	1136	0.002	0.000	72831	96719	6752	83965	72517	96367	6752	83476	314	352	0	489	205272	0	0	204133	1136	2	0	1	0	204136	1136
2021-01-01	230617	25345	25336	9	230606	7	4	229472	1145	0.003	0.000	81208	105449	7830	92301	80894	105097	7830	91812	314	352	0	489	230617	0	0	229462	1144	7	0	3	1	229472	1145
2021-01-02	278568	47951	47665	286	278557	7	4	277137	1431	0.003	0.000	102774	129731	10350	113258	102365	129304	10350	112629	409	427	0	629	278568	0	0	277127	1430	7	0	3	1	277137	1431
2021-01-03	300978	22410	22405	5	300966	8	4	299542	1436	0.004	0.000	113044	140227	11284	123279	112635	139800	11284	122650	409	427	0	629	300978	0	0	299531	1435	8	0	3	1	299542	1436
2021-01-04	346801	45823	45727	96	346788	9	4	345269	1532	0.004	0.000	129646	164913	13951	139091	129237	164486	13951	138462	409	427	0	629	346801	0	0	345257	1531	9	0	3	1	345269	1532
2021-01-05	398772	51971	51634	337	398758	10	4	396903	1869	0.005	0.000	147987	192565	16489	157656	147576	192117	16489	157025	411	448	0	631	398772	0	0	396890	1868	10	0	3	1	396903	1869
2021-01-06	461227	62455	62363	92	461204	16	7	459266	1961	0.006	0.000	169498	225530	19910	180812	169086	225082	19910	180181	412	448	0	631	461227	0	0	459245	1959	16	0	5	2	459266	1961
2021-01-07	515192	53965	53944	21	515164	19	9	513210	1982	0.006	0.000	189172	254868	22957	197233	188758	254418	22957	196600	414	450	0	633	515192	0	0	513184	1980	19	0	7	2	513210	1982
2021-01-08	576846	61654	61546	108	576766	70	10	574756	2090	0.007	0.000	211521	287315	26324	218219	211009	286711	26320	217449	512	604	4	770	576846	0	0	574678	2088	70	0	8	2	574756	2090
2021-01-09	636812	59966	59818	148	636728	73	11	634574	2238	0.008	0.000	237322	313238	29007	243325	236798	312599	29003	242545	524	639	4	780	636812	0	0	634493	2235	73	0	8	3	634574	2238
2021-01-10	672064	35252	35103	149	671972	81	11	669677	2387	0.008	0.000	252455	327794	30379	256315	251929	327151	30375	255535	526	643	4	780	672064	0	0	669589	2383	80	1	8	3	669677	2387
2021-01-11	739562	67498	67396	102	739455	94	13	737073	2489	0.009	0.000	277513	359176	33587	276774	276967	358513	33583	275968	546	663	4	806	739562	0	0	736976	2479	87	7	10	3	737073	2489
2021-01-12	817829	78267	78203	64	817706	109	14	815276	2553	0.010	0.000	305695	401338	36582	301731	305147	400670	36578	300888	548	668	4	843	817829	0	0	815164	2542	102	7	10	4	815276	2553
2021-01-13	928563	110734	110533	201	927272	1277	14	925809	2754	0.011	0.000	345167	458844	40485	337339	344574	458093	40466	336399	593	751	19	940	928563	0	0	924529	2743	1270	7	10	4	925809	2754
2021-01-14	1011683	83120	82898	222	1005246	6423	14	1008707	2976	0.012	0.000	374803	501101	42769	361463	374094	500254	42750	360452	709	847	19	1011	1011683	0	0	1002325	2921	6372	51	10	4	1008707	2976
2021-01-15	1102150	90467	89621	846	1090443	11688	19	1098328	3822	0.013	0.000	408725	545673	46728	389202	407810	544625	46700	387982	915	1048	28	1220	1102150	0	0	1086676	3767	11637	51	15	4	1098328	3822
2021-01-16	1159486	57336	56315	1021	1146099	13367	20	1154643	4843	0.014	0.000	432983	570627	48859	408798	431664	569232	48767	407047	1319	1395	92	1751	1159486	0	0	1141311	4788	13316	51	16	4	1154643	4843
2021-01-17	1207043	47557	29785	17772	1192393	14628	21	1184429	22615	0.014	0.000	453449	591002	50884	428544	444215	583354	50014	417145	9234	7648	870	11399	1207043	0	1	1169834	22559	14577	51	17	4	1184428	22615
2021-01-18	1288949	81906	66163	15743	1270156	18770	22	1250592	38358	0.015	0.000	482728	633883	53106	448900	467235	619730	51700	430238	15493	14153	1406	18662	1288949	0	1	1231856	38300	18717	53	18	4	1250591	38358
2021-01-19	1407750	118801	82351	36450	1385288	22431	30	1332943	74808	0.016	0.001	519765	695968	56714	479843	492669	666683	54375	447938	27096	29285	2339	31905	1407750	0	1	1310542	74746	22374	57	26	4	1332942	74808
2021-01-20	1539923	132173	77601	54572	1514716	25173	33	1410544	129380	0.017	0.002	568076	760039	60957	522078	522876	706310	57505	469463	45200	53729	3452	52615	1539923	0	1	1385398	129318	25116	57	29	4	1410543	129380
2021-01-21	1644906	104983	63666	41317	1616957	27913	35	1474210	170697	0.018	0.002	610150	808503	65406	556195	549621	735602	60889	487988	60529	72901	4517	68207	1644906	0	1	1446324	170633	27855	58	30	5	1474209	170697
2021-01-22	1746527	101621	68046	33575	1716383	30100	43	1542256	204272	0.019	0.002	654049	853889	69013	590642	579902	764987	63599	506975	74147	88902	5414	83667	1746527	0	1	1512180	204203	30037	63	38	5	1542255	204272
2021-01-23	1833109	86582	40464	46118	1802608	30454	46	1582720	250390	0.019	0.003	691767	890989	72414	617916	599855	780966	64783	516268	91912	110023	7631	101648	1833109	0	1	1552288	250320	30390	64	41	5	1582719	250390
2021-01-24	1880401	47292	25458	21834	1849698	30652	50	1608178	272224	0.019	0.003	715655	910067	73331	632982	614016	789814	65130	521524	101639	120253	8201	111458	1880401	0	1	1577544	272154	30588	64	45	5	1608177	272224
2021-01-25	1971442	91041	52272	38769	1939320	32068	53	1660450	310993	0.020	0.004	756375	951632	76827	658117	642321	811974	66847	534304	114054	139658	9980	123813	1971442	0	1	1628400	310920	32001	67	48	5	1660449	310993
2021-01-26	2068979	97537	50632	46905	2035415	33503	60	1711082	357898	0.021	0.004	796572	997196	80614	684405	667753	831436	68195	545278	128819	165760	12419	139127	2068979	0	1	1677594	357821	33432	71	55	5	1711081	357898
2021-01-27	2178349	109370	50803	58567	2142991	35289	68	1761885	416465	0.021	0.005	839834	1049509	85786	715259	691463	852265	70042	556304	148371	197244	15744	158955	2178349	0	1	1726615	416376	35206	83	63	5	1761884	416465
2021-01-28	2270625	92276	46381	45895	2233636	36917	71	1808266	462360	0.022	0.006	877990	1090332	89974	739697	713483	869115	71590	567469	164507	221217	18384	172228	2270625	0	1	1771453	462183	36746	171	66	5	1808265	462360
2021-01-29	2378392	107767	49984	57783	2339916	38397	78	1858250	520143	0.022	0.006	920894	1138243	95507	769100	735839	888487	73819	578309	185055	249756	21688	190791	2378392	0	1	1819951	519965	38225	172	73	5	1858249	520143
2021-01-30	2466403	88011	34359	53652	2427045	39277	80	1892609	573795	0.023	0.007	957412	1174692	99468	796433	752473	901967	75224	586328	204939	272725	24244	210105	2466403	0	1	1853431	573614	39103	174	74	6	1892608	573795
2021-01-31	2523272	56869	25752	31117	2483533	39653	85	1918361	604912	0.023	0.007	982865	1196922	101575	812430	766590	910861	76411	592657	216275	286061	25164	219773	2523272	0	1	1878811	604722	39471	182	78	7	1918360	604912
2021-02-01	2642799	119527	57967	61560	2600800	41862	136	1976328	666472	0.024	0.008	1026174	1260299	105285	839830	787193	944041	78273	602425	238981	316258	27012	237405	2642799	0	1	1934520	666280	41678	184	129	7	1976327	666472
2021-02-02	2774808	132009	64791	67218	2729735	44923	149	2041119	733690	0.025	0.009	1069633	1330364	110479	870030	806216	982089	80866	611659	263417	348275	29613	258371	2774808	0	1	1996238	733497	44738	185	142	7	2041118	733690
2021-02-03	2935837	161029	63529	97500	2884409	51251	175	2104649	831190	0.025	0.010	1128983	1407775	116405	912544	829819	1014401	83062	623312	299164	393374	33343	289232	2935837	0	2	2053419	830990	51060	191	168	7	2104647	831190
2021-02-04	3068959	133122	61193	71929	3011693	57084	180	2165842	903119	0.026	0.011	1177986	1472437	120972	943857	851937	1046473	85311	632945	326049	425964	35661	310912	3068959	0	2	2108777	902916	56890	194	173	7	2165840	903119
2021-02-05	3215473	146514	68896	77618	3151750	63533	188	2234738	980737	0.027	0.012	1232524	1542580	126293	977786	877231	1080338	86905	644262	355293	462242	39388	333524	3215473	0	2	2171351	980399	63205	328	180	8	2234736	980737
2021-02-06	3309137	93664	45374	48290	3242787	66159	189	2280112	1029027	0.027	0.012	1272514	1588658	130853	1003590	896490	1101898	88782	653957	376024	486760	42071	349633	3309137	0	2	2214098	1028689	65831	328	181	8	2280110	1029027
2021-02-07	3362439	53302	28251	25051	3293761	68485	191	2308363	1054078	0.028	0.013	1298155	1609930	133571	1016823	910800	1112720	90015	659435	387355	497210	43556	357388	3362439	0	2	2240022	1053739	68156	329	183	8	2308361	1054078
2021-02-08	3471281	108842	52865	55977	3398755	72306	218	2361228	1110055	0.028	0.013	1350672	1655734	137545	1035599	942269	1129343	91902	666781	408403	526391	45643	368818	3471281	0	2	2289040	1109715	71976	330	210	8	2361226	1110055
2021-02-09	3605328	134047	60196	73851	3529255	75740	331	2421424	1183906	0.029	0.014	1411842	1714380	141993	1058512	978151	1147503	94639	674792	433691	566877	47354	383720	3605328	0	2	2345879	1183376	75220	520	323	8	2421422	1183906
2021-02-10	3759491	154163	77318	76845	3670851	79975	8663	2498742	1260751	0.030	0.015	1478760	1781046	146001	1087933	1017461	1175177	96286	685176	461299	605869	49715	402757	3759491	0	2	2411623	1259228	78474	1501	8643	20	2498740	1260751
2021-02-11	3903197	143706	75206	68500	3790975	87240	24978	2573950	1329251	0.031	0.016	1539776	1848576	151475	1113070	1052428	1208053	98713	694775	487348	640523	52762	418295	3903197	0	4	2466293	1324682	82709	4531	24944	34	2573946	1329251
2021-02-12	4058276	155079	79514	75565	3922531	96537	39201	2653467	1404816	0.032	0.017	1611268	1919253	157751	1138545	1094198	1240389	101429	704318	517070	678864	56322	434227	4058276	0	7	2527336	1395195	87281	9256	38843	358	2653460	1404816
2021-02-13	4165642	107366	61922	45444	4013290	99794	52550	2715390	1450260	0.033	0.017	1667599	1960972	162355	1156080	1129093	1262877	103231	711418	538506	698095	59124	444662	4165642	0	8	2574204	1439086	88993	10801	52185	365	2715382	1450260
2021-02-14	4230850	65208	39495	25713	4068779	102268	59794	2754886	1475973	0.033	0.018	1706122	1983696	163973	1164146	1153761	1276081	104081	714928	552361	707615	59892	449218	4230850	0	9	2605206	1463573	90263	12005	59408	386	2754877	1475973
2021-02-15	4356115	125265	69522	55743	4173360	107497	75248	2824409	1531716	0.034	0.018	1773591	2031897	168008	1183418	1194859	1300739	106358	721524	578732	731158	61650	461894	4356115	0	10	2657019	1516341	92535	14962	74845	403	2824399	1531716
2021-02-16	4490214	134099	77748	56351	4281752	113616	94835	2902158	1588067	0.035	0.019	1839625	2089928	170683	1200400	1236633	1336138	107879	728440	602992	753790	62804	471960	4490214	0	11	2712467	1569285	95260	18356	94420	415	2902147	1588067
2021-02-17	4640973	150759	94458	56301	4403759	121613	115589	2996617	1644368	0.036	0.020	1920033	2147919	175770	1221928	1292995	1368705	110873	736858	627038	779214	64897	485070	4640973	0	12	2781371	1622388	100072	21541	115162	427	2996605	1644368
2021-02-18	4785222	144249	91262	52987	4515947	129837	139425	3087880	1697355	0.037	0.020	1995907	2206102	179208	1240945	1345328	1403985	112659	744258	650579	802117	66549	496687	4785222	0	13	2844119	1671828	104754	25083	138994	431	3087867	1697355
2021-02-19	4943542	158320	102768	55552	4636892	139797	166839	3190649	1752907	0.038	0.021	2076668	2266444	184080	1258305	1402958	1440066	115287	750941	673710	826378	68793	507364	4943542	0	14	2912629	1724263	111704	28093	166302	537	3190635	1752907
2021-02-20	5055605	112063	75795	36268	4723268	144261	188061	3266445	1789175	0.039	0.022	2138268	2310157	187738	1272296	1445964	1469322	117533	755178	692304	840835	70205	517118	5055605	0	15	2963180	1760088	115736	28525	187514	547	3266430	1789175
2021-02-21	5141403	85798	57419	28379	4789776	147902	203709	3323865	1817554	0.040	0.022	2187054	2340674	190304	1282667	1479917	1489494	118664	757407	707137	851180	71640	525260	5141403	0	16	3001475	1788301	119218	28684	203156	553	3323849	1817554
2021-02-22	5296728	155325	97576	57749	4912497	156896	227318	3421442	1875303	0.041	0.023	2266701	2410287	195201	1300517	1538362	1525084	121627	763642	728339	885203	73574	536875	5296728	0	17	3068228	1844269	126444	30452	226753	565	3421425	1875303
2021-02-23	5466370	169642	109158	60484	5046084	164105	256163	3530601	1935787	0.042	0.023	2346910	2483166	200501	1318387	1598211	1563793	124757	771284	748699	919373	75744	547103	5466370	0	18	3143002	1903082	131995	32110	255586	577	3530583	1935787
2021-02-24	5641991	175621	116480	59141	5177441	171716	292815	3647082	1994928	0.044	0.024	2431789	2557990	207079	1337422	1660503	1608669	128907	778912	771286	949321	78172	558510	5641991	0	19	3216923	1960518	137920	33796	292220	595	3647063	1994928
2021-02-25	5830717	188726	129752	58974	5308562	178475	343661	3776834	2053902	0.045	0.025	2514175	2648479	213515	1355541	1722988	1667176	133470	787131	791187	981303	80045	568410	5830717	0	19	3290612	2017950	143150	35325	343053	608	3776815	2053902
2021-02-26	6043017	212300	145465	66835	5449229	187307	406462	3922299	2120737	0.047	0.025	2602819	2749814	220591	1375230	1787946	1735795	138593	794627	814873	1014019	81998	580603	6043017	0	19	3366134	2083095	150366	36941	405780	682	3922280	2120737
2021-02-27	6190735	147718	107824	39894	5541885	191389	457442	4030123	2160631	0.048	0.026	2666475	2822116	227301	1388101	1833818	1790224	143432	799030	832657	1031892	83869	589071	6190735	0	19	3419636	2122249	153716	37673	456752	690	4030104	2160631
2021-02-28	6293566	102831	78767	24064	5603162	195342	495042	4108891	2184695	0.049	0.026	2714700	2875405	231582	1394762	1868893	1834535	146785	801170	845807	1040870	84797	593592	6293566	0	20	3457221	2145941	157317	38025	494333	709	4108871	2184695
2021-03-01	6491666	198100	148277	49823	5733309	204966	553371	4257168	2234518	0.051	0.027	2817221	2953369	239381	1408021	1943445	1896228	153263	806209	873776	1057141	86118	601812	6491666	0	20	3539582	2193727	164919	40047	552647	724	4257148	2234518
2021-03-02	6710241	218575	166474	52101	5873071	214956	622194	4423642	2286619	0.053	0.027	2927307	3047588	248982	1422628	2022735	1971725	160632	812692	904572	1075863	88350	609936	6710241	0	20	3630140	2242931	172034	42922	621448	746	4423622	2286619
2021-03-03	6956436	246195	175772	70423	6029976	229905	696535	4599414	2357042	0.055	0.028	3047976	3148969	260606	1439862	2105531	2048823	170041	819606	942445	1100146	90565	620256	6956436	0	20	3722573	2307403	181107	48798	695714	821	4599394	2357042
2021-03-04	7200887	244451	181628	62823	6170998	244373	785496	4781042	2419865	0.057	0.029	3159240	3258741	272992	1455625	2181653	2136963	180034	825002	977587	1121778	92958	630623	7200887	0	20	3806210	2364788	190180	54193	784632	864	4781022	2419865
2021-03-05	7476525	275638	207098	68540	6320472	257738	898294	4988141	2488405	0.060	0.030	3277185	3383782	287941	1471072	2258903	2242620	191990	830697	1018282	1141162	95951	640375	7476525	0	21	3893154	2427318	197585	60153	897381	913	4988120	2488405
2021-03-06	7678204	201679	153030	48649	6429694	266178	982311	5141171	2537054	0.062	0.031	3366696	3478463	298371	1480590	2314602	2325555	200824	833966	1052094	1152908	97547	646624	7678204	0	21	3955986	2473708	203787	62391	981377	934	5141150	2537054
2021-03-07	7825736	147532	114046	33486	6509433	272834	1043448	5255217	2570540	0.063	0.031	3437978	3544531	306478	1486155	2360956	2383880	208082	835928	1077022	1160651	98396	650227	7825736	0	21	4004596	2504837	208106	64728	1042494	954	5255196	2570540
2021-03-08	8063186	237450	185857	51593	6643340	283789	1136036	5441074	2622133	0.065	0.032	3556806	3640371	322827	1498475	2442587	2468035	222757	841890	1114219	1172336	100070	656585	8063186	0	21	4090314	2553026	215698	68091	1135041	995	5441053	2622133
2021-03-09	8315397	252211	197361	54850	6783442	296574	1235360	5638435	2676983	0.068	0.032	3677710	3742787	340236	1512022	2524321	2558568	238262	848791	1153389	1184219	101974	663231	8315397	0	21	4179103	2604339	225010	71564	1234301	1059	5638414	2676983
2021-03-10	8603686	288289	221251	67038	6942495	308751	1352418	5859687	2744021	0.070	0.033	3808598	3856306	360962	1530389	2606688	2661880	256906	860000	1201910	1194426	104056	670389	8602715	971	22	4274730	2667765	233629	75122	1351306	1112	5859665	2744021
2021-03-11	8887922	284236	223345	60891	7090125	322469	1475306	6083032	2804912	0.073	0.034	3937470	3976178	382106	1544008	2689957	2769533	276555	867677	1247513	1206645	105551	676331	8886296	1626	22	4365874	2724251	242999	79470	1474137	1169	6083010	2804912
2021-03-12	9214384	326462	255604	70858	7241701	339764	1632897	6338636	2875770	0.076	0.035	4071484	4127850	404783	1559463	2770420	2906954	297406	877132	1301064	1220896	107377	682331	9212548	1836	22	4451387	2790314	255701	84063	1631526	1371	6338614	2875770
2021-03-13	9454978	240594	190314	50280	7357715	349332	1747909	6528950	2926050	0.079	0.035	4181046	4240796	425293	1567511	2840453	3011727	316755	881879	1340593	1229069	108538	685632	9452986	1992	22	4518574	2839141	263928	85404	1746426	1483	6528928	2926050
2021-03-14	9625017	170039	134377	35662	7445761	354844	1824390	6663327	2961712	0.080	0.036	4266043	4307307	441408	1570975	2896461	3072888	331859	883676	1369582	1234419	109549	687299	9623015	2002	22	4571954	2873807	268465	86379	1822886	1504	6663305	2961712
2021-03-15	9872668	247651	188426	59225	7598513	367581	1906552	6851753	3020937	0.082	0.036	4400463	4391447	461474	1582289	2984151	3147219	350790	890548	1416312	1244228	110684	691741	9870383	2285	22	4667270	2931243	279502	88079	1904959	1593	6851731	3020937
2021-03-16	10051565	178897	110734	68163	7765143	378833	1907567	6962487	3089100	0.084	0.037	4527474	4426082	473886	1593025	3059300	3169255	361553	895647	1468174	1256827	112333	697378	10048733	2832	22	4768226	2996917	288269	90564	1905970	1597	6962465	3089100
2021-03-17	10256523	204958	124034	80924	7951372	396820	1908309	7086521	3170024	0.085	0.038	4672447	4463838	487350	1605072	3141952	3193652	373040	902175	1530495	1270186	114310	702897	10253074	3449	22	4878343	3073029	301449	95371	1906707	1602	7086499	3170024
2021-03-18	10450006	193483	117907	75576	8125537	414980	1909467	7204428	3245600	0.087	0.039	4812398	4498757	499905	1615322	3222615	3215628	383588	907340	1589783	1283129	116317	707982	10446134	3872	22	4982133	3143404	314409	100571	1907864	1603	7204406	3245600
2021-03-19	10694699	244693	160539	84154	8310904	435768	1948005	7364967	3329754	0.089	0.040	4961948	4563922	518114	1627194	3306761	3267408	399605	914537	1655187	1296514	118509	712657	10690296	4403	22	5090209	3220695	328391	107377	1946345	1660	7364945	3329754
2021-03-20	10914953	220254	166990	53264	8446277	451063	2017591	7531957	3383018	0.091	0.041	5078536	4641917	537715	1633319	3379545	3337212	417708	917920	1698991	1304705	120007	715399	10910226	4727	22	5176182	3270095	339852	111211	2015901	1690	7531935	3383018
2021-03-21	11079444	164491	126301	38190	8548452	460252	2070718	7658258	3421208	0.092	0.041	5171749	4694283	554274	1635819	3440184	3384099	433219	919244	1731565	1310184	121055	716575	11074717	4727	22	5243437	3305015	345797	114455	2069002	1716	7658236	3421208
2021-03-22	11348587	269143	192754	76389	8714853	484041	2149671	7851012	3497597	0.094	0.042	5329624	4766248	576579	1645397	3534739	3445389	453483	925279	1794885	1320859	123096	720118	11342332	6255	22	5340903	3373950	362186	121855	2147901	1770	7850990	3497597
2021-03-23	11649295	300708	216867	83841	8896303	503753	2249217	8067879	3581438	0.097	0.043	5490190	4854892	604288	1656865	3629814	3521119	478432	932910	1860376	1333773	125856	723955	11638052	11243	22	5443540	3452763	376926	126827	2247391	1826	8067857	3581438
2021-03-24	11988320	339025	249415	89610	9096450	536780	2355068	8317294	3671048	0.100	0.044	5664852	4952071	635971	1672375	3732242	3605792	507202	944863	1932610	1346279	128769	727512	11971285	17035	22	5559459	3536991	404647	132133	2353166	1902	8317272	3671048
2021-03-25	12320945	332625	251476	81149	9281953	564442	2474528	8568770	3752197	0.103	0.045	5830941	5060081	670798	1683452	3832663	3703768	539527	951994	1998278	1356313	131271	731458	12297965	22980	22	5669495	3612458	426738	137704	2472515	2013	8568748	3752197
2021-03-26	12694696	373751	285349	88402	9481499	601605	2611570	8854119	3840599	0.106	0.046	6003833	5184282	710463	1698535	3933360	3816071	576057	962322	2070473	1368211	134406	736213	12665402	29294	22	5787434	3694065	457197	144408	2609466	2104	8854097	3840599
2021-03-27	12975915	281219	218886	62333	9631058	629222	2715612	9073006	3902932	0.109	0.047	6147056	5279869	744190	1703356	4023632	3903670	607441	965464	2123424	1376199	136749	737892	12944271	31644	23	5877827	3753231	481704	147518	2713452	2160	9072983	3902932
2021-03-28	13172304	196389	143124	53265	9746405	647725	2778151	9216130	3956197	0.111	0.048	6253046	5333384	768116	1706823	4085867	3950861	629648	967502	2167179	1382523	138468	739321	13140469	31835	23	5943235	3803170	496933	150792	2775939	2212	9216107	3956197
2021-03-29	13477871	305567	216995	88572	9935111	672714	2870023	9433125	4044769	0.113	0.049	6418833	5404751	806706	1716518	4180272	4010842	665103	973637	2238561	1393909	141603	742881	13440088	37783	23	6050232	3884879	515120	157594	2867750	2273	9433102	4044769
2021-03-30	13806883	329012	236416	92596	10153786	697130	2955944	9669541	4137365	0.116	0.050	6591913	5474211	853024	1727240	4280843	4069380	706095	981320	2311070	1404831	146929	745920	13756964	49919	23	6182828	3970958	533079	164051	2953611	2333	9669518	4137365
2021-03-31	14143080	336197	234694	101503	10401267	733174	3008616	9904235	4238868	0.119	0.051	6774517	5538855	899988	1738789	4384637	4121392	747318	988525	2389880	1417463	152670	750264	14076846	66234	23	6336807	4064460	561157	172017	3006248	2368	9904212	4238868
2021-04-01	14469705	326625	235921	90704	10640146	765625	3063911	10140156	4329572	0.122	0.052	6936269	5606629	944397	1747554	4476928	4175958	787230	994147	2459341	1430671	157167	753407	14383392	86313	23	6492921	4147225	585711	179914	3061501	2410	10140133	4329572
2021-04-02	14695381	225676	157710	67966	10819660	780013	3095685	10297866	4397538	0.124	0.053	7067172	5654574	981393	1749910	4552089	4213818	820223	995356	2515083	1440756	161170	754554	14607544	87837	23	6608837	4210823	595758	184255	3093248	2437	10297843	4397538
2021-04-03	14927198	231817	167457	64360	10993790	795813	3137572	10465323	4461898	0.126	0.054	7198861	5698683	1018737	1753036	4633025	4248782	853330	997097	2565836	1449901	165407	755939	14837962	89236	23	6723491	4270299	606712	189101	3135097	2475	10465300	4461898
2021-04-04	15120129	192931	142564	50367	11125986	805874	3188246	10607887	4512265	0.128	0.054	7309766	5731715	1048001	1754173	4704262	4274251	879171	997551	2605504	1457464	168830	756622	15030757	89372	23	6809253	4316733	612883	192991	3185728	2518	10607864	4512265
2021-04-05	15367926	247797	177613	70184	11290945	823740	3253218	10785500	4582449	0.130	0.055	7456036	5770066	1081529	1756372	4794323	4302940	907924	998846	2661713	1467126	173605	757526	15277244	90682	23	6908839	4382106	625969	197771	3250669	2549	10785477	4582449
2021-04-06	15741645	373719	279016	94703	11545894	855957	3339771	11064516	4677152	0.133	0.056	7644926	5826686	1124640	1761928	4910112	4346229	944820	1001588	2734814	1480457	179820	760340	15614336	127309	23	7077846	4468048	649493	206464	3337154	2617	11064493	4677152
2021-04-07	16409577	667932	571566	96366	12087981	892988	3428585	11636082	4773518	0.140	0.057	7644926	5826686	1124640	1761928	4910112	4346229	944820	1001588	2734814	1480457	179820	760340	15976604	432973	23	7532254	4555727	677920	215068	3425885	2700	11636059	4773518
2021-04-08	17108176	698599	610936	87663	12659283	928618	3520252	12247018	4861181	0.147	0.058	7644926	5826686	1124640	1761928	4910112	4346229	944820	1001588	2734814	1480457	179820	760340	16350325	757851	23	8024947	4634336	704577	224041	3517471	2781	12246995	4861181
2021-04-09	17739787	631611	542718	88893	13149304	965184	3625276	12789736	4950074	0.154	0.060	7644926	5826686	1124640	1761928	4910112	4346229	944820	1001588	2734814	1480457	179820	760340	16742433	997354	23	8437592	4711712	729708	235476	3622413	2863	12789713	4950074
2021-04-10	18112362	372575	307525	65050	13397791	988406	3726142	13097261	5015124	0.157	0.060	7644926	5826686	1124640	1761928	4910112	4346229	944820	1001588	2734814	1480457	179820	760340	17081962	1030400	23	8628772	4769019	745249	243157	3723217	2925	13097238	5015124
2021-04-11	18376274	263912	213592	50320	13568158	1007072	3801021	13310853	5065444	0.160	0.061	7644926	5826686	1124640	1761928	4910112	4346229	944820	1001588	2734814	1480457	179820	760340	17340795	1035479	23	8752842	4815316	759968	247104	3798020	3001	13310830	5065444
2021-04-12	18794802	418528	342153	76375	13847017	1036258	3911503	13653007	5141819	0.164	0.062	7644926	5826686	1124640	1761928	4910112	4346229	944820	1001588	2734814	1480457	179820	760340	17710816	1083986	24	8963853	4883164	780681	255577	3908449	3054	13652983	5141819
2021-04-13	19371565	576763	503098	73665	14279280	1063473	4028788	14156105	5215484	0.170	0.063	7644926	5826686	1124640	1761928	4910112	4346229	944820	1001588	2734814	1480457	179820	760340	18091449	1280116	24	9328086	4951194	802455	261018	4025540	3248	14156081	5215484
2021-04-14	20146436	774871	691710	83161	14895706	1097010	4153696	14847815	5298645	0.179	0.064	7644926	5826686	1124640	1761928	4910112	4346229	944820	1001588	2734814	1480457	179820	760340	18492523	1653913	24	9870413	5025293	827488	269522	4149890	3806	14847791	5298645
2021-04-15	20826555	680119	609931	70188	15429644	1133216	4263670	15457747	5368833	0.186	0.065	7644926	5826686	1124640	1761928	4910112	4346229	944820	1001588	2734814	1480457	179820	760340	18877013	1949542	25	10343721	5085923	855081	278135	4258920	4750	15457722	5368833
2021-04-16	21423017	596462	522340	74122	15867756	1165751	4389485	15980087	5442955	0.192	0.065	7644926	5826686	1124640	1761928	4910112	4346229	944820	1001588	2734814	1480457	179820	760340	19278636	2144381	25	10716885	5150871	879245	286506	4383932	5553	15980062	5442955
2021-04-17	21789002	365985	309377	56608	16092632	1188433	4507912	16289464	5499563	0.196	0.066	7644926	5826686	1124640	1761928	4910112	4346229	944820	1001588	2734814	1480457	179820	760340	19622817	2166185	25	10893770	5198862	894794	293639	4500875	7037	16289439	5499563
2021-04-18	22058421	269419	230423	38996	16264669	1203815	4589912	16519887	5538559	0.199	0.067	7644926	5826686	1124640	1761928	4910112	4346229	944820	1001588	2734814	1480457	179820	760340	19887625	2170796	25	11031869	5232800	906285	297530	4581708	8204	16519862	5538559
2021-04-19	22460669	402248	340860	61388	16558476	1236735	4665432	16860748	5599947	0.203	0.067	7644926	5826686	1124640	1761928	4910112	4346229	944820	1001588	2734814	1480457	179820	760340	20245542	2215127	26	11273524	5284952	931288	305447	4655910	9522	16860722	5599947
2021-04-20	23021330	560661	497994	62667	16940405	1275951	4804948	17358742	5662614	0.209	0.068	7644926	5826686	1124640	1761928	4910112	4346229	944820	1001588	2734814	1480457	179820	760340	20611752	2409578	26	11601460	5338945	963910	312041	4793346	11602	17358716	5662614
2021-04-21	23742149	720819	647779	73040	17394636	1317646	5029841	18006521	5735654	0.217	0.069	7644926	5826686	1124640	1761928	4910112	4346229	944820	1001588	2734814	1480457	179820	760340	20993423	2748726	26	11993159	5401477	997547	320099	5015789	14052	18006495	5735654
2021-04-22	24380604	638455	571320	67135	17776352	1361296	5242930	18577841	5802789	0.223	0.070	7644926	5826686	1124640	1761928	4910112	4346229	944820	1001588	2734814	1480457	179820	760340	21364619	3015985	26	12318995	5457357	1033566	327730	5225254	17676	18577815	5802789
2021-04-23	24936765	556161	487302	68859	18129618	1404834	5402287	19065143	5871648	0.229	0.071	7644926	5826686	1124640	1761928	4910112	4346229	944820	1001588	2734814	1480457	179820	760340	21752585	3184180	26	12617436	5512182	1066621	338213	5381060	21227	19065117	5871648
2021-04-24	25302286	365521	306572	58949	18364592	1454174	5483494	19371715	5930597	0.233	0.071	7644926	5826686	1124640	1761928	4910112	4346229	944820	1001588	2734814	1480457	179820	760340	22101195	3201091	26	12811190	5553402	1100587	353587	5459912	23582	19371689	5930597
2021-04-25	25585148	282862	233818	49044	18552356	1487850	5544916	19605533	5979641	0.236	0.072	7644926	5826686	1124640	1761928	4910112	4346229	944820	1001588	2734814	1480457	179820	760340	22378243	3206905	26	12961557	5590799	1124398	363452	5519552	25364	19605507	5979641
2021-04-26	26018032	432884	358927	73957	18870246	1530321	5617370	19964529	6053598	0.240	0.073	7644926	5826686	1124640	1761928	4910112	4346229	944820	1001588	2734814	1480457	179820	760340	22724535	3293497	95	13217938	5652308	1158480	371841	5588016	29354	19964434	6053598
2021-04-27	26803340	785308	693415	91893	19546939	1581817	5674028	20658405	6145491	0.248	0.074	7644926	5826686	1124640	1761928	4910112	4346229	944820	1001588	2734814	1480457	179820	760340	23094963	3708377	556	13816796	5730143	1200853	380964	5640200	33828	20657849	6145491
2021-04-28	27926303	1122963	996009	126954	20555160	1642532	5727338	21655131	6272445	0.260	0.075	7644926	5826686	1124640	1761928	4910112	4346229	944820	1001588	2734814	1480457	179820	760340	23488843	4437460	1273	14716436	5838724	1249032	393500	5688390	38948	21653858	6272445
2021-04-29	28872222	945919	812509	133410	21379440	1706140	5784489	22468520	6405855	0.270	0.077	7644926	5826686	1124640	1761928	4910112	4346229	944820	1001588	2734814	1480457	179820	760340	23876694	4995528	2153	15428465	5950975	1300257	405883	5737645	46844	22466367	6405855
2021-04-30	29675821	803599	666585	137014	22057832	1763395	5851608	23135938	6542869	0.278	0.079	7644926	5826686	1124640	1761928	4910112	4346229	944820	1001588	2734814	1480457	179820	760340	24280447	5395374	2986	15995306	6062526	1342269	421126	5795377	56231	23132952	6542869
2021-05-01	30012079	336258	260008	76250	22310649	1804884	5890986	23398520	6619119	0.281	0.080	7644926	5826686	1124640	1761928	4910112	4346229	944820	1001588	2734814	1480457	179820	760340	24592055	5420024	5560	16186872	6123777	1377352	427532	5828736	62250	23392960	6619119
2021-05-02	30277066	264987	197608	67379	22506224	1842396	5921078	23597936	6686498	0.284	0.080	7644926	5826686	1124640	1761928	4910112	4346229	944820	1001588	2734814	1480457	179820	760340	24849387	5427679	7368	16326706	6179518	1409613	432783	5854249	66829	23590568	6686498
2021-05-03	30728614	451548	335193	116355	22824107	1912978	5982575	23934715	6802853	0.288	0.082	7644926	5826686	1124640	1761928	4910112	4346229	944820	1001588	2734814	1480457	179820	760340	25207075	5521539	8954	16553618	6270489	1466999	445979	5905144	77431	23925761	6802853
2021-05-04	31571178	842564	680860	161704	23450397	1976115	6132752	24618535	6964557	0.296	0.084	7644926	5826686	1124640	1761928	4910112	4346229	944820	1001588	2734814	1480457	179820	760340	25582387	5988791	11914	17048108	6402289	1516898	459217	6041615	91137	24606621	6964557
2021-05-05	32717876	1146698	914732	231966	24301282	2055081	6345129	25537737	7196523	0.307	0.087	7644926	5826686	1124640	1761928	4910112	4346229	944820	1001588	2734814	1480457	179820	760340	26003121	6714755	16384	17713905	6587377	1570360	484721	6237088	108041	25521353	7196523
2021-05-06	33707960	990084	766928	223156	24993849	2146976	6546557	26308859	7419679	0.316	0.089	7644926	5826686	1124640	1761928	4910112	4346229	944820	1001588	2734814	1480457	179820	760340	26418094	7289866	20578	18229350	6764499	1639865	507111	6419066	127491	26288281	7419679
2021-05-07	34597792	889832	651858	237974	25580816	2233666	6758878	26964571	7657653	0.324	0.092	7644926	5826686	1124640	1761928	4910112	4346229	944820	1001588	2734814	1480457	179820	760340	26863910	7733882	24432	18642410	6938406	1695591	538075	6602138	156740	26940139	7657653
2021-05-08	35023520	425728	271653	154075	25848474	2305440	6843457	27237941	7811728	0.328	0.094	7644926	5826686	1124640	1761928	4910112	4346229	944820	1001588	2734814	1480457	179820	760340	27229147	7794373	26149	18797172	7051302	1747535	557905	6667085	176372	27211792	7811728
2021-05-09	35309642	286122	183572	102550	26042363	2361991	6878073	27422579	7914278	0.330	0.095	7644926	5826686	1124640	1761928	4910112	4346229	944820	1001588	2734814	1480457	179820	760340	27504234	7805408	27215	18911797	7130566	1793290	568701	6690277	187796	27395364	7914278
2021-05-10	35898815	589173	395672	193501	26415506	2443690	7008675	27821980	8107779	0.335	0.097	7644926	5826686	1124640	1761928	4910112	4346229	944820	1001588	2734814	1480457	179820	760340	27904509	7994306	30944	19143188	7272318	1852820	590870	6795028	213647	27791036	8107779
2021-05-11	36984545	1085730	797906	287824	27241407	2523576	7184984	28623520	8395603	0.344	0.101	7644926	5826686	1124640	1761928	4910112	4346229	944820	1001588	2734814	1480457	179820	760340	28336544	8648001	34578	19736209	7505198	1910537	613039	6942196	242788	28588942	8395603
2021-05-12	38400192	1415647	1049202	366445	28334634	2615218	7410179	29678305	8762048	0.357	0.105	7644926	5826686	1124640	1761928	4910112	4346229	944820	1001588	2734814	1480457	179820	760340	28796208	9603984	40161	20533056	7801578	1971659	643559	7133429	276750	29638144	8762048
2021-05-13	38829421	429229	268390	160839	28649963	2681987	7454663	29949342	8922887	0.360	0.107	7644926	5826686	1124640	1761928	4910112	4346229	944820	1001588	2734814	1480457	179820	760340	29151958	9677463	42808	20720614	7929349	2023220	658767	7162700	291963	29906534	8922887
2021-05-14	39585808	756387	525932	230455	29195147	2746896	7593162	30483069	9153342	0.367	0.110	7644926	5826686	1124640	1761928	4910112	4346229	944820	1001588	2734814	1480457	179820	760340	29557008	10028800	50603	21085249	8109898	2072953	673943	7274264	318898	30432466	9153342
2021-05-15	39985829	400021	234500	165521	29474174	2807193	7649579	30721849	9318863	0.369	0.112	7644926	5826686	1124640	1761928	4910112	4346229	944820	1001588	2734814	1480457	179820	760340	29909363	10076466	54883	21241923	8232251	2116899	690294	7308144	341435	30666966	9318863
2021-05-16	40268395	282566	160592	121974	29674354	2859930	7674502	30887167	9440837	0.371	0.114	7644926	5826686	1124640	1761928	4910112	4346229	944820	1001588	2734814	1480457	179820	760340	30175924	10092471	59609	21348356	8325998	2159752	700178	7319450	355052	30827558	9440837
2021-05-17	40823644	555249	349241	206008	30012700	2945605	7795971	31246167	9646845	0.376	0.116	7644926	5826686	1124640	1761928	4910112	4346229	944820	1001588	2734814	1480457	179820	760340	30561855	10261789	69368	21541223	8471477	2221013	724592	7414563	381408	31176799	9646845
2021-05-18	41695569	871925	517304	354621	30602291	3046697	7969440	31771244	10001466	0.382	0.120	7644926	5826686	1124640	1761928	4910112	4346229	944820	1001588	2734814	1480457	179820	760340	30978776	10716793	77141	21840603	8761688	2293522	753175	7559978	409462	31694103	10001466
2021-05-19	42793105	1097536	563548	533988	31406360	3146773	8150713	32346910	10535454	0.389	0.127	7644926	5826686	1124640	1761928	4910112	4346229	944820	1001588	2734814	1480457	179820	760340	31396534	11396571	89259	22184596	9221764	2359764	787009	7713291	437422	32257651	10535454
2021-05-20	43740127	947022	455519	491503	32089497	3243242	8307287	32813271	11026957	0.395	0.133	7644926	5826686	1124640	1761928	4910112	4346229	944820	1001588	2734814	1480457	179820	760340	31812613	11927514	100101	22445517	9643980	2425274	817968	7842379	464908	32713170	11026957
2021-05-21	44590773	850646	405842	444804	32685387	3328907	8464556	33230935	11471761	0.400	0.138	7644926	5826686	1124640	1761928	4910112	4346229	944820	1001588	2734814	1480457	179820	760340	32240539	12350234	111923	22667998	10017389	2481647	847260	7969367	495189	33119012	11471761
2021-05-22	45064534	473761	214776	258985	32991497	3398408	8548428	33459989	11730746	0.402	0.141	7644926	5826686	1124640	1761928	4910112	4346229	944820	1001588	2734814	1480457	179820	760340	32585370	12479164	126201	22766382	10225115	2529952	868456	8037454	510974	33333788	11730746
2021-05-23	45349620	285086	124720	160366	33184427	3457796	8572331	33593574	11891112	0.404	0.143	7644926	5826686	1124640	1761928	4910112	4346229	944820	1001588	2734814	1480457	179820	760340	32852335	12497285	135066	22832010	10352417	2574249	883547	8052249	520082	33458508	11891112
2021-05-24	45675568	325948	141115	184833	33420121	3519347	8592992	33742731	12075945	0.406	0.145	7644926	5826686	1124640	1761928	4910112	4346229	944820	1001588	2734814	1480457	179820	760340	33162758	12512810	143108	22914602	10505519	2620803	898544	8064218	528774	33599623	12075945
2021-05-25	46330941	655373	272042	383331	33866712	3599018	8696992	34039884	12459276	0.409	0.150	7644926	5826686	1124640	1761928	4910112	4346229	944820	1001588	2734814	1480457	179820	760340	33559188	12771753	168219	23056303	10810409	2672249	926769	8143113	553879	33871665	12459276
2021-05-26	47510460	1179519	469455	710064	34751576	3681413	8831038	34587553	13169340	0.416	0.158	7644926	5826686	1124640	1761928	4910112	4346229	944820	1001588	2734814	1480457	179820	760340	33975292	13535168	246433	23371107	11380469	2724833	956580	8245180	585858	34341120	13169340
2021-05-27	48551014	1040554	404041	636513	35490567	3770298	8962600	35072710	13805853	0.422	0.166	7644926	5826686	1124640	1761928	4910112	4346229	944820	1001588	2734814	1480457	179820	760340	34394009	14157005	327549	23628903	11861664	2776452	993846	8339806	622794	34745161	13805853
2021-05-28	49454060	903046	356094	546952	36093430	3856359	9092975	35512551	14352805	0.427	0.173	7644926	5826686	1124640	1761928	4910112	4346229	944820	1001588	2734814	1480457	179820	760340	34829094	14624966	411296	23845594	12247836	2826964	1029395	8428697	664278	35101255	14352805
2021-05-29	49864057	409997	151629	258368	36355162	3918898	9150914	35691967	14611173	0.429	0.176	7644926	5826686	1124640	1761928	4910112	4346229	944820	1001588	2734814	1480457	179820	760340	35164682	14699375	439083	23925386	12429776	2863809	1055089	8463689	687225	35252884	14611173
2021-05-30	50147504	283447	97689	185758	36552231	3965903	9179260	35800683	14796931	0.430	0.178	7644926	5826686	1124640	1761928	4910112	4346229	944820	1001588	2734814	1480457	179820	760340	35426311	14721193	450110	23984583	12567648	2891147	1074756	8474843	704417	35350573	14796931
2021-05-31	50693693	546189	178173	368016	36919221	4033132	9248760	36021326	15164947	0.433	0.182	7644926	5826686	1124640	1761928	4910112	4346229	944820	1001588	2734814	1480457	179820	760340	35814731	14878962	492580	24096215	12823006	2918807	1114325	8513724	735036	35528746	15164947
2021-06-01	51681041	987348	399689	587659	37652264	4112548	9339150	36505514	15752606	0.439	0.189	7644926	5826686	1124640	1761928	4910112	4346229	944820	1001588	2734814	1480457	179820	760340	36211606	15469435	577079	24412188	13240076	2948450	1164098	8567797	771353	35928435	15752606
2021-06-02	52927551	1246510	516623	729887	38640703	4184776	9421321	37125809	16482493	0.446	0.198	7644926	5826686	1124640	1761928	4910112	4346229	944820	1001588	2734814	1480457	179820	760340	36617838	16309713	680751	24861451	13779252	2972872	1211904	8610735	810586	36445058	16482493
2021-06-03	53569807	642256	230328	411928	39115442	4248944	9471467	37409340	16894421	0.450	0.203	7644926	5826686	1124640	1761928	4910112	4346229	944820	1001588	2734814	1480457	179820	760340	36980681	16589126	733954	25041223	14074219	3002574	1246370	8631589	839878	36675386	16894421
2021-06-04	54379959	810152	290985	519167	39700325	4320160	9548304	37777541	17413588	0.454	0.209	7644926	5826686	1124640	1761928	4910112	4346229	944820	1001588	2734814	1480457	179820	760340	37388345	16991614	811170	25269072	14431253	3031263	1288897	8666036	882268	36966371	17413588
2021-06-05	54792673	412714	96222	316492	39971370	4387073	9592449	37904374	17730080	0.456	0.213	7644926	5826686	1124640	1761928	4910112	4346229	944820	1001588	2734814	1480457	179820	760340	37737515	17055158	841781	25328141	14643229	3057544	1329529	8676908	915541	37062593	17730080
2021-06-06	55084833	292160	59360	232800	40177062	4428065	9619683	37981976	17962880	0.457	0.216	7644926	5826686	1124640	1761928	4910112	4346229	944820	1001588	2734814	1480457	179820	760340	37999966	17084867	860023	25372012	14805050	3069515	1358550	8680426	939257	37121953	17962880
2021-06-07	55697833	613000	192470	420530	40578083	4513112	9692156	38228905	18383410	0.460	0.221	7644926	5826686	1124640	1761928	4910112	4346229	944820	1001588	2734814	1480457	179820	760340	38373682	17323248	914482	25505833	15072250	3097060	1416052	8711530	980626	37314423	18383410
2021-06-08	56746884	1049051	337812	711239	41420794	4588370	9755002	38634953	19094649	0.465	0.230	7644926	5826686	1124640	1761928	4910112	4346229	944820	1001588	2734814	1480457	179820	760340	38774912	17968865	982718	25785194	15635600	3123266	1465104	8743775	1011227	37652235	19094649
2021-06-09	58163833	1416949	443034	973915	42590957	4675495	9818953	39173697	20068564	0.471	0.241	7644926	5826686	1124640	1761928	4910112	4346229	944820	1001588	2734814	1480457	179820	760340	39201132	18956810	1078428	26167492	16423465	3151615	1523880	8776162	1042791	38095269	20068564
2021-06-10	59349584	1185751	399660	786091	43542730	4765283	9874703	39661797	20854655	0.477	0.251	7644926	5826686	1124640	1761928	4910112	4346229	944820	1001588	2734814	1480457	179820	760340	39635342	19705530	1166868	26508265	17034465	3183624	1581659	8803040	1071663	38494929	20854655
2021-06-11	60406474	1056890	359352	697538	44344924	4854298	9943661	40117872	21552193	0.482	0.259	7644926	5826686	1124640	1761928	4910112	4346229	944820	1001588	2734814	1480457	179820	760340	40076456	20318630	1263591	26809979	17534945	3211811	1642487	8832491	1111170	38854281	21552193
2021-06-12	60840981	434507	123202	311305	44629100	4926051	9987003	40276310	21863498	0.484	0.263	7644926	5826686	1124640	1761928	4910112	4346229	944820	1001588	2734814	1480457	179820	760340	40407866	20420893	1298827	26901439	17727661	3230515	1695536	8845529	1141474	38977483	21863498
2021-06-13	61123946	282965	64671	218294	44808972	4989556	10012801	40354771	22081792	0.485	0.266	7644926	5826686	1124640	1761928	4910112	4346229	944820	1001588	2734814	1480457	179820	760340	40655171	20456247	1312617	26945573	17863399	3246433	1743123	8850148	1162653	39042154	22081792
2021-06-14	61774342	650396	210065	440331	45235756	5090619	10080118	40620068	22522123	0.488	0.271	7644926	5826686	1124640	1761928	4910112	4346229	944820	1001588	2734814	1480457	179820	760340	41063056	20696780	1367849	27114645	18121111	3269891	1820728	8867683	1212435	39252219	22522123
2021-06-15	62814727	1040385	341488	698897	46028294	5194949	10164572	41020619	23221020	0.493	0.279	7644926	5826686	1124640	1761928	4910112	4346229	944820	1001588	2734814	1480457	179820	760340	41513262	21283470	1426912	27408196	18620098	3298225	1896724	8887286	1277286	39593707	23221020
2021-06-16	64188869	1374142	459118	915024	47123765	5300929	10260979	41556021	24136044	0.500	0.290	7644926	5826686	1124640	1761928	4910112	4346229	944820	1001588	2734814	1480457	179820	760340	41984831	22182018	1503196	27809854	19313911	3330190	1970739	8912781	1348198	40052825	24136044
2021-06-17	65328397	1139528	391943	747585	48000022	5403868	10353053	42016222	24883629	0.505	0.299	7644926	5826686	1124640	1761928	4910112	4346229	944820	1001588	2734814	1480457	179820	760340	42450789	22852215	1571454	28150376	19849646	3359348	2044520	8935044	1418009	40444768	24883629
2021-06-18	66313374	984977	339075	645902	48726427	5497550	10449117	42424123	25529531	0.510	0.307	7644926	5826686	1124640	1761928	4910112	4346229	944820	1001588	2734814	1480457	179820	760340	42902779	23382503	1640280	28436528	20289899	3390289	2107261	8957026	1492091	40783843	25529531
2021-06-19	66739550	426176	118807	307369	48998764	5579413	10499957	42564066	25836900	0.512	0.311	7644926	5826686	1124640	1761928	4910112	4346229	944820	1001588	2734814	1480457	179820	760340	43243214	23466988	1661416	28528069	20470695	3411031	2168382	8963550	1536407	40902650	25836900
2021-06-20	67034054	294504	67581	226923	49177340	5650712	10531776	42644457	26063823	0.513	0.313	7644926	5826686	1124640	1761928	4910112	4346229	944820	1001588	2734814	1480457	179820	760340	43507813	23496614	1674226	28577099	20600241	3426971	2223741	8966161	1565615	40970231	26063823
2021-06-21	67659517	625463	205021	420442	49584065	5747841	10617121	42885742	26484265	0.516	0.318	7644926	5826686	1124640	1761928	4910112	4346229	944820	1001588	2734814	1480457	179820	760340	43901726	23726147	1710490	28743457	20840608	3451682	2296159	8980113	1637008	41175252	26484265
2021-06-22	68727960	1068443	368136	700307	50420575	5843479	10719473	43287821	27184572	0.520	0.327	7644926	5826686	1124640	1761928	4910112	4346229	944820	1001588	2734814	1480457	179820	760340	44337465	24354112	1744433	29065120	21355455	3481969	2361510	8996299	1723174	41543388	27184572
2021-06-23	70054219	1326259	480770	845489	51501801	5939017	10834750	43802809	28030061	0.527	0.337	7644926	5826686	1124640	1761928	4910112	4346229	944820	1001588	2734814	1480457	179820	760340	44774787	25237778	1778651	29495841	22005960	3511551	2427466	9016766	1817984	42024158	28030061
2021-06-24	71080774	1026555	481228	545327	52290914	6026051	10945186	44324009	28575388	0.533	0.344	7644926	5826686	1124640	1761928	4910112	4346229	944820	1001588	2734814	1480457	179820	760340	45203893	25830883	1818623	29920805	22370109	3546616	2479435	9037965	1907221	42505386	28575388
2021-06-25	71993039	912265	372974	539291	52977349	6102263	11054973	44736814	29114679	0.538	0.350	7644926	5826686	1124640	1761928	4910112	4346229	944820	1001588	2734814	1480457	179820	760340	45629413	26314646	1858454	30247483	22729866	3573113	2529150	9057764	1997209	42878360	29114679
2021-06-26	72400966	407927	134961	272966	53230692	6171283	11127425	44884887	29387645	0.540	0.353	7644926	5826686	1124640	1761928	4910112	4346229	944820	1001588	2734814	1480457	179820	760340	45972989	26378225	1871566	30350699	22879993	3598650	2572633	9063972	2063453	43013321	29387645
2021-06-27	72692514	291548	89505	202043	53403294	6229349	11184185	44978512	29589688	0.541	0.356	7644926	5826686	1124640	1761928	4910112	4346229	944820	1001588	2734814	1480457	179820	760340	46238464	26403445	1875686	30417569	22985725	3617893	2611456	9067364	2116821	43102826	29589688
2021-06-28	73316778	624264	240259	384005	53799925	6319037	11297883	45243018	29973693	0.544	0.360	7644926	5826686	1124640	1761928	4910112	4346229	944820	1001588	2734814	1480457	179820	760340	46646234	26617843	1899933	30611888	23188037	3650111	2668926	9081086	2216797	43343085	29973693
2021-06-29	74242961	926183	384104	542079	54478887	6411570	11430494	45649199	30515772	0.549	0.367	7644926	5826686	1124640	1761928	4910112	4346229	944820	1001588	2734814	1480457	179820	760340	47071775	27113831	1922010	30951423	23527464	3682986	2728584	9092780	2337714	43727189	30515772
2021-06-30	75257195	1014234	444820	569414	55240513	6505264	11566856	46116571	31085186	0.555	0.374	7644926	5826686	1124640	1761928	4910112	4346229	944820	1001588	2734814	1480457	179820	760340	47496649	27697962	1944562	31347071	23893442	3717698	2787566	9107240	2459616	44172009	31085186
2021-07-01	76233191	975996	448123	527873	55978410	6588283	11699562	46587068	31613059	0.560	0.380	7644926	5826686	1124640	1761928	4910112	4346229	944820	1001588	2734814	1480457	179820	760340	47898076	28268207	1966936	31751223	24227187	3748162	2840121	9120747	2578815	44620132	31613059
2021-07-02	77072849	839658	375677	463981	56623371	6682605	11778581	46984101	32077040	0.565	0.386	7644926	5826686	1124640	1761928	4910112	4346229	944820	1001588	2734814	1480457	179820	760340	48292597	28709971	1988292	32086046	24537325	3779832	2902773	9129931	2648650	44995809	32077040
2021-07-03	77448703	375854	148010	227844	56877764	6761877	11805673	47147208	32304884	0.567	0.388	7644926	5826686	1124640	1761928	4910112	4346229	944820	1001588	2734814	1480457	179820	760340	48601454	28776252	2003389	32206696	24671068	3804410	2957467	9132713	2672960	45143819	32304884
2021-07-04	77721230	272527	92620	179907	57059056	6830013	11820194	47248406	32484791	0.568	0.391	7644926	5826686	1124640	1761928	4910112	4346229	944820	1001588	2734814	1480457	179820	760340	48846462	28803194	2011967	32279446	24779610	3822835	3007178	9134158	2686036	45236439	32484791
2021-07-05	78254127	532897	194400	338497	57443297	6924298	11859715	47457656	32823288	0.571	0.395	7644926	5826686	1124640	1761928	4910112	4346229	944820	1001588	2734814	1480457	179820	760340	49187304	28993153	2026817	32443532	24999765	3848805	3075493	9138502	2721213	45430839	32823288
2021-07-06	79026696	772569	268260	504309	58056330	7023105	11904888	47741472	33327597	0.574	0.401	7644926	5826686	1124640	1761928	4910112	4346229	944820	1001588	2734814	1480457	179820	760340	49526201	29423099	2042373	32682006	25374324	3874047	3149058	9143046	2761842	45699099	33327597
2021-07-07	80015185	988489	321650	666839	58879388	7118432	11956163	48081951	33994436	0.578	0.409	7644926	5826686	1124640	1761928	4910112	4346229	944820	1001588	2734814	1480457	179820	760340	49876461	30056482	2061202	32973690	25905698	3898615	3219817	9148444	2807719	46020749	33994436
2021-07-08	80855235	840050	261187	578863	59557053	7219131	11998710	48362277	34573299	0.582	0.416	7644926	5826686	1124640	1761928	4910112	4346229	944820	1001588	2734814	1480457	179820	760340	50217309	30551427	2080341	33208188	26348865	3921032	3298099	9152716	2845994	46281936	34573299
2021-07-09	81605720	750485	217969	532516	60145784	7317428	12041763	48600650	35105815	0.584	0.422	7644926	5826686	1124640	1761928	4910112	4346229	944820	1001588	2734814	1480457	179820	760340	50558754	30956968	2100745	33403890	26741894	3938862	3378566	9157153	2884610	46499905	35105815
2021-07-10	81948195	342475	95306	247169	60373391	7401504	12062816	48705695	35352984	0.586	0.425	7644926	5826686	1124640	1761928	4910112	4346229	944820	1001588	2734814	1480457	179820	760340	50832320	31025280	2110484	33479648	26893743	3956971	3444533	9158592	2904224	46595211	35352984
2021-07-11	82175909	227714	60923	166791	60519024	7465008	12073100	48774911	35519775	0.586	0.427	7644926	5826686	1124640	1761928	4910112	4346229	944820	1001588	2734814	1480457	179820	760340	51040740	31044204	2118777	33525335	26993689	3971741	3493267	9159058	2914042	46656134	35519775
2021-07-12	82639030	463121	149915	313206	60865516	7543618	12097071	48938874	35832981	0.588	0.431	7644926	5826686	1124640	1761928	4910112	4346229	944820	1001588	2734814	1480457	179820	760340	51305408	31240232	2132825	33644532	27220984	4000609	3543009	9160908	2936163	46806049	35832981
2021-07-13	83394502	755472	178973	576499	61489092	7621208	12131593	49137631	36409480	0.591	0.438	7644926	5826686	1124640	1761928	4910112	4346229	944820	1001588	2734814	1480457	179820	760340	51557621	31739362	2152609	33795300	27693792	4026573	3594635	9163149	2968444	46985022	36409480
2021-07-14	84362472	967970	201865	766105	62315891	7692733	12178623	49362112	37175585	0.594	0.447	7644926	5826686	1124640	1761928	4910112	4346229	944820	1001588	2734814	1480457	179820	760340	51831050	32429200	2175225	33972358	28343533	4047737	3644996	9166792	3011831	47186887	37175585
2021-07-15	85121721	759249	169525	589724	62943860	7763440	12217115	49553718	37765309	0.596	0.454	7644926	5826686	1124640	1761928	4910112	4346229	944820	1001588	2734814	1480457	179820	760340	52084188	32931568	2197306	34119871	28823989	4066910	3696530	9169631	3047484	47356412	37765309
2021-07-16	85772074	650353	149620	500733	63476981	7827236	12249011	49724878	38266042	0.598	0.460	7644926	5826686	1124640	1761928	4910112	4346229	944820	1001588	2734814	1480457	179820	760340	52333983	33328254	2218846	34250399	29226582	4084088	3743148	9171545	3077466	47506032	38266042
2021-07-17	86040089	268015	70100	197915	63649231	7890130	12264573	49812287	38463957	0.599	0.462	7644926	5826686	1124640	1761928	4910112	4346229	944820	1001588	2734814	1480457	179820	760340	52543621	33384580	2236155	34304056	29345175	4099677	3790453	9172399	3092174	47576132	38463957
2021-07-18	86237705	197616	58984	138632	63783873	7930885	12275858	49882205	38602589	0.600	0.464	7644926	5826686	1124640	1761928	4910112	4346229	944820	1001588	2734814	1480457	179820	760340	52712613	33412623	2247089	34353546	29430327	4108899	3821986	9172671	3103187	47635116	38602589
2021-07-19	86611215	373510	90250	283260	64074701	7979965	12295494	49986421	38885849	0.601	0.468	7644926	5826686	1124640	1761928	4910112	4346229	944820	1001588	2734814	1480457	179820	760340	52904082	33592649	2261055	34429601	29645100	4121796	3858169	9173969	3121525	47725366	38885849
2021-07-20	87203922	592707	125151	467556	64584886	8026744	12317303	50125506	39353405	0.603	0.473	7644926	5826686	1124640	1761928	4910112	4346229	944820	1001588	2734814	1480457	179820	760340	53114677	33970767	2274989	34536760	30048126	4137261	3889483	9176496	3140807	47850517	39353405
2021-07-21	87937533	733611	153112	580499	65238357	8071297	12339962	50291546	39933904	0.605	0.480	7644926	5826686	1124640	1761928	4910112	4346229	944820	1001588	2734814	1480457	179820	760340	53336894	34477235	2287917	34675498	30562859	4150045	3921252	9178086	3161876	48003629	39933904
2021-07-22	88532213	594680	119539	475141	65758718	8114215	12358694	50423754	40409045	0.606	0.486	7644926	5826686	1124640	1761928	4910112	4346229	944820	1001588	2734814	1480457	179820	760340	53546458	34857754	2300586	34783793	30974925	4159938	3954277	9179437	3179257	48123168	40409045
2021-07-23	89069980	537767	109790	427977	66221246	8154997	12376975	50549720	40837022	0.608	0.491	7644926	5826686	1124640	1761928	4910112	4346229	944820	1001588	2734814	1480457	179820	760340	53753373	35185498	2316762	34882653	31338593	4169568	3985429	9180737	3196238	48232958	40837022
2021-07-24	89267881	197901	49946	147955	66366119	8191452	12384608	50608606	40984977	0.609	0.493	7644926	5826686	1124640	1761928	4910112	4346229	944820	1001588	2734814	1480457	179820	760340	53895315	35239989	2325702	34924751	31441368	4176653	4014799	9181500	3203108	48282904	40984977
2021-07-25	89387257	119376	30671	88705	66447520	8221816	12387724	50643772	41073682	0.609	0.494	7644926	5826686	1124640	1761928	4910112	4346229	944820	1001588	2734814	1480457	179820	760340	53994847	35258381	2330197	34949144	31498376	4182825	4038991	9181606	3206118	48313575	41073682
