date	dosen_kumulativ	dosen_differenz_zum_vortag	dosen_erst_differenz_zum_vortag	dosen_zweit_differenz_zum_vortag	dosen_biontech_kumulativ	dosen_moderna_kumulativ	dosen_astrazeneca_kumulativ	personen_erst_kumulativ	personen_voll_kumulativ	impf_quote_erst	impf_quote_voll	indikation_alter_dosen	indikation_beruf_dosen	indikation_medizinisch_dosen	indikation_pflegeheim_dosen	indikation_alter_erst	indikation_beruf_erst	indikation_medizinisch_erst	indikation_pflegeheim_erst	indikation_alter_voll	indikation_beruf_voll	indikation_medizinisch_voll	indikation_pflegeheim_voll	dosen_dim_kumulativ	dosen_kbv_kumulativ	dosen_johnson_kumulativ	dosen_biontech_erst_kumulativ	dosen_biontech_zweit_kumulativ	dosen_moderna_erst_kumulativ	dosen_moderna_zweit_kumulativ	dosen_astrazeneca_erst_kumulativ	dosen_astrazeneca_zweit_kumulativ
2020-12-27	24100	24100	24086	14	24099	1	0	24086	14	0.000	0.000	10705	8657	1305	12604	10664	8590	1305	12536	41	67	0	68	24100	0	0	24085	14	1	0	0	0
2020-12-28	42658	18558	18520	38	42657	1	0	42606	52	0.001	0.000	18621	15788	1991	21344	18580	15721	1991	21276	41	67	0	68	42658	0	0	42605	52	1	0	0	0
2020-12-29	93513	50855	50134	721	93512	1	0	92740	773	0.001	0.000	34989	40734	3107	40508	34724	40420	3107	40099	265	314	0	409	93513	0	0	92739	773	1	0	0	0
2020-12-30	156539	63026	62904	122	156538	1	0	155644	895	0.002	0.000	55510	73365	4901	63206	55243	73050	4901	62794	267	315	0	412	156539	0	0	155643	895	1	0	0	0
2020-12-31	206744	50205	50056	149	206743	1	0	205700	1044	0.002	0.000	72831	96719	6752	83965	72517	96367	6752	83476	314	352	0	489	206744	0	0	205699	1044	1	0	0	0
2021-01-01	225678	18934	18927	7	225676	1	1	224627	1051	0.003	0.000	81208	105449	7830	92301	80894	105097	7830	91812	314	352	0	489	225678	0	0	224625	1051	1	0	1	0
2021-01-02	278226	52548	52264	284	278224	1	1	276891	1335	0.003	0.000	102774	129731	10350	113258	102365	129304	10350	112629	409	427	0	629	278226	0	0	276889	1335	1	0	1	0
2021-01-03	302124	23898	23893	5	302122	1	1	300784	1340	0.004	0.000	113044	140227	11284	123279	112635	139800	11284	122650	409	427	0	629	302124	0	0	300782	1340	1	0	1	0
2021-01-04	350300	48176	48125	51	350298	1	1	348909	1391	0.004	0.000	129646	164913	13951	139091	129237	164486	13951	138462	409	427	0	629	350300	0	0	348907	1391	1	0	1	0
2021-01-05	404067	53767	53739	28	404064	2	1	402648	1419	0.005	0.000	147987	192565	16489	157656	147576	192117	16489	157025	411	448	0	631	404067	0	0	402645	1419	2	0	1	0
2021-01-06	466736	62669	62661	8	466725	8	3	465309	1427	0.006	0.000	169498	225530	19910	180812	169086	225082	19910	180181	412	448	0	631	466736	0	0	465298	1427	8	0	3	0
2021-01-07	522820	56084	56075	9	522806	11	3	521384	1436	0.006	0.000	189172	254868	22957	197233	188758	254418	22957	196600	414	450	0	633	522820	0	0	521370	1436	11	0	3	0
2021-01-08	585873	63053	62730	323	585810	60	3	584114	1759	0.007	0.000	211521	287315	26324	218219	211009	286711	26320	217449	512	604	4	770	585873	0	0	584051	1759	60	0	3	0
2021-01-09	647313	61440	61393	47	647250	60	3	645507	1806	0.008	0.000	237322	313238	29007	243325	236798	312599	29003	242545	524	639	4	780	647313	0	0	645444	1806	60	0	3	0
2021-01-10	682826	35513	35504	9	682763	60	3	681011	1815	0.008	0.000	252455	327794	30379	256315	251929	327151	30375	255535	526	643	4	780	682826	0	0	680948	1815	60	0	3	0
2021-01-11	750424	67598	67546	52	750359	62	3	748557	1867	0.009	0.000	277513	359176	33587	276774	276967	358513	33583	275968	546	663	4	806	750424	0	0	748492	1867	62	0	3	0
2021-01-12	833154	82730	82670	60	833083	67	4	831227	1927	0.010	0.000	305695	401338	36582	301731	305147	400670	36578	300888	548	668	4	843	833154	0	0	831156	1927	67	0	4	0
2021-01-13	945024	111870	111673	197	944155	865	4	942900	2124	0.011	0.000	345167	458844	40485	337339	344574	458093	40466	336399	593	751	19	940	945024	0	0	942031	2124	865	0	4	0
2021-01-14	1028176	83152	82967	185	1022681	5491	4	1025867	2309	0.012	0.000	374803	501101	42769	361463	374094	500254	42750	360452	709	847	19	1011	1028176	0	0	1020416	2265	5447	44	4	0
2021-01-15	1119743	91567	90958	609	1108782	10952	9	1116825	2918	0.013	0.000	408725	545673	46728	389202	407810	544625	46700	387982	915	1048	28	1220	1119743	0	0	1105908	2874	10908	44	9	0
2021-01-16	1177360	57617	56711	906	1164618	12733	9	1173536	3824	0.014	0.000	432983	570627	48859	408798	431664	569232	48767	407047	1319	1395	92	1751	1177360	0	0	1160838	3780	12689	44	9	0
2021-01-17	1226399	49039	31675	17364	1212351	14038	10	1205211	21188	0.014	0.000	453449	591002	50884	428544	444215	583354	50014	417145	9234	7648	870	11399	1226399	0	0	1191207	21144	13994	44	10	0
2021-01-18	1309035	82636	66864	15772	1290952	18072	11	1272075	36960	0.015	0.000	482728	633883	53106	448900	467235	619730	51700	430238	15493	14153	1406	18662	1309035	0	0	1254037	36915	18027	45	11	0
2021-01-19	1426861	117826	82859	34967	1405258	21578	25	1354934	71927	0.016	0.001	519765	695968	56714	479843	492669	666683	54375	447938	27096	29285	2339	31905	1426861	0	0	1333381	71877	21528	50	25	0
2021-01-20	1559071	132210	80618	51592	1534701	24342	28	1435552	123519	0.017	0.001	568076	760039	60957	522078	522876	706310	57505	469463	45200	53729	3452	52615	1559071	0	0	1411232	123469	24292	50	28	0
2021-01-21	1666908	107837	65927	41910	1639803	27077	28	1501479	165429	0.018	0.002	610150	808503	65406	556195	549621	735602	60889	487988	60529	72901	4517	68207	1666908	0	0	1474425	165378	27026	51	28	0
2021-01-22	1771005	104097	68539	35558	1741785	29181	39	1570018	200987	0.019	0.002	654049	853889	69013	590642	579902	764987	63599	506975	74147	88902	5414	83667	1771005	0	0	1540851	200934	29128	53	39	0
2021-01-23	1856014	85009	40044	44965	1826410	29564	40	1610062	245952	0.019	0.003	691767	890989	72414	617916	599855	780966	64783	516268	91912	110023	7631	101648	1856014	0	0	1580511	245899	29511	53	40	0
2021-01-24	1905245	49231	26084	23147	1875393	29808	44	1636146	269099	0.020	0.003	715655	910067	73331	632982	614016	789814	65130	521524	101639	120253	8201	111458	1905245	0	0	1606347	269046	29755	53	44	0
2021-01-25	1997044	91799	53113	38686	1965459	31539	46	1689259	307785	0.020	0.004	756375	951632	76827	658117	642321	811974	66847	534304	114054	139658	9980	123813	1997044	0	0	1657727	307732	31486	53	46	0
2021-01-26	2095724	98680	50245	48435	2062480	33192	52	1739504	356220	0.021	0.004	796572	997196	80614	684405	667753	831436	68195	545278	128819	165760	12419	139127	2095724	0	0	1706317	356163	33135	57	52	0
2021-01-27	2206878	111154	51514	59640	2171670	35148	60	1791018	415860	0.022	0.005	839834	1049509	85786	715259	691463	852265	70042	556304	148371	197244	15744	158955	2206878	0	0	1755877	415793	35081	67	60	0
2021-01-28	2298105	91227	45126	46101	2261258	36784	63	1836144	461961	0.022	0.006	877990	1090332	89974	739697	713483	869115	71590	567469	164507	221217	18384	172228	2298105	0	0	1799382	461876	36699	85	63	0
2021-01-29	2407220	109115	51469	57646	2368962	38189	69	1887613	519607	0.023	0.006	920894	1138243	95507	769100	735839	888487	73819	578309	185055	249756	21688	190791	2407220	0	0	1849440	519522	38104	85	69	0
2021-01-30	2495743	88523	36361	52162	2456610	39063	70	1923974	571769	0.023	0.007	957412	1174692	99468	796433	752473	901967	75224	586328	204939	272725	24244	210105	2495743	0	0	1884927	571683	38977	86	70	0
2021-01-31	2552256	56513	25982	30531	2512745	39440	71	1949956	602300	0.023	0.007	982865	1196922	101575	812430	766590	910861	76411	592657	216275	286061	25164	219773	2552256	0	0	1910540	602205	39346	94	70	1
2021-02-01	2672902	120646	59155	61491	2631126	41649	127	2009111	663791	0.024	0.008	1026174	1260299	105285	839830	787193	944041	78273	602425	238981	316258	27012	237405	2672902	0	0	1967430	663696	41555	94	126	1
2021-02-02	2804662	131760	64211	67549	2760006	44516	140	2073322	731340	0.025	0.009	1069633	1330364	110479	870030	806216	982089	80866	611659	263417	348275	29613	258371	2804662	0	0	2028762	731244	44421	95	139	1
2021-02-03	2964365	159703	64240	95463	2913299	50903	163	2137562	826803	0.026	0.010	1128983	1407775	116405	912544	829819	1014401	83062	623312	299164	393374	33343	289232	2964365	0	0	2086594	826705	50806	97	162	1
2021-02-04	3096141	131776	61080	70696	3039199	56773	169	2198642	897499	0.026	0.011	1177986	1472437	120972	943857	851937	1046473	85311	632945	326049	425964	35661	310912	3096141	0	0	2141800	897399	56674	99	168	1
2021-02-05	3240972	144831	67696	77135	3177627	63168	177	2266338	974634	0.027	0.012	1232524	1542580	126293	977786	877231	1080338	86905	644262	355293	462242	39388	333524	3240972	0	0	2203094	974533	63069	99	175	2
2021-02-06	3341179	100207	47191	53016	3275306	65695	178	2313529	1027650	0.028	0.012	1272514	1588658	130853	1003590	896490	1101898	88782	653957	376024	486760	42071	349633	3341179	0	0	2247757	1027549	65596	99	176	2
2021-02-07	3395454	54275	28178	26097	3327182	68092	180	2341707	1053747	0.028	0.013	1298155	1609930	133571	1016823	910800	1112720	90015	659435	387355	497210	43556	357388	3395454	0	0	2273537	1053645	67992	100	178	2
2021-02-08	3505407	109953	53165	56788	3433138	72064	205	2394872	1110535	0.029	0.013	1350672	1655734	137545	1035599	942269	1129343	91902	666781	408403	526391	45643	368818	3505407	0	0	2322706	1110432	71963	101	203	2
2021-02-09	3639332	133925	59702	74223	3563015	75998	319	2454574	1184758	0.030	0.014	1411842	1714380	141993	1058512	978151	1147503	94639	674792	433691	566877	47354	383720	3639332	0	0	2378851	1184164	75406	592	317	2
2021-02-10	3791244	151912	75166	76746	3703877	80010	7357	2529740	1261504	0.030	0.015	1478760	1781046	146001	1087933	1017461	1175177	96286	685176	461299	605869	49715	402757	3791244	0	0	2443915	1259962	78470	1540	7355	2
2021-02-11	3932429	141185	73831	67354	3822473	87156	22798	2603573	1328858	0.031	0.016	1539776	1848576	151475	1113070	1052428	1208053	98713	694775	487348	640523	52762	418295	3932429	0	2	2498019	1324454	82762	4394	22790	8
2021-02-12	4089946	157517	81414	76103	3955745	96975	37222	2684989	1404961	0.032	0.017	1611268	1919253	157751	1138545	1094198	1240389	101429	704318	517070	678864	56322	434227	4089946	0	4	2560204	1395541	87569	9406	37212	10
2021-02-13	4197700	107754	62177	45577	4047431	100162	50102	2747167	1450538	0.033	0.017	1667599	1960972	162355	1156080	1129093	1262877	103231	711418	538506	698095	59124	444662	4197700	0	5	2607861	1439570	89217	10945	50084	18
2021-02-14	4262987	65287	40019	25268	4103015	102607	57359	2787187	1475806	0.034	0.018	1706122	1983696	163973	1164146	1153761	1276081	104081	714928	552361	707615	59892	449218	4262987	0	6	2639402	1463613	90459	12148	57320	39
2021-02-15	4389862	126875	71243	55632	4210107	107577	72171	2858431	1531438	0.034	0.018	1773591	2031897	168008	1183418	1194859	1300739	106358	721524	578732	731158	61650	461894	4389862	0	7	2693650	1516457	92653	14924	72121	50
2021-02-16	4526539	136677	82042	54635	4317356	113353	95822	2940474	1586073	0.035	0.019	1839625	2089928	170683	1200400	1236633	1336138	107879	728440	602992	753790	62804	471960	4526539	0	8	2749391	1567965	95311	18042	95764	58
2021-02-17	4675855	149316	93578	55738	4439150	121138	115558	3034053	1641811	0.036	0.020	1920033	2147919	175770	1221928	1292995	1368705	110873	736858	627038	779214	64897	485070	4675855	0	9	2818554	1620596	99995	21143	115495	63
2021-02-18	4818596	142741	91483	51258	4550205	129113	139268	3125537	1693069	0.038	0.020	1995907	2206102	179208	1240945	1345328	1403985	112659	744258	650579	802117	66549	496687	4818596	0	10	2881838	1668367	104488	24625	139201	67
2021-02-19	4973261	154665	99854	54811	4669471	139072	164707	3225392	1747880	0.039	0.021	2076668	2266444	184080	1258305	1402958	1440066	115287	750941	673710	826378	68793	507364	4973261	0	11	2949354	1720117	111394	27678	164633	74
2021-02-20	5086706	113445	76324	37121	4756730	143599	186365	3301717	1785001	0.040	0.021	2138268	2310157	187738	1272296	1445964	1469322	117533	755178	692304	840835	70205	517118	5086706	0	12	3000030	1756700	115393	28206	186282	83
2021-02-21	5172858	86152	57042	29110	4824356	146827	201662	3358760	1814111	0.040	0.022	2187054	2340674	190304	1282667	1479917	1489494	118664	757407	707137	851180	71640	525260	5172858	0	13	3038709	1785647	118462	28365	201576	86
2021-02-22	5333245	160387	100266	60121	4950511	155941	226779	3459027	1874232	0.042	0.023	2266701	2410287	195201	1300517	1538362	1525084	121627	763642	728339	885203	73574	536875	5333245	0	14	3106579	1843932	125753	30188	226681	98
2021-02-23	5500415	167170	107409	59761	5083035	163099	254266	3566437	1933993	0.043	0.023	2346910	2483166	200501	1318387	1598211	1563793	124757	771284	748699	919373	75744	547103	5500415	0	15	3181012	1902023	131250	31849	254160	106
2021-02-24	5676427	176012	116423	59589	5215887	170875	289649	3682861	1993582	0.044	0.024	2431789	2557990	207079	1337422	1660503	1608669	128907	778912	771286	949321	78172	558510	5676427	0	16	3255975	1959912	137338	33537	289532	117
2021-02-25	5865851	189424	130905	58519	5347108	177578	341149	3813766	2052101	0.046	0.025	2514175	2648479	213515	1355541	1722988	1667176	133470	787131	791187	981303	80045	568410	5865851	0	16	3330138	2016970	142589	34989	341023	126
2021-02-26	6075803	209952	144524	65428	5487427	186413	401947	3958290	2117529	0.048	0.025	2602819	2749814	220591	1375230	1787946	1735795	138593	794627	814873	1014019	81998	580603	6075803	0	16	3406689	2080738	149786	36627	401799	148
2021-02-27	6224435	148632	108600	40032	5580261	190615	453543	4066890	2157561	0.049	0.026	2666475	2822116	227301	1388101	1833818	1790224	143432	799030	832657	1031892	83869	589071	6224435	0	16	3460261	2120000	153224	37391	453389	154
2021-02-28	6332490	108055	83766	24289	5642659	194566	495249	4150656	2181850	0.050	0.026	2714700	2875405	231582	1394762	1868893	1834535	146785	801170	845807	1040870	84797	593592	6332490	0	16	3498732	2143927	156823	37743	495085	164
2021-03-01	6528348	195858	146497	49361	5771306	203975	553051	4297153	2231211	0.052	0.027	2817221	2953369	239381	1408021	1943445	1896228	153263	806209	873776	1057141	86118	601812	6528348	0	16	3580054	2191252	164209	39766	552874	177
2021-03-02	6748488	220140	166451	53689	5911925	214141	622406	4463604	2284900	0.054	0.027	2927307	3047588	248982	1422628	2022735	1971725	160632	812692	904572	1075863	88350	609936	6748488	0	16	3669810	2242115	171561	42580	622217	189
2021-03-03	6992309	243821	174765	69056	6068844	227984	695465	4638369	2353956	0.056	0.028	3047976	3148969	260606	1439862	2105531	2048823	170041	819606	942445	1100146	90565	620256	6992309	0	16	3763171	2305673	179977	48007	695205	260
2021-03-04	7235869	243560	180876	62684	6211257	242039	782557	4819245	2416640	0.058	0.029	3159240	3258741	272992	1455625	2181653	2136963	180034	825002	977587	1121778	92958	630623	7235869	0	16	3848150	2363107	188831	53208	782248	309
2021-03-05	7505073	269204	201794	67410	6358532	255369	891156	5021039	2484050	0.060	0.030	3277185	3383782	287941	1471072	2258903	2242620	191990	830697	1018282	1141162	95951	640375	7505073	0	16	3933891	2424641	196324	59045	890808	348
2021-03-06	7707566	202493	153207	49286	6469309	263960	974281	5174246	2533336	0.062	0.030	3366696	3478463	298371	1480590	2314602	2325555	200824	833966	1052094	1152908	97547	646624	7707566	0	16	3997598	2471711	202720	61240	973912	369
2021-03-07	7857940	150374	115918	34456	6551793	270688	1035443	5290164	2567792	0.064	0.031	3437978	3544531	306478	1486155	2360956	2383880	208082	835928	1077022	1160651	98396	650227	7857940	0	16	4047981	2503812	207108	63580	1035059	384
2021-03-08	8097196	239256	186747	52509	6687533	281695	1127952	5476911	2620301	0.066	0.032	3556806	3640371	322827	1498475	2442587	2468035	222757	841890	1114219	1172336	100070	656585	8097196	0	16	4134587	2552946	214771	66924	1127537	415
2021-03-09	8347711	250515	195768	54747	6827679	294552	1225464	5672679	2675048	0.068	0.032	3677710	3742787	340236	1512022	2524321	2558568	238262	848791	1153389	1184219	101974	663231	8347711	0	16	4223397	2604282	224269	70283	1224997	467
2021-03-10	8631620	283909	218221	65688	6985338	306005	1340261	5890900	2740736	0.071	0.033	3808598	3856306	360962	1530389	2606688	2661880	256906	860000	1201910	1194426	104056	670389	8630649	971	16	4318525	2666813	232621	73384	1339738	523
2021-03-11	8913571	281951	221057	60894	7134467	319231	1459857	6111957	2801630	0.073	0.034	3937470	3976178	382106	1544008	2689957	2769533	276555	867677	1247513	1206645	105551	676331	8911945	1626	16	4411053	2723414	241605	77626	1459283	574
2021-03-12	9238003	324432	252772	71660	7287396	336803	1613788	6364729	2873290	0.077	0.035	4071484	4127850	404783	1559463	2770420	2906954	297406	877132	1301064	1220896	107377	682331	9236167	1836	16	4497327	2790069	254448	82355	1612938	850
2021-03-13	9484598	246595	197157	49438	7402099	346551	1735932	6561886	2922728	0.079	0.035	4181046	4240796	425293	1567511	2840453	3011727	316755	881879	1340593	1229069	108538	685632	9482606	1992	16	4564005	2838094	262830	83721	1735035	897
2021-03-14	9655808	171210	135221	35989	7491613	351698	1812481	6697107	2958717	0.081	0.036	4266043	4307307	441408	1570975	2896461	3072888	331859	883676	1369582	1234419	109549	687299	9653806	2002	16	4618517	2873096	267006	84692	1811568	913
2021-03-15	9904141	248333	189445	58888	7644045	364113	1895967	6886552	3017605	0.083	0.036	4400463	4391447	461474	1582289	2984151	3147219	350790	890548	1416312	1244228	110684	691741	9901856	2285	16	4713764	2930281	277794	86319	1894978	989
2021-03-16	10083316	179175	112154	67021	7810185	375223	1897892	6998706	3084626	0.084	0.037	4527474	4426082	473886	1593025	3059300	3169255	361553	895647	1468174	1256827	112333	697378	10080484	2832	16	4815222	2994963	286567	88656	1896901	991
2021-03-17	10288559	205243	125759	79484	7995973	393259	1899311	7124465	3164110	0.086	0.038	4672447	4463838	487350	1605072	3141952	3193652	373040	902175	1530495	1270186	114310	702897	10285110	3449	16	4926290	3069683	299843	93416	1898316	995
2021-03-18	10483271	194712	119369	75343	8170880	411487	1900888	7243834	3239453	0.087	0.039	4812398	4498757	499905	1615322	3222615	3215628	383588	907340	1589783	1283129	116317	707982	10479399	3872	16	5030926	3139954	313001	98486	1899891	997
2021-03-19	10727257	243986	161149	82837	8355531	432082	1939628	7404983	3322290	0.089	0.040	4961948	4563922	518114	1627194	3306761	3267408	399605	914537	1655187	1296514	118509	712657	10722854	4403	16	5139478	3216053	326938	105144	1938551	1077
2021-03-20	10947533	220276	166396	53880	8492056	447409	2008052	7571379	3376170	0.091	0.041	5078536	4641917	537715	1633319	3379545	3337212	417708	917920	1698991	1304705	120007	715399	10942806	4727	16	5225856	3266200	338572	108837	2006935	1117
2021-03-21	11113631	166098	127336	38762	8596691	456628	2060296	7698715	3414932	0.093	0.041	5171749	4694283	554274	1635819	3440184	3384099	433219	919244	1731565	1310184	121055	716575	11108904	4727	16	5294751	3301940	344794	111834	2059154	1142
2021-03-22	11379848	266217	190061	76156	8762394	480298	2137140	7888776	3491088	0.095	0.042	5329624	4766248	576579	1645397	3534739	3445389	453483	925279	1794885	1320859	123096	720118	11373593	6255	16	5391906	3370488	360922	119376	2135932	1208
2021-03-23	11677966	298118	214621	83497	8942724	500567	2234659	8103397	3574585	0.097	0.043	5490190	4854892	604288	1656865	3629814	3521119	478432	932910	1860376	1333773	125856	723955	11666723	11243	16	5493845	3448879	376168	124399	2233368	1291
2021-03-24	12012120	334154	245992	88162	9139964	533771	2338369	8349389	3662747	0.100	0.044	5664852	4952071	635971	1672375	3732242	3605792	507202	944863	1932610	1346279	128769	727512	11995085	17035	16	5608364	3531600	404004	129767	2337005	1364
2021-03-25	12349745	337625	257633	79992	9328442	561121	2460166	8607022	3742739	0.103	0.045	5830941	5060081	670798	1683452	3832663	3703768	539527	951994	1998278	1356313	131271	731458	12326765	22980	16	5722564	3605878	425728	135393	2458714	1452
2021-03-26	12724700	374955	286315	88640	9530313	597543	2596828	8893337	3831379	0.107	0.046	6003833	5184282	710463	1698535	3933360	3816071	576057	962322	2070473	1368211	134406	736213	12695406	29294	16	5842406	3687907	455637	141906	2595278	1550
2021-03-27	13011570	286870	223694	63176	9682304	624946	2704304	9117031	3894555	0.110	0.047	6147056	5279869	744190	1703356	4023632	3903670	607441	965464	2123424	1376199	136749	737892	12979926	31644	16	5934630	3747674	479697	145249	2702688	1616
2021-03-28	13208488	196918	144183	52735	9800035	643472	2764963	9261216	3947290	0.111	0.047	6253046	5333384	768116	1706823	4085867	3950861	629648	967502	2167179	1382523	138468	739321	13176653	31835	18	6002950	3797085	494948	148524	2763300	1663
2021-03-29	13517382	308894	219869	89025	9987898	669518	2859948	9481085	4036315	0.114	0.049	6418833	5404751	806706	1716518	4180272	4010842	665103	973637	2238561	1393909	141603	742881	13479599	37783	18	6109139	3878759	513697	155821	2858231	1717
2021-03-30	13846022	328640	235298	93342	10203889	695878	2946237	9716383	4129657	0.117	0.050	6591913	5474211	853024	1727240	4280843	4069380	706095	981320	2311070	1404831	146929	745920	13796103	49919	18	6239374	3964515	532536	163342	2944455	1782
2021-03-31	14187680	341658	238565	103093	10453482	734228	2999952	9954948	4232750	0.120	0.051	6774517	5538855	899988	1738789	4384637	4121392	747318	988525	2389880	1417463	152670	750264	14121446	66234	18	6394780	4058702	562014	172214	2998136	1816
2021-04-01	14511869	324189	231790	92399	10689687	766889	3055275	10186738	4325149	0.122	0.052	6936269	5606629	944397	1747554	4476928	4175958	787230	994147	2459341	1430671	157167	753407	14425556	86313	18	6547216	4142471	586087	180802	3053417	1858
2021-04-02	14741932	230063	158492	71571	10871197	783550	3087167	10345230	4396720	0.124	0.053	7067172	5654574	981393	1749910	4552089	4213818	820223	995356	2515083	1440756	161170	754554	14654095	87837	18	6662642	4208555	597283	186267	3085287	1880
2021-04-03	14974022	232090	166085	66005	11044864	800751	3128389	10511315	4462725	0.126	0.054	7198861	5698683	1018737	1753036	4633025	4248782	853330	997097	2565836	1449901	165407	755939	14884786	89236	18	6775688	4269176	609133	191618	3126476	1913
2021-04-04	15170194	196172	142664	53508	11180270	811882	3178024	10653979	4516233	0.128	0.054	7309766	5731715	1048001	1754173	4704262	4274251	879171	997551	2605504	1457464	168830	756622	15080822	89372	18	6861824	4318446	616067	195815	3176070	1954
2021-04-05	15419929	249735	176364	73371	11348676	829808	3241427	10830343	4589604	0.130	0.055	7456036	5770066	1081529	1756372	4794323	4302940	907924	998846	2661713	1467126	173605	757526	15329247	90682	18	6962168	4386508	628720	201088	3239437	1990
2021-04-06	15798655	378726	279690	99036	11606925	863106	3328606	11110033	4688640	0.134	0.056	7644926	5826686	1124640	1761928	4910112	4346229	944820	1001588	2734814	1480457	179820	760340	15671346	127309	18	7130195	4476730	653282	209824	3326538	2068
2021-04-07	16477108	678453	581409	97044	12149482	899309	3428299	11691442	4785684	0.141	0.058	7644926	5826686	1124640	1761928	4910112	4346229	944820	1001588	2734814	1480457	179820	760340	16044135	432973	18	7583999	4565483	681285	218024	3426140	2159
2021-04-08	17210373	733265	643591	89674	12723263	934647	3552445	12335033	4875358	0.148	0.059	7644926	5826686	1124640	1761928	4910112	4346229	944820	1001588	2734814	1480457	179820	760340	16452522	757851	18	8077232	4646031	707565	227082	3550218	2227
2021-04-09	17833799	623426	535000	88426	13210668	970313	3652800	12870033	4963784	0.155	0.060	7644926	5826686	1124640	1761928	4910112	4346229	944820	1001588	2734814	1480457	179820	760340	16836445	997354	18	8487493	4723175	732045	238268	3650477	2323
2021-04-10	18202412	368613	303103	65510	13456607	993476	3752311	13173136	5029294	0.158	0.060	7644926	5826686	1124640	1761928	4910112	4346229	944820	1001588	2734814	1480457	179820	760340	17172012	1030400	18	8675630	4780977	747575	245901	3749913	2398
2021-04-11	18463159	260747	210728	50019	13624571	1011532	3827038	13383864	5079313	0.161	0.061	7644926	5826686	1124640	1761928	4910112	4346229	944820	1001588	2734814	1480457	179820	760340	17427680	1035479	18	8797330	4827241	761926	249606	3824590	2448
2021-04-12	18879662	416503	339607	76896	13904083	1040533	3935028	13723471	5156209	0.165	0.062	7644926	5826686	1124640	1761928	4910112	4346229	944820	1001588	2734814	1480457	179820	760340	17795676	1083986	18	9008733	4895350	782213	258320	3932507	2521
2021-04-13	19451623	571961	498493	73468	14333691	1067338	4050576	14221964	5229677	0.171	0.063	7644926	5826686	1124640	1761928	4910112	4346229	944820	1001588	2734814	1480457	179820	760340	18171507	1280116	18	9370552	4963139	803529	263809	4047865	2711
2021-04-14	20226443	774820	691353	83467	14951418	1101023	4173984	14913317	5313144	0.179	0.064	7644926	5826686	1124640	1761928	4910112	4346229	944820	1001588	2734814	1480457	179820	760340	18572530	1653913	18	9914027	5037391	828563	272460	4170709	3275
2021-04-15	20906887	680444	609614	70830	15484815	1137501	4284553	15522931	5383974	0.187	0.065	7644926	5826686	1124640	1761928	4910112	4346229	944820	1001588	2734814	1480457	179820	760340	18957345	1949542	18	10386401	5098414	856191	281310	4280321	4232
2021-04-16	21500946	594059	518706	75353	15922184	1169018	4409726	16041637	5459327	0.193	0.066	7644926	5826686	1124640	1761928	4910112	4346229	944820	1001588	2734814	1480457	179820	760340	19356565	2144381	18	10758126	5164058	878841	290177	4404652	5074
2021-04-17	21863717	362771	306247	56524	16146156	1191200	4526343	16347884	5515851	0.197	0.066	7644926	5826686	1124640	1761928	4910112	4346229	944820	1001588	2734814	1480457	179820	760340	19697532	2166185	18	10934153	5212003	893912	297288	4519801	6542
2021-04-18	22130166	266449	227250	39199	16317801	1205617	4606730	16575134	5555050	0.199	0.067	7644926	5826686	1124640	1761928	4910112	4346229	944820	1001588	2734814	1480457	179820	760340	19959370	2170796	18	11071556	5246245	904470	301147	4599090	7640
2021-04-19	22529785	399619	338792	60827	16607852	1237526	4684388	16913927	5615877	0.203	0.068	7644926	5826686	1124640	1761928	4910112	4346229	944820	1001588	2734814	1480457	179820	760340	20314658	2215127	19	11309864	5297988	928557	308969	4675487	8901
2021-04-20	23085854	556069	494166	61903	16986476	1275703	4823656	17408093	5677780	0.209	0.068	7644926	5826686	1124640	1761928	4910112	4346229	944820	1001588	2734814	1480457	179820	760340	20676276	2409578	19	11635141	5351335	960190	315513	4812743	10913
2021-04-21	23800299	714445	642530	71915	17436386	1315684	5048210	18050623	5749695	0.217	0.069	7644926	5826686	1124640	1761928	4910112	4346229	944820	1001588	2734814	1480457	179820	760340	21051573	2748726	19	12023471	5412915	992302	323382	5034831	13379
2021-04-22	24435079	634780	568428	66352	17816934	1357432	5260694	18619051	5816047	0.224	0.070	7644926	5826686	1124640	1761928	4910112	4346229	944820	1001588	2734814	1480457	179820	760340	21419094	3015985	19	12348802	5468132	1026516	330916	5243714	16980
2021-04-23	24986568	551489	483788	67701	18167388	1400291	5418861	19102848	5883748	0.230	0.071	7644926	5826686	1124640	1761928	4910112	4346229	944820	1001588	2734814	1480457	179820	760340	21802388	3184180	28	12645181	5522207	1059349	340942	5398290	20571
2021-04-24	25355895	369327	309494	59833	18406220	1449937	5499710	19412342	5943581	0.233	0.071	7644926	5826686	1124640	1761928	4910112	4346229	944820	1001588	2734814	1480457	179820	760340	22154804	3201091	28	12842091	5564129	1093519	356418	5476704	23006
2021-04-25	25639257	283362	235594	47768	18593955	1483837	5561437	19647936	5991349	0.236	0.072	7644926	5826686	1124640	1761928	4910112	4346229	944820	1001588	2734814	1480457	179820	760340	22432352	3206905	28	12993695	5600260	1117672	366165	5536541	24896
2021-04-26	26067627	428370	355101	73269	18909625	1525083	5632810	20003118	6064618	0.241	0.073	7644926	5826686	1124640	1761928	4910112	4346229	944820	1001588	2734814	1480457	179820	760340	22774130	3293497	109	13248611	5661014	1150351	374732	5604047	28763
2021-04-27	26851953	784326	693838	90488	19585679	1576541	5689163	20697417	6155106	0.249	0.074	7644926	5826686	1124640	1761928	4910112	4346229	944820	1001588	2734814	1480457	179820	760340	23143576	3708377	570	13848307	5737372	1192640	383901	5655900	33263
2021-04-28	27973180	1121227	993951	127276	20593738	1635575	5742569	21692096	6282382	0.261	0.076	7644926	5826686	1124640	1761928	4910112	4346229	944820	1001588	2734814	1480457	179820	760340	23535720	4437460	1298	14747382	5846356	1239304	396271	5704112	38457
2021-04-29	28914717	941537	808756	132781	21415809	1697574	5799150	22501738	6415163	0.271	0.077	7644926	5826686	1124640	1761928	4910112	4346229	944820	1001588	2734814	1480457	179820	760340	23919189	4995528	2184	15457435	5958374	1289297	408277	5752822	46328
2021-04-30	29715036	800319	662624	137695	22092149	1754126	5865746	23165193	6552858	0.279	0.079	7644926	5826686	1124640	1761928	4910112	4346229	944820	1001588	2734814	1480457	179820	760340	24319662	5395374	3015	16021349	6070800	1330850	423276	5809979	55767
2021-05-01	30050528	335492	259167	76325	22344623	1794693	5905627	23426930	6629183	0.282	0.080	7644926	5826686	1124640	1761928	4910112	4346229	944820	1001588	2734814	1480457	179820	760340	24630504	5420024	5585	16212444	6132179	1365108	429585	5843793	61834
2021-05-02	30313889	263361	195439	67922	22539754	1831914	5934834	23624171	6697105	0.284	0.081	7644926	5826686	1124640	1761928	4910112	4346229	944820	1001588	2734814	1480457	179820	760340	24886210	5427679	7387	16351502	6188252	1396984	434930	5868298	66536
2021-05-03	30764547	450658	334835	115823	22856269	1901832	5997573	23960492	6812928	0.288	0.082	7644926	5826686	1124640	1761928	4910112	4346229	944820	1001588	2734814	1480457	179820	760340	25243008	5521539	8873	16577263	6279006	1453962	447870	5920394	77179
2021-05-04	31606121	841574	679544	162030	23481637	1964700	6148167	24642780	6974958	0.296	0.084	7644926	5826686	1124640	1761928	4910112	4346229	944820	1001588	2734814	1480457	179820	760340	25617330	5988791	11617	17070564	6411073	1503457	461243	6057142	91025
2021-05-05	32742207	1136086	909614	226472	24324650	2042472	6359788	25556074	7201430	0.307	0.087	7644926	5826686	1124640	1761928	4910112	4346229	944820	1001588	2734814	1480457	179820	760340	26027452	6714755	15297	17732493	6592157	1556172	486300	6252112	107676
2021-05-06	33721873	979666	761605	218061	25010339	2132708	6560001	26321207	7419491	0.316	0.089	7644926	5826686	1124640	1761928	4910112	4346229	944820	1001588	2734814	1480457	179820	760340	26432007	7289866	18825	18243989	6766350	1625235	507473	6433158	126843
2021-05-07	34599402	877529	646655	230874	25589288	2216967	6770901	26971283	7650365	0.324	0.092	7644926	5826686	1124640	1761928	4910112	4346229	944820	1001588	2734814	1480457	179820	760340	26865520	7733882	22246	18653626	6935662	1679675	537292	6615736	155165
2021-05-08	35024674	425272	271402	153870	25856634	2288085	6856004	27244390	7804235	0.328	0.094	7644926	5826686	1124640	1761928	4910112	4346229	944820	1001588	2734814	1480457	179820	760340	27230301	7794373	23951	18808419	7048215	1730972	557113	6681048	174956
2021-05-09	35311594	286920	183506	103414	26051156	2344175	6891245	27428963	7907649	0.330	0.095	7644926	5826686	1124640	1761928	4910112	4346229	944820	1001588	2734814	1480457	179820	760340	27506186	7805408	25018	18922985	7128171	1776076	568099	6704884	186361
2021-05-10	35895774	584180	392600	191580	26422800	2422958	7021305	27825256	8099229	0.335	0.097	7644926	5826686	1124640	1761928	4910112	4346229	944820	1001588	2734814	1480457	179820	760340	27901468	7994306	28711	19152729	7270071	1834135	588823	6809681	211624
2021-05-11	36973446	1077672	794506	283166	27243150	2501517	7197019	28622811	8382395	0.344	0.101	7644926	5826686	1124640	1761928	4910112	4346229	944820	1001588	2734814	1480457	179820	760340	28325445	8648001	31760	19744002	7499148	1890150	611367	6956899	240120
2021-05-12	38377999	1404553	1043391	361162	28331542	2588159	7421758	29670982	8743557	0.357	0.105	7644926	5826686	1124640	1761928	4910112	4346229	944820	1001588	2734814	1480457	179820	760340	28774015	9603984	36540	20538277	7793265	1947847	640312	7148318	273440
2021-05-13	38802161	424162	266026	158136	28642418	2654877	7466173	29939161	8901693	0.360	0.107	7644926	5826686	1124640	1761928	4910112	4346229	944820	1001588	2734814	1480457	179820	760340	29124698	9677463	38693	20723648	7918770	1999076	655801	7177744	288429
2021-05-14	39554861	752700	523993	228707	29185819	2718691	7604420	30470392	9130400	0.366	0.110	7644926	5826686	1124640	1761928	4910112	4346229	944820	1001588	2734814	1480457	179820	760340	29526061	10028800	45931	21087577	8098242	2047578	671113	7289306	315114
2021-05-15	39952186	397325	232978	164347	29463317	2778150	7660581	30707577	9294747	0.369	0.112	7644926	5826686	1124640	1761928	4910112	4346229	944820	1001588	2734814	1480457	179820	760340	29875720	10076466	50138	21243635	8219682	2090612	687538	7323192	337389
2021-05-16	40233284	281098	159602	121496	29662467	2830680	7685343	30871835	9416243	0.371	0.113	7644926	5826686	1124640	1761928	4910112	4346229	944820	1001588	2734814	1480457	179820	760340	30140813	10092471	54794	21349301	8313166	2133226	697454	7334514	350829
2021-05-17	40783197	549913	346783	203130	29999979	2912730	7805379	31228933	9619373	0.375	0.116	7644926	5826686	1124640	1761928	4910112	4346229	944820	1001588	2734814	1480457	179820	760340	30521408	10261789	65109	21542211	8457768	2191551	721179	7430062	375317
2021-05-18	41654077	870880	516673	354207	30591314	3014110	7976118	31753032	9973580	0.382	0.120	7644926	5826686	1124640	1761928	4910112	4346229	944820	1001588	2734814	1480457	179820	760340	30937284	10716793	72535	21840539	8750775	2264695	749415	7575263	400855
2021-05-19	42747174	1093097	562405	530692	31395383	3111382	8156241	32327070	10504272	0.389	0.126	7644926	5826686	1124640	1761928	4910112	4346229	944820	1001588	2734814	1480457	179820	760340	31350603	11396571	84168	22184727	9210656	2329660	781722	7728515	427726
2021-05-20	43683674	936500	453016	483484	32072848	3205844	8310351	32790549	10987756	0.394	0.132	7644926	5826686	1124640	1761928	4910112	4346229	944820	1001588	2734814	1480457	179820	760340	31756160	11927514	94631	22444908	9627940	2393575	812269	7857435	452916
2021-05-21	44519702	836028	403510	432518	32661828	3287939	8464796	33204567	11420274	0.399	0.137	7644926	5826686	1124640	1761928	4910112	4346229	944820	1001588	2734814	1480457	179820	760340	32169468	12350234	105139	22667076	9994752	2448272	839667	7984080	480716
2021-05-22	44992965	473263	216479	256784	32968148	3358200	8547080	33435444	11677058	0.402	0.140	7644926	5826686	1124640	1761928	4910112	4346229	944820	1001588	2734814	1480457	179820	760340	32513801	12479164	119537	22768318	10199830	2496435	861765	8051154	495926
2021-05-23	45278312	285347	126924	158423	33161740	3417548	8569991	33571864	11835481	0.404	0.142	7644926	5826686	1124640	1761928	4910112	4346229	944820	1001588	2734814	1480457	179820	760340	32781027	12497285	129033	22836249	10325491	2540832	876716	8065750	504241
2021-05-24	45601490	323178	143334	179844	33396307	3477568	8591211	33722569	12015325	0.405	0.144	7644926	5826686	1124640	1761928	4910112	4346229	944820	1001588	2734814	1480457	179820	760340	33088680	12512810	136404	22921608	10474699	2586159	891409	8078398	512813
2021-05-25	46245519	644029	271164	372865	33837770	3555475	8692811	34016792	12388190	0.409	0.149	7644926	5826686	1124640	1761928	4910112	4346229	944820	1001588	2734814	1480457	179820	760340	33473766	12771753	159463	23063006	10774764	2637340	918135	8156983	535828
2021-05-26	47391752	1146233	460615	685618	34701950	3631432	8822418	34553896	13073808	0.415	0.157	7644926	5826686	1124640	1761928	4910112	4346229	944820	1001588	2734814	1480457	179820	760340	33856584	13535168	235952	23372118	11329832	2687499	943933	8258327	564091
2021-05-27	48385907	994155	393480	600675	35413937	3709455	8949043	35024896	13674483	0.421	0.164	7644926	5826686	1124640	1761928	4910112	4346229	944820	1001588	2734814	1480457	179820	760340	34228902	14157005	313472	23624702	11789235	2733847	975608	8352875	596168
