date	dosen_kumulativ	dosen_differenz_zum_vortag	dosen_erst_differenz_zum_vortag	dosen_zweit_differenz_zum_vortag	dosen_biontech_kumulativ	dosen_moderna_kumulativ	dosen_astrazeneca_kumulativ	personen_erst_kumulativ	personen_voll_kumulativ	impf_quote_erst	impf_quote_voll	indikation_alter_dosen	indikation_beruf_dosen	indikation_medizinisch_dosen	indikation_pflegeheim_dosen	indikation_alter_erst	indikation_beruf_erst	indikation_medizinisch_erst	indikation_pflegeheim_erst	indikation_alter_voll	indikation_beruf_voll	indikation_medizinisch_voll	indikation_pflegeheim_voll	dosen_dim_kumulativ	dosen_kbv_kumulativ	dosen_johnson_kumulativ	dosen_biontech_erst_kumulativ	dosen_biontech_zweit_kumulativ	dosen_moderna_erst_kumulativ	dosen_moderna_zweit_kumulativ	dosen_astrazeneca_erst_kumulativ	dosen_astrazeneca_zweit_kumulativ	dosen_erst_kumulativ	dosen_zweit_kumulativ
2020-12-27	24093	24093	24080	13	24091	2	0	24080	13	0.000	0.000	10705	8657	1305	12604	10664	8590	1305	12536	41	67	0	68	24093	0	0	24078	13	2	0	0	0	24080	13
2020-12-28	42090	17997	17835	162	42088	2	0	41915	175	0.001	0.000	18621	15788	1991	21344	18580	15721	1991	21276	41	67	0	68	42090	0	0	41913	175	2	0	0	0	41915	175
2020-12-29	92107	50017	49283	734	92104	2	1	91198	909	0.001	0.000	34989	40734	3107	40508	34724	40420	3107	40099	265	314	0	409	92107	0	0	91195	909	2	0	1	0	91198	909
2020-12-30	155601	63494	63356	138	155598	2	1	154554	1047	0.002	0.000	55510	73365	4901	63206	55243	73050	4901	62794	267	315	0	412	155601	0	0	154551	1047	2	0	1	0	154554	1047
2020-12-31	205291	49690	49601	89	205288	2	1	204155	1136	0.002	0.000	72831	96719	6752	83965	72517	96367	6752	83476	314	352	0	489	205291	0	0	204152	1136	2	0	1	0	204155	1136
2021-01-01	230645	25354	25345	9	230634	7	4	229500	1145	0.003	0.000	81208	105449	7830	92301	80894	105097	7830	91812	314	352	0	489	230645	0	0	229490	1144	7	0	3	1	229500	1145
2021-01-02	278594	47949	47663	286	278583	7	4	277163	1431	0.003	0.000	102774	129731	10350	113258	102365	129304	10350	112629	409	427	0	629	278594	0	0	277153	1430	7	0	3	1	277163	1431
2021-01-03	301006	22412	22407	5	300994	8	4	299570	1436	0.004	0.000	113044	140227	11284	123279	112635	139800	11284	122650	409	427	0	629	301006	0	0	299559	1435	8	0	3	1	299570	1436
2021-01-04	346832	45826	45730	96	346819	9	4	345300	1532	0.004	0.000	129646	164913	13951	139091	129237	164486	13951	138462	409	427	0	629	346832	0	0	345288	1531	9	0	3	1	345300	1532
2021-01-05	398800	51968	51631	337	398786	10	4	396931	1869	0.005	0.000	147987	192565	16489	157656	147576	192117	16489	157025	411	448	0	631	398800	0	0	396918	1868	10	0	3	1	396931	1869
2021-01-06	461257	62457	62365	92	461234	16	7	459296	1961	0.006	0.000	169498	225530	19910	180812	169086	225082	19910	180181	412	448	0	631	461257	0	0	459275	1959	16	0	5	2	459296	1961
2021-01-07	515219	53962	53941	21	515191	19	9	513237	1982	0.006	0.000	189172	254868	22957	197233	188758	254418	22957	196600	414	450	0	633	515219	0	0	513211	1980	19	0	7	2	513237	1982
2021-01-08	576873	61654	61546	108	576793	70	10	574783	2090	0.007	0.000	211521	287315	26324	218219	211009	286711	26320	217449	512	604	4	770	576873	0	0	574705	2088	70	0	8	2	574783	2090
2021-01-09	636842	59969	59821	148	636758	73	11	634604	2238	0.008	0.000	237322	313238	29007	243325	236798	312599	29003	242545	524	639	4	780	636842	0	0	634523	2235	73	0	8	3	634604	2238
2021-01-10	672095	35253	35104	149	672003	81	11	669708	2387	0.008	0.000	252455	327794	30379	256315	251929	327151	30375	255535	526	643	4	780	672095	0	0	669620	2383	80	1	8	3	669708	2387
2021-01-11	739592	67497	67395	102	739485	94	13	737103	2489	0.009	0.000	277513	359176	33587	276774	276967	358513	33583	275968	546	663	4	806	739592	0	0	737006	2479	87	7	10	3	737103	2489
2021-01-12	818036	78444	78380	64	817913	109	14	815483	2553	0.010	0.000	305695	401338	36582	301731	305147	400670	36578	300888	548	668	4	843	818036	0	0	815371	2542	102	7	10	4	815483	2553
2021-01-13	929097	111061	110860	201	927805	1278	14	926343	2754	0.011	0.000	345167	458844	40485	337339	344574	458093	40466	336399	593	751	19	940	929097	0	0	925062	2743	1271	7	10	4	926343	2754
2021-01-14	1012526	83429	83207	222	1006085	6427	14	1009550	2976	0.012	0.000	374803	501101	42769	361463	374094	500254	42750	360452	709	847	19	1011	1012526	0	0	1003164	2921	6376	51	10	4	1009550	2976
2021-01-15	1103272	90746	89900	846	1091560	11693	19	1099450	3822	0.013	0.000	408725	545673	46728	389202	407810	544625	46700	387982	915	1048	28	1220	1103272	0	0	1087793	3767	11642	51	15	4	1099450	3822
2021-01-16	1160629	57357	56336	1021	1147237	13372	20	1155786	4843	0.014	0.000	432983	570627	48859	408798	431664	569232	48767	407047	1319	1395	92	1751	1160629	0	0	1142449	4788	13321	51	16	4	1155786	4843
2021-01-17	1208252	47623	29831	17792	1193597	14633	21	1185618	22635	0.014	0.000	453449	591002	50884	428544	444215	583354	50014	417145	9234	7648	870	11399	1208252	0	1	1171018	22579	14582	51	17	4	1185617	22635
2021-01-18	1290160	81908	66168	15740	1271361	18776	22	1251786	38375	0.015	0.000	482728	633883	53106	448900	467235	619730	51700	430238	15493	14153	1406	18662	1290160	0	1	1233044	38317	18723	53	18	4	1251785	38375
2021-01-19	1408962	118802	82359	36443	1386488	22443	30	1334145	74818	0.016	0.001	519765	695968	56714	479843	492669	666683	54375	447938	27096	29285	2339	31905	1408962	0	1	1311732	74756	22386	57	26	4	1334144	74818
2021-01-20	1541363	132401	77816	54585	1516144	25185	33	1411961	129403	0.017	0.002	568076	760039	60957	522078	522876	706310	57505	469463	45200	53729	3452	52615	1541363	0	1	1386803	129341	25128	57	29	4	1411960	129403
2021-01-21	1646347	104984	63673	41311	1618387	27925	34	1475634	170714	0.018	0.002	610150	808503	65406	556195	549621	735602	60889	487988	60529	72901	4517	68207	1646347	0	1	1447737	170650	27867	58	29	5	1475633	170714
2021-01-22	1747971	101624	68052	33572	1717817	30111	42	1543686	204286	0.019	0.002	654049	853889	69013	590642	579902	764987	63599	506975	74147	88902	5414	83667	1747971	0	1	1513600	204217	30048	63	37	5	1543685	204286
2021-01-23	1834551	86580	40468	46112	1804040	30465	45	1584154	250398	0.019	0.003	691767	890989	72414	617916	599855	780966	64783	516268	91912	110023	7631	101648	1834551	0	1	1553712	250328	30401	64	40	5	1584153	250398
2021-01-24	1881849	47298	25465	21833	1851136	30663	49	1609619	272231	0.019	0.003	715655	910067	73331	632982	614016	789814	65130	521524	101639	120253	8201	111458	1881849	0	1	1578975	272161	30599	64	44	5	1609618	272231
2021-01-25	1972889	91040	52278	38762	1940757	32079	52	1661897	310993	0.020	0.004	756375	951632	76827	658117	642321	811974	66847	534304	114054	139658	9980	123813	1972889	0	1	1629837	310920	32012	67	47	5	1661896	310993
2021-01-26	2070425	97536	50634	46902	2036852	33513	59	1712531	357895	0.021	0.004	796572	997196	80614	684405	667753	831436	68195	545278	128819	165760	12419	139127	2070425	0	1	1679035	357817	33441	72	54	5	1712530	357895
2021-01-27	2179780	109355	50821	58534	2144412	35299	67	1763353	416429	0.021	0.005	839834	1049509	85786	715259	691463	852265	70042	556304	148371	197244	15744	158955	2179780	0	2	1728074	416338	35215	84	62	5	1763351	416429
2021-01-28	2272228	92448	46574	45874	2235229	36927	70	1809927	462303	0.022	0.006	877990	1090332	89974	739697	713483	869115	71590	567469	164507	221217	18384	172228	2272228	0	2	1773105	462124	36755	172	65	5	1809925	462303
2021-01-29	2379989	107761	49987	57774	2341503	38407	77	1859914	520077	0.022	0.006	920894	1138243	95507	769100	735839	888487	73819	578309	185055	249756	21688	190791	2379989	0	2	1821606	519897	38234	173	72	5	1859912	520077
2021-01-30	2467993	88004	34361	53643	2428625	39287	79	1894275	573720	0.023	0.007	957412	1174692	99468	796433	752473	901967	75224	586328	204939	272725	24244	210105	2467993	0	2	1855088	573537	39112	175	73	6	1894273	573720
2021-01-31	2524857	56864	25752	31112	2485108	39663	84	1920027	604832	0.023	0.007	982865	1196922	101575	812430	766590	910861	76411	592657	216275	286061	25164	219773	2524857	0	2	1880468	604640	39480	183	77	7	1920025	604832
2021-02-01	2644381	119524	57963	61561	2602373	41871	135	1977990	666393	0.024	0.008	1026174	1260299	105285	839830	787193	944041	78273	602425	238981	316258	27012	237405	2644381	0	2	1936174	666199	41686	185	128	7	1977988	666393
2021-02-02	2776555	132174	64963	67211	2731472	44933	148	2042953	733604	0.025	0.009	1069633	1330364	110479	870030	806216	982089	80866	611659	263417	348275	29613	258371	2776555	0	2	1998063	733409	44747	186	141	7	2042951	733604
2021-02-03	2938486	161931	64084	97847	2887048	51261	174	2107038	831451	0.025	0.010	1128983	1407775	116405	912544	829819	1014401	83062	623312	299164	393374	33343	289232	2938486	0	3	2055799	831249	51069	192	167	7	2107035	831451
2021-02-04	3072368	133882	61729	72153	3015093	57093	179	2168767	903604	0.026	0.011	1177986	1472437	120972	943857	851937	1046473	85311	632945	326049	425964	35661	310912	3072368	0	3	2111694	903399	56898	195	172	7	2168764	903604
2021-02-05	3219186	146818	68904	77914	3155455	63541	187	2237671	981518	0.027	0.012	1232524	1542580	126293	977786	877231	1080338	86905	644262	355293	462242	39388	333524	3219186	0	3	2174277	981178	63212	329	179	8	2237668	981518
2021-02-06	3312959	93773	45428	48345	3246601	66167	188	2283099	1029863	0.027	0.012	1272514	1588658	130853	1003590	896490	1101898	88782	653957	376024	486760	42071	349633	3312959	0	3	2217078	1029523	65838	329	180	8	2283096	1029863
2021-02-07	3366270	53311	28263	25048	3297583	68493	190	2311363	1054911	0.028	0.013	1298155	1609930	133571	1016823	910800	1112720	90015	659435	387355	497210	43556	357388	3366270	0	4	2243014	1054569	68163	330	182	8	2311359	1054911
2021-02-08	3475211	108941	52871	56070	3402672	72316	218	2364235	1110981	0.028	0.013	1350672	1655734	137545	1035599	942269	1129343	91902	666781	408403	526391	45643	368818	3475211	0	5	2292036	1110636	71984	332	210	8	2364230	1110981
2021-02-09	3609229	134018	60195	73823	3533143	75750	331	2424430	1184804	0.029	0.014	1411842	1714380	141993	1058512	978151	1147503	94639	674792	433691	566877	47354	383720	3609229	0	5	2348874	1184269	75228	522	323	8	2424425	1184804
2021-02-10	3763647	154418	77288	77130	3674990	79985	8667	2501718	1261934	0.030	0.015	1478760	1781046	146001	1087933	1017461	1175177	96286	685176	461299	605869	49715	402757	3763647	0	5	2414584	1260406	78482	1503	8647	20	2501713	1261934
2021-02-11	3907403	143756	75241	68515	3795160	87252	24984	2576961	1330449	0.031	0.016	1539776	1848576	151475	1113070	1052428	1208053	98713	694775	487348	640523	52762	418295	3907403	0	7	2469287	1325873	82717	4535	24950	34	2576954	1330449
2021-02-12	4062505	155102	79525	75577	3926739	96550	39206	2656489	1406026	0.032	0.017	1611268	1919253	157751	1138545	1094198	1240389	101429	704318	517070	678864	56322	434227	4062505	0	10	2530341	1396398	87289	9261	38849	357	2656479	1406026
2021-02-13	4169885	107380	61922	45458	4017514	99807	52553	2718412	1451484	0.033	0.017	1667599	1960972	162355	1156080	1129093	1262877	103231	711418	538506	698095	59124	444662	4169885	0	11	2577211	1440303	89001	10806	52189	364	2718401	1451484
2021-02-14	4235090	65205	39493	25712	4073001	102281	59796	2757906	1477196	0.033	0.018	1706122	1983696	163973	1164146	1153761	1276081	104081	714928	552361	707615	59892	449218	4235090	0	12	2608212	1464789	90271	12010	59411	385	2757894	1477196
2021-02-15	4360408	125318	69537	55781	4177596	107547	75252	2827444	1532977	0.034	0.018	1773591	2031897	168008	1183418	1194859	1300739	106358	721524	578732	731158	61650	461894	4360408	0	13	2660039	1517557	92543	15004	74849	403	2827431	1532977
2021-02-16	4494576	134168	77764	56404	4286020	113699	94843	2905209	1589381	0.035	0.019	1839625	2089928	170683	1200400	1236633	1336138	107879	728440	602992	753790	62804	471960	4494576	0	14	2715499	1570521	95268	18431	94428	415	2905195	1589381
2021-02-17	4645338	150762	94459	56303	4408029	121697	115597	2999669	1645684	0.036	0.020	1920033	2147919	175770	1221928	1292995	1368705	110873	736858	627038	779214	64897	485070	4645338	0	15	2784404	1623625	100081	21616	115169	428	2999654	1645684
2021-02-18	4789600	144262	91266	52996	4520224	129920	139440	3090936	1698680	0.037	0.020	1995907	2206102	179208	1240945	1345328	1403985	112659	744258	650579	802117	66549	496687	4789600	0	16	2847149	1673075	104763	25157	139008	432	3090920	1698680
2021-02-19	4947969	158369	102788	55581	4641212	139881	166859	3193725	1754261	0.038	0.021	2076668	2266444	184080	1258305	1402958	1440066	115287	750941	673710	826378	68793	507364	4947969	0	17	2915673	1725539	111714	28167	166321	538	3193708	1754261
2021-02-20	5060040	112071	75802	36269	4727597	144345	188080	3269528	1790530	0.039	0.022	2138268	2310157	187738	1272296	1445964	1469322	117533	755178	692304	840835	70205	517118	5060040	0	18	2966232	1761365	115746	28599	187532	548	3269510	1790530
2021-02-21	5145839	85799	57419	28380	4794105	147986	203729	3326948	1818910	0.040	0.022	2187054	2340674	190304	1282667	1479917	1489494	118664	757407	707137	851180	71640	525260	5145839	0	19	3004526	1789579	119228	28758	203175	554	3326929	1818910
2021-02-22	5301162	155323	97583	57740	4916819	156979	227344	3424532	1876650	0.041	0.023	2266701	2410287	195201	1300517	1538362	1525084	121627	763642	728339	885203	73574	536875	5301162	0	20	3071281	1845538	126453	30526	226778	566	3424512	1876650
2021-02-23	5470813	169651	109168	60483	5050414	164188	256190	3533701	1937133	0.042	0.023	2346910	2483166	200501	1318387	1598211	1563793	124757	771284	748699	919373	75744	547103	5470813	0	21	3146064	1904350	132004	32184	255612	578	3533680	1937133
2021-02-24	5646487	175674	116524	59150	5181827	171798	292840	3650226	1996283	0.044	0.024	2431789	2557990	207079	1337422	1660503	1608669	128907	778912	771286	949321	78172	558510	5646487	0	22	3220031	1961796	137929	33869	292244	596	3650204	1996283
2021-02-25	5835219	188732	129767	58965	5312950	178557	343690	3779993	2055248	0.045	0.025	2514175	2648479	213515	1355541	1722988	1667176	133470	787131	791187	981303	80045	568410	5835219	0	22	3293731	2019219	143159	35398	343081	609	3779971	2055248
2021-02-26	6047672	212453	145560	66893	5453773	187390	406487	3925553	2122141	0.047	0.026	2602819	2749814	220591	1375230	1787946	1735795	138593	794627	814873	1014019	81998	580603	6047672	0	22	3369350	2084423	150376	37014	405805	682	3925531	2122141
2021-02-27	6195392	147720	107828	39892	5546428	191472	457470	4033381	2162033	0.048	0.026	2666475	2822116	227301	1388101	1833818	1790224	143432	799030	832657	1031892	83869	589071	6195392	0	22	3422853	2123575	153726	37746	456780	690	4033359	2162033
2021-02-28	6298227	102835	78769	24066	5607705	195427	495072	4112151	2186099	0.049	0.026	2714700	2875405	231582	1394762	1868893	1834535	146785	801170	845807	1040870	84797	593592	6298227	0	23	3460437	2147268	157328	38099	494363	709	4112128	2186099
2021-03-01	6496464	198237	148372	49865	5737987	205050	553404	4260523	2235964	0.051	0.027	2817221	2953369	239381	1408021	1943445	1896228	153263	806209	873776	1057141	86118	601812	6496464	0	23	3542891	2195096	164930	40120	552679	725	4260500	2235964
2021-03-02	6715270	218806	166706	52100	5877979	215045	622223	4427229	2288064	0.053	0.028	2927307	3047588	248982	1422628	2022735	1971725	160632	812692	904572	1075863	88350	609936	6715270	0	23	3633679	2244300	172051	42994	621476	747	4427206	2288064
2021-03-03	6961588	246318	175791	70527	6035001	229994	696570	4603020	2358591	0.055	0.028	3047976	3148969	260606	1439862	2105531	2048823	170041	819606	942445	1100146	90565	620256	6961588	0	23	3726125	2308876	181124	48870	695748	822	4602997	2358591
2021-03-04	7206263	244675	181836	62839	6176089	244461	785690	4784856	2421430	0.058	0.029	3159240	3258741	272992	1455625	2181653	2136963	180034	825002	977587	1121778	92958	630623	7206263	0	23	3809811	2366278	190198	54263	784824	866	4784833	2421430
2021-03-05	7482105	275842	207301	68541	6325579	257826	898676	4992158	2489971	0.060	0.030	3277185	3383782	287941	1471072	2258903	2242620	191990	830697	1018282	1141162	95951	640375	7482105	0	24	3896771	2428808	197603	60223	897760	916	4992134	2489971
2021-03-06	7683791	201686	153035	48651	6434803	266266	982698	5145193	2538622	0.062	0.031	3366696	3478463	298371	1480590	2314602	2325555	200824	833966	1052094	1152908	97547	646624	7683791	0	24	3959603	2475200	203805	62461	981761	937	5145169	2538622
2021-03-07	7831322	147531	114048	33483	6514542	272920	1043836	5259241	2572105	0.063	0.031	3437978	3544531	306478	1486155	2360956	2383880	208082	835928	1077022	1160651	98396	650227	7831322	0	24	4008215	2506327	208123	64797	1042879	957	5259217	2572105
2021-03-08	8068773	237451	185859	51592	6648448	283875	1136426	5445100	2623697	0.065	0.032	3556806	3640371	322827	1498475	2442587	2468035	222757	841890	1114219	1172336	100070	656585	8068773	0	24	4093933	2554515	215715	68160	1135428	998	5445076	2623697
2021-03-09	8320933	252160	197363	54797	6788499	296658	1235752	5642463	2678494	0.068	0.032	3677710	3742787	340236	1512022	2524321	2558568	238262	848791	1153389	1184219	101974	663231	8320933	0	24	4182724	2605775	225026	71632	1234689	1063	5642439	2678494
2021-03-10	8609261	288328	221289	67039	6947582	308836	1352818	5863753	2745533	0.071	0.033	3808598	3856306	360962	1530389	2606688	2661880	256906	860000	1201910	1194426	104056	670389	8608290	971	25	4278381	2669201	233645	75191	1351702	1116	5863728	2745533
2021-03-11	8893564	284303	223411	60892	7095213	322554	1475772	6087164	2806425	0.073	0.034	3937470	3976178	382106	1544008	2689957	2769533	276555	867677	1247513	1206645	105551	676331	8891938	1626	25	4369525	2725688	243015	79539	1474599	1173	6087139	2806425
2021-03-12	9220044	326480	255619	70861	7246798	339847	1633374	6342783	2877286	0.076	0.035	4071484	4127850	404783	1559463	2770420	2906954	297406	877132	1301064	1220896	107377	682331	9218208	1836	25	4455044	2791754	255715	84132	1631999	1375	6342758	2877286
2021-03-13	9460654	240610	190333	50277	7362809	349416	1748404	6533116	2927563	0.079	0.035	4181046	4240796	425293	1567511	2840453	3011727	316755	881879	1340593	1229069	108538	685632	9458662	1992	25	4522231	2840578	263943	85473	1746917	1487	6533091	2927563
2021-03-14	9630719	170065	134385	35680	7450873	354928	1824893	6667501	2963243	0.080	0.036	4266043	4307307	441408	1570975	2896461	3072888	331859	883676	1369582	1234419	109549	687299	9628717	2002	25	4575611	2875262	268480	86448	1823385	1508	6667476	2963243
2021-03-15	9878381	247662	188438	59224	7603635	367665	1907056	6855939	3022467	0.082	0.036	4400463	4391447	461474	1582289	2984151	3147219	350790	890548	1416312	1244228	110684	691741	9876096	2285	25	4670937	2932698	279518	88147	1905459	1597	6855914	3022467
2021-03-16	10057285	178904	110737	68167	7770274	378915	1908071	6966676	3090634	0.084	0.037	4527474	4426082	473886	1593025	3059300	3169255	361553	895647	1468174	1256827	112333	697378	10054453	2832	25	4771898	2998376	288283	90632	1906470	1601	6966651	3090634
2021-03-17	10262236	204951	124022	80929	7956491	396906	1908814	7090698	3171563	0.085	0.038	4672447	4463838	487350	1605072	3141952	3193652	373040	902175	1530495	1270186	114310	702897	10258787	3449	25	4881998	3074493	301467	95439	1907208	1606	7090673	3171563
2021-03-18	10455783	193547	117955	75592	8130717	415069	1909972	7208653	3247155	0.087	0.039	4812398	4498757	499905	1615322	3222615	3215628	383588	907340	1589783	1283129	116317	707982	10451911	3872	25	4985834	3144883	314429	100640	1908365	1607	7208628	3247155
2021-03-19	10700618	244835	160597	84238	8316198	435857	1948538	7369250	3331393	0.089	0.040	4961948	4563922	518114	1627194	3306761	3267408	399605	914537	1655187	1296514	118509	712657	10696215	4403	25	5093941	3222257	328410	107447	1946874	1664	7369225	3331393
2021-03-20	10920884	220266	166995	53271	8451587	451153	2018119	7536245	3384664	0.091	0.041	5078536	4641917	537715	1633319	3379545	3337212	417708	917920	1698991	1304705	120007	715399	10916157	4727	25	5179922	3271665	339873	111280	2016425	1694	7536220	3384664
2021-03-21	11085379	164495	126305	38190	8553761	460347	2071246	7662550	3422854	0.092	0.041	5171749	4694283	554274	1635819	3440184	3384099	433219	919244	1731565	1310184	121055	716575	11080652	4727	25	5247176	3306585	345823	114524	2069526	1720	7662525	3422854
2021-03-22	11354669	269290	192828	76462	8720251	484157	2150236	7855378	3499316	0.094	0.042	5329624	4766248	576579	1645397	3534739	3445389	453483	925279	1794885	1320859	123096	720118	11348414	6255	25	5344658	3375593	362233	121924	2148462	1774	7855353	3499316
2021-03-23	11655639	300970	216915	84055	8901930	503889	2249795	8072293	3583371	0.097	0.043	5490190	4854892	604288	1656865	3629814	3521119	478432	932910	1860376	1333773	125856	723955	11644396	11243	25	5447311	3454619	376992	126897	2247965	1830	8072268	3583371
2021-03-24	11994884	339245	249639	89606	9102261	536925	2355673	8321932	3672977	0.100	0.044	5664852	4952071	635971	1672375	3732242	3605792	507202	944863	1932610	1346279	128769	727512	11977849	17035	25	5563416	3538845	404722	132203	2353769	1904	8321907	3672977
2021-03-25	12327613	332729	251569	81160	9287817	564612	2475159	8573501	3754137	0.103	0.045	5830941	5060081	670798	1683452	3832663	3703768	539527	951994	1998278	1356313	131271	731458	12304633	22980	25	5673495	3614322	426838	137774	2473143	2016	8573476	3754137
2021-03-26	12701587	373974	285547	88427	9487518	601801	2612242	8859049	3842564	0.107	0.046	6003833	5184282	710463	1698535	3933360	3816071	576057	962322	2070473	1368211	134406	736213	12672293	29294	26	5791572	3695946	457323	144478	2610128	2114	8859023	3842564
2021-03-27	12982825	281238	218902	62336	9637079	629419	2716300	9077952	3904900	0.109	0.047	6147056	5279869	744190	1703356	4023632	3903670	607441	965464	2123424	1376199	136749	737892	12951181	31644	27	5881965	3755114	481831	147588	2714129	2171	9077925	3904900
2021-03-28	13179254	196429	143164	53265	9752449	647922	2778856	9221116	3958165	0.111	0.048	6253046	5333384	768116	1706823	4085867	3950861	629648	967502	2167179	1382523	138468	739321	13147419	31835	27	5947395	3805054	497060	150862	2776634	2222	9221089	3958165
2021-03-29	13484972	305718	217101	88617	9941198	672917	2870830	9438217	4046782	0.113	0.049	6418833	5404751	806706	1716518	4180272	4010842	665103	973637	2238561	1393909	141603	742881	13447189	37783	27	6054401	3886797	515246	157671	2868543	2287	9438190	4046782
2021-03-30	13814023	329051	236449	92602	10159899	697345	2956752	9674666	4139384	0.116	0.050	6591913	5474211	853024	1727240	4280843	4069380	706095	981320	2311070	1404831	146929	745920	13764104	49919	27	6187017	3972882	533217	164128	2954405	2347	9674639	4139384
2021-03-31	14150253	336230	234713	101517	10407397	733386	3009443	9909379	4240901	0.119	0.051	6774517	5538855	899988	1738789	4384637	4121392	747318	988525	2389880	1417463	152670	750264	14084019	66234	27	6341001	4066396	561291	172095	3007060	2383	9909352	4240901
2021-04-01	14476942	326689	235980	90709	10646306	765847	3064762	10145359	4331610	0.122	0.052	6936269	5606629	944397	1747554	4476928	4175958	787230	994147	2459341	1430671	157167	753407	14390629	86313	27	6497140	4149166	585855	179992	3062337	2425	10145332	4331610
2021-04-02	14702660	225718	157738	67980	10825835	780235	3096563	10303097	4399590	0.124	0.053	7067172	5654574	981393	1749910	4552089	4213818	820223	995356	2515083	1440756	161170	754554	14614823	87837	27	6613057	4212778	595902	184333	3094111	2452	10303070	4399590
2021-04-03	14934502	231842	167468	64374	10999981	796039	3138455	10470565	4463964	0.126	0.054	7198861	5698683	1018737	1753036	4633025	4248782	853330	997097	2565836	1449901	165407	755939	14845266	89236	27	6727716	4272265	606857	189182	3135965	2490	10470538	4463964
2021-04-04	15127446	192944	142576	50368	11132181	806101	3189137	10613141	4514332	0.128	0.054	7309766	5731715	1048001	1754173	4704262	4274251	879171	997551	2605504	1457464	168830	756622	15038074	89372	27	6813481	4318700	613029	193072	3186604	2533	10613114	4514332
2021-04-05	15375309	247863	177647	70216	11297176	823964	3254142	10790788	4584548	0.130	0.055	7456036	5770066	1081529	1756372	4794323	4302940	907924	998846	2661713	1467126	173605	757526	15284627	90682	27	6913071	4384105	626112	197852	3251578	2564	10790761	4584548
2021-04-06	15749103	373794	279088	94706	11552135	856190	3340749	11069878	4679254	0.133	0.056	7644926	5826686	1124640	1761928	4910112	4346229	944820	1001588	2734814	1480457	179820	760340	15621794	127309	29	7082087	4470048	649645	206545	3338117	2632	11069849	4679254
2021-04-07	16417195	668092	571723	96369	12094332	893234	3429600	11641601	4775623	0.140	0.057	7644926	5826686	1124640	1761928	4910112	4346229	944820	1001588	2734814	1480457	179820	760340	15984222	432973	29	7536602	4557730	678085	215149	3426885	2715	11641572	4775623
2021-04-08	17116027	698832	611159	87673	12665823	928866	3521309	12252760	4863296	0.147	0.058	7644926	5826686	1124640	1761928	4910112	4346229	944820	1001588	2734814	1480457	179820	760340	16358176	757851	29	8029473	4636350	704744	224122	3518514	2795	12252731	4863296
2021-04-09	17747977	631950	543027	88923	13156090	965457	3626401	12795787	4952219	0.154	0.060	7644926	5826686	1124640	1761928	4910112	4346229	944820	1001588	2734814	1480457	179820	760340	16750623	997354	29	8442334	4713756	729901	235556	3623523	2878	12795758	4952219
2021-04-10	18120564	372587	307531	65056	13404581	988677	3727277	13103318	5017275	0.158	0.060	7644926	5826686	1124640	1761928	4910112	4346229	944820	1001588	2734814	1480457	179820	760340	17090164	1030400	29	8633514	4771067	745439	243238	3724336	2941	13103289	5017275
2021-04-11	18384477	263913	213593	50320	13574947	1007343	3802158	13316911	5067595	0.160	0.061	7644926	5826686	1124640	1761928	4910112	4346229	944820	1001588	2734814	1480457	179820	760340	17348998	1035479	29	8757583	4817364	760158	247185	3799141	3017	13316882	5067595
2021-04-12	18803190	418713	342336	76377	13853815	1036579	3912766	13659248	5143972	0.164	0.062	7644926	5826686	1124640	1761928	4910112	4346229	944820	1001588	2734814	1480457	179820	760340	17719204	1083986	30	8968600	4885215	780922	255657	3909696	3070	13659218	5143972
2021-04-13	19380113	576923	503225	73698	14286118	1063818	4030147	14162473	5217670	0.170	0.063	7644926	5826686	1124640	1761928	4910112	4346229	944820	1001588	2734814	1480457	179820	760340	18099997	1280116	30	9332840	4953278	802720	261098	4026883	3264	14162443	5217670
2021-04-14	20155156	775043	691831	83212	14902628	1097371	4155127	14854304	5300882	0.179	0.064	7644926	5826686	1124640	1761928	4910112	4346229	944820	1001588	2734814	1480457	179820	760340	18501243	1653913	30	9875201	5027427	827768	269603	4151305	3822	14854274	5300882
2021-04-15	20835463	680307	610002	70305	15436694	1133573	4265165	15464307	5371187	0.186	0.065	7644926	5826686	1124640	1761928	4910112	4346229	944820	1001588	2734814	1480457	179820	760340	18885921	1949542	31	10348519	5088175	855358	278215	4260399	4766	15464276	5371187
2021-04-16	21432072	596609	522415	74194	15874821	1166182	4391038	15986722	5445381	0.192	0.065	7644926	5826686	1124640	1761928	4910112	4346229	944820	1001588	2734814	1480457	179820	760340	19287691	2144381	31	10721687	5153134	879537	286645	4385467	5571	15986691	5445381
2021-04-17	21798081	366009	309394	56615	16099701	1188868	4509481	16296116	5501996	0.196	0.066	7644926	5826686	1124640	1761928	4910112	4346229	944820	1001588	2734814	1480457	179820	760340	19631896	2166185	31	10898571	5201130	895086	293782	4502428	7053	16296085	5501996
2021-04-18	22067553	269472	230467	39005	16271739	1204257	4591526	16526583	5541001	0.199	0.067	7644926	5826686	1124640	1761928	4910112	4346229	944820	1001588	2734814	1480457	179820	760340	19896757	2170796	31	11036669	5235070	906576	297681	4583307	8219	16526552	5541001
2021-04-19	22469918	402365	340948	61417	16565585	1237189	4667112	16867532	5602418	0.203	0.067	7644926	5826686	1124640	1761928	4910112	4346229	944820	1001588	2734814	1480457	179820	760340	20254791	2215127	32	11278339	5287246	931585	305604	4657576	9536	16867500	5602418
2021-04-20	23030795	560877	498106	62771	16947561	1276433	4806768	17365639	5665189	0.209	0.068	7644926	5826686	1124640	1761928	4910112	4346229	944820	1001588	2734814	1480457	179820	760340	20621217	2409578	33	11606292	5341269	964161	312272	4795153	11615	17365606	5665189
2021-04-21	23751757	720962	647850	73112	17401812	1318146	5031766	18013489	5738301	0.217	0.069	7644926	5826686	1124640	1761928	4910112	4346229	944820	1001588	2734814	1480457	179820	760340	21003031	2748726	33	11998011	5403801	997742	320404	5017703	14063	18013456	5738301
2021-04-22	24390344	638587	571392	67195	17783580	1361820	5244911	18584881	5805496	0.223	0.070	7644926	5826686	1124640	1761928	4910112	4346229	944820	1001588	2734814	1480457	179820	760340	21374359	3015985	33	12323887	5459693	1033736	328084	5227225	17686	18584848	5805496
2021-04-23	24946614	556270	487339	68931	18136879	1405411	5404291	19072220	5874427	0.229	0.071	7644926	5826686	1124640	1761928	4910112	4346229	944820	1001588	2734814	1480457	179820	760340	21762434	3184180	33	12622330	5514549	1066803	338608	5383054	21237	19072187	5874427
2021-04-24	25312199	365585	306637	58948	18371858	1454748	5485560	19378857	5933375	0.233	0.071	7644926	5826686	1124640	1761928	4910112	4346229	944820	1001588	2734814	1480457	179820	760340	22111108	3201091	33	12816089	5555769	1100767	353981	5461968	23592	19378824	5933375
2021-04-25	25595121	282922	233875	49047	18559633	1488426	5547029	19612732	5982422	0.236	0.072	7644926	5826686	1124640	1761928	4910112	4346229	944820	1001588	2734814	1480457	179820	760340	22388216	3206905	33	12966466	5593167	1124580	363846	5521653	25376	19612699	5982422
2021-04-26	26028157	433036	359054	73982	18877541	1530926	5619587	19971856	6056404	0.240	0.073	7644926	5826686	1124640	1761928	4910112	4346229	944820	1001588	2734814	1480457	179820	760340	22734660	3293497	103	13222855	5654686	1158679	372247	5590219	29368	19971753	6056404
2021-04-27	26813598	785441	693435	92006	19554248	1582433	5676261	20665844	6148410	0.248	0.074	7644926	5826686	1124640	1761928	4910112	4346229	944820	1001588	2734814	1480457	179820	760340	23105221	3708377	656	13821715	5732533	1201052	381381	5642421	33840	20665188	6148410
2021-04-28	27936783	1123185	996092	127093	20562485	1643165	5729645	21662768	6275503	0.260	0.075	7644926	5826686	1124640	1761928	4910112	4346229	944820	1001588	2734814	1480457	179820	760340	23499323	4437460	1488	14721355	5841130	1249241	393924	5690684	38961	21661280	6275503
2021-04-29	28883217	946434	812923	133511	21386890	1707107	5786823	22476600	6409014	0.270	0.077	7644926	5826686	1124640	1761928	4910112	4346229	944820	1001588	2734814	1480457	179820	760340	23887689	4995528	2397	15433456	5953434	1300783	406324	5739964	46859	22474203	6409014
2021-04-30	29687013	803796	666696	137100	22065304	1764413	5854024	23144171	6546114	0.278	0.079	7644926	5826686	1124640	1761928	4910112	4346229	944820	1001588	2734814	1480457	179820	760340	24291639	5395374	3272	16000293	6065011	1342828	421585	5797778	56246	23140899	6546114
2021-05-01	30023295	336282	260031	76251	22318139	1805902	5893408	23406776	6622365	0.281	0.080	7644926	5826686	1124640	1761928	4910112	4346229	944820	1001588	2734814	1480457	179820	760340	24603271	5420024	5846	16191873	6126266	1377911	427991	5831146	62262	23400930	6622365
2021-05-02	30288286	264991	197610	67381	22513716	1843412	5923505	23606193	6689746	0.284	0.080	7644926	5826686	1124640	1761928	4910112	4346229	944820	1001588	2734814	1480457	179820	760340	24860607	5427679	7653	16331706	6182010	1410169	433243	5856665	66840	23598540	6689746
2021-05-03	30739983	451697	335341	116356	22831615	1913993	5985136	23943120	6806102	0.288	0.082	7644926	5826686	1124640	1761928	4910112	4346229	944820	1001588	2734814	1480457	179820	760340	25218444	5521539	9239	16558625	6272990	1467557	446436	5907699	77437	23933881	6806102
2021-05-04	31583015	843032	681290	161742	23457937	1977503	6135374	24627372	6967844	0.296	0.084	7644926	5826686	1124640	1761928	4910112	4346229	944820	1001588	2734814	1480457	179820	760340	25594224	5988791	12201	17053115	6404822	1517823	459680	6044233	91141	24615171	6967844
2021-05-05	32730238	1147223	914915	232308	24309242	2056466	6347859	25546757	7200152	0.307	0.087	7644926	5826686	1124640	1761928	4910112	4346229	944820	1001588	2734814	1480457	179820	760340	26015483	6714755	16671	17718989	6590253	1571281	485185	6239816	108043	25530086	7200152
2021-05-06	33720816	990578	767294	223284	25002002	2148572	6549378	26318244	7423436	0.316	0.089	7644926	5826686	1124640	1761928	4910112	4346229	944820	1001588	2734814	1480457	179820	760340	26430950	7289866	20864	18234516	6767486	1640983	507589	6421881	127497	26297380	7423436
2021-05-07	34611363	890547	652127	238420	25589218	2235264	6761813	26974575	7661856	0.324	0.092	7644926	5826686	1124640	1761928	4910112	4346229	944820	1001588	2734814	1480457	179820	760340	26877481	7733882	25068	18647736	6941482	1696712	538552	6605059	156754	26949507	7661856
2021-05-08	35037138	425775	271697	154078	25856881	2307045	6846427	27247989	7815934	0.328	0.094	7644926	5826686	1124640	1761928	4910112	4346229	944820	1001588	2734814	1480457	179820	760340	27242765	7794373	26785	18802496	7054385	1748660	558385	6670048	176379	27221204	7815934
2021-05-09	35323317	286179	183621	102558	26050774	2363602	6881090	27432676	7918492	0.330	0.095	7644926	5826686	1124640	1761928	4910112	4346229	944820	1001588	2734814	1480457	179820	760340	27517909	7805408	27851	18917117	7133657	1794419	569183	6693289	187801	27404825	7918492
2021-05-10	35912668	589351	395816	193535	26423944	2445389	7011755	27832221	8112027	0.335	0.098	7644926	5826686	1124640	1761928	4910112	4346229	944820	1001588	2734814	1480457	179820	760340	27918362	7994306	31580	19148501	7275443	1854034	591355	6798106	213649	27800641	8112027
2021-05-11	36998532	1085864	798001	287863	27249882	2525284	7188145	28633863	8399890	0.344	0.101	7644926	5826686	1124640	1761928	4910112	4346229	944820	1001588	2734814	1480457	179820	760340	28350531	8648001	35221	19741535	7508347	1911759	613525	6945348	242797	28598642	8399890
2021-05-12	38414525	1415993	1049267	366726	28343186	2616954	7413412	29688882	8766616	0.357	0.105	7644926	5826686	1124640	1761928	4910112	4346229	944820	1001588	2734814	1480457	179820	760340	28810541	9603984	40973	20538381	7804805	1972877	644077	7136651	276761	29647909	8766616
2021-05-13	38843800	429275	268420	160855	28658533	2683727	7457920	29959949	8927471	0.360	0.107	7644926	5826686	1124640	1761928	4910112	4346229	944820	1001588	2734814	1480457	179820	760340	29166337	9677463	43620	20725949	7932584	2024438	659289	7165942	291978	29916329	8927471
2021-05-14	39600333	756533	525999	230534	29203774	2748649	7596496	30493742	9158005	0.367	0.110	7644926	5826686	1124640	1761928	4910112	4346229	944820	1001588	2734814	1480457	179820	760340	29571533	10028800	51414	21090597	8113177	2074171	674478	7277560	318936	30442328	9158005
2021-05-15	40000415	400082	234557	165525	29482828	2808947	7652946	30732579	9323530	0.370	0.112	7644926	5826686	1124640	1761928	4910112	4346229	944820	1001588	2734814	1480457	179820	760340	29923949	10076466	55694	21247287	8235541	2118120	690827	7311478	341468	30676885	9323530
2021-05-16	40282990	282575	160607	121968	29683011	2861687	7677873	30897911	9445498	0.372	0.114	7644926	5826686	1124640	1761928	4910112	4346229	944820	1001588	2734814	1480457	179820	760340	30190519	10092471	60419	21353725	8329286	2160975	700712	7322792	355081	30837492	9445498
2021-05-17	40838296	555306	349292	206014	30021384	2947364	7799372	31256960	9651512	0.376	0.116	7644926	5826686	1124640	1761928	4910112	4346229	944820	1001588	2734814	1480457	179820	760340	30576507	10261789	70176	21546611	8474773	2222241	725123	7417932	381440	31186784	9651512
2021-05-18	41710330	872034	517372	354662	30611031	3048459	7972892	31782104	10006174	0.382	0.120	7644926	5826686	1124640	1761928	4910112	4346229	944820	1001588	2734814	1480457	179820	760340	30993537	10716793	77948	21846004	8765027	2294748	753711	7563404	409488	31704156	10006174
2021-05-19	42808100	1097770	563640	534130	31415202	3148551	8154242	32357901	10540304	0.389	0.127	7644926	5826686	1124640	1761928	4910112	4346229	944820	1001588	2734814	1480457	179820	760340	31411529	11396571	90105	22190011	9225191	2360993	787558	7716792	437450	32267796	10540304
2021-05-20	43755704	947604	455578	492026	32098880	3245021	8310857	32824320	11032330	0.395	0.133	7644926	5826686	1124640	1761928	4910112	4346229	944820	1001588	2734814	1480457	179820	760340	31828190	11927514	100946	22450938	9647942	2426504	818517	7845932	464925	32723374	11032330
2021-05-21	44606861	851157	405995	445162	32695069	3330719	8468246	33242196	11477492	0.400	0.138	7644926	5826686	1124640	1761928	4910112	4346229	944820	1001588	2734814	1480457	179820	760340	32256627	12350234	112827	22673453	10021616	2482881	847838	7973035	495211	33129369	11477492
2021-05-22	45080740	473879	214908	258971	33001268	3400224	8552142	33471383	11736463	0.402	0.141	7644926	5826686	1124640	1761928	4910112	4346229	944820	1001588	2734814	1480457	179820	760340	32601576	12479164	127106	22771935	10229333	2531190	869034	8041152	510990	33344277	11736463
2021-05-23	45365811	285071	124720	160351	33194183	3459611	8576047	33604967	11896814	0.404	0.143	7644926	5826686	1124640	1761928	4910112	4346229	944820	1001588	2734814	1480457	179820	760340	32868526	12497285	135970	22837561	10356622	2575486	884125	8055950	520097	33468997	11896814
2021-05-24	45691789	325978	141126	184852	33429904	3521160	8596714	33754134	12081666	0.406	0.145	7644926	5826686	1124640	1761928	4910112	4346229	944820	1001588	2734814	1480457	179820	760340	33178979	12512810	144011	22920161	10509743	2622039	899121	8067923	528791	33610123	12081666
2021-05-25	46347278	655489	272102	383387	33876542	3600842	8700771	34051348	12465053	0.409	0.150	7644926	5826686	1124640	1761928	4910112	4346229	944820	1001588	2734814	1480457	179820	760340	33575525	12771753	169123	23061864	10814678	2673485	927357	8146876	553895	33882225	12465053
2021-05-26	47527090	1179812	469542	710270	34761560	3683253	8834880	34599164	13175323	0.416	0.158	7644926	5826686	1124640	1761928	4910112	4346229	944820	1001588	2734814	1480457	179820	760340	33991922	13535168	247397	23376695	11384865	2726075	957178	8248997	585883	34351767	13175323
2021-05-27	48567887	1040797	404144	636653	35500672	3772187	8966508	35084431	13811976	0.422	0.166	7644926	5826686	1124640	1761928	4910112	4346229	944820	1001588	2734814	1480457	179820	760340	34410882	14157005	328520	23634535	11866137	2777696	994491	8343680	622828	34755911	13811976
2021-05-28	49471675	903788	356288	547500	36104023	3858357	9097018	35524476	14359476	0.427	0.173	7644926	5826686	1124640	1761928	4910112	4346229	944820	1001588	2734814	1480457	179820	760340	34846709	14624966	412277	23851316	12252707	2828214	1030143	8432669	664349	35112199	14359476
2021-05-29	49881846	410171	151689	258482	36365842	3920956	9154978	35703958	14617958	0.429	0.176	7644926	5826686	1124640	1761928	4910112	4346229	944820	1001588	2734814	1480457	179820	760340	35182471	14699375	440070	23931132	12434710	2865068	1055888	8467688	687290	35263888	14617958
2021-05-30	50165370	283524	97712	185812	36562972	3967970	9183329	35812699	14803770	0.431	0.178	7644926	5826686	1124640	1761928	4910112	4346229	944820	1001588	2734814	1480457	179820	760340	35444177	14721193	451099	23990336	12572636	2892416	1075554	8478848	704481	35361600	14803770
2021-05-31	50712008	546638	178273	368365	36930105	4035401	9252933	36033442	15172135	0.433	0.182	7644926	5826686	1124640	1761928	4910112	4346229	944820	1001588	2734814	1480457	179820	760340	35833046	14878962	493569	24102020	12828085	2920083	1115318	8517770	735163	35539873	15172135
2021-06-01	51700187	988179	399927	588252	37663486	4115196	9343437	36517868	15760387	0.439	0.190	7644926	5826686	1124640	1761928	4910112	4346229	944820	1001588	2734814	1480457	179820	760340	36230752	15469435	578068	24418092	13245394	2949828	1165368	8571880	771557	35939800	15760387
2021-06-02	52947582	1247395	516766	730629	38652390	4187768	9425657	37138333	16491016	0.447	0.198	7644926	5826686	1124640	1761928	4910112	4346229	944820	1001588	2734814	1480457	179820	760340	36637869	16309713	681767	24867440	13784950	2974287	1213481	8614839	810818	36456566	16491016
2021-06-03	53590249	642667	230363	412304	39127323	4252081	9475876	37421898	16903320	0.450	0.203	7644926	5826686	1124640	1761928	4910112	4346229	944820	1001588	2734814	1480457	179820	760340	37001123	16589126	734969	25047240	14080083	3003992	1248089	8635697	840179	36686929	16903320
2021-06-04	54400751	810502	291089	519413	39712507	4323318	9552740	37790204	17422733	0.454	0.209	7644926	5826686	1124640	1761928	4910112	4346229	944820	1001588	2734814	1480457	179820	760340	37409137	16991614	812186	25275169	14437338	3032683	1290635	8670166	882574	36978018	17422733
2021-06-05	54813610	412859	96278	316581	39983619	4390280	9596911	37917096	17739314	0.456	0.213	7644926	5826686	1124640	1761928	4910112	4346229	944820	1001588	2734814	1480457	179820	760340	37758452	17055158	842800	25334259	14649360	3058972	1331308	8681065	915846	37074296	17739314
2021-06-06	55105805	292195	59394	232801	40189344	4431271	9624150	37994730	17972115	0.457	0.216	7644926	5826686	1124640	1761928	4910112	4346229	944820	1001588	2734814	1480457	179820	760340	38020938	17084867	861040	25378161	14811183	3070942	1360329	8684587	939563	37133690	17972115
2021-06-07	55719387	613582	192808	420774	40590875	4516341	9696653	38242016	18392889	0.460	0.221	7644926	5826686	1124640	1761928	4910112	4346229	944820	1001588	2734814	1480457	179820	760340	38395236	17323248	915518	25512281	15078594	3098501	1417840	8715716	980937	37326498	18392889
2021-06-08	56770992	1051605	340064	711541	41435921	4591718	9759596	38650319	19104430	0.465	0.230	7644926	5826686	1124640	1761928	4910112	4346229	944820	1001588	2734814	1480457	179820	760340	38799020	17968865	983757	25793826	15642095	3124732	1466986	8748004	1011592	37666562	19104430
2021-06-09	58191088	1420096	445747	974349	42609008	4678951	9823594	39191844	20078779	0.471	0.241	7644926	5826686	1124640	1761928	4910112	4346229	944820	1001588	2734814	1480457	179820	760340	39228387	18956810	1079535	26178785	16430223	3153116	1525835	8780408	1043186	38112309	20078779
2021-06-10	59379926	1188838	402479	786359	43563821	4768760	9879366	39682767	20865138	0.477	0.251	7644926	5826686	1124640	1761928	4910112	4346229	944820	1001588	2734814	1480457	179820	760340	39665684	19705530	1167979	26522348	17041473	3185136	1583624	8807304	1072062	38514788	20865138
2021-06-11	60440024	1060098	362125	697973	44369120	4857782	9948367	40141668	21563111	0.483	0.259	7644926	5826686	1124640	1761928	4910112	4346229	944820	1001588	2734814	1480457	179820	760340	40110006	20318630	1264755	26826774	17542346	3213343	1644439	8836796	1111571	38876913	21563111
2021-06-12	60874996	434972	123475	311497	44653627	4929650	9991723	40300384	21874608	0.485	0.263	7644926	5826686	1124640	1761928	4910112	4346229	944820	1001588	2734814	1480457	179820	760340	40441881	20420893	1299996	26918483	17735144	3232053	1697597	8849852	1141871	39000388	21874608
2021-06-13	61157982	282986	64704	218282	44833514	4993163	10017521	40378876	22092890	0.486	0.266	7644926	5826686	1124640	1761928	4910112	4346229	944820	1001588	2734814	1480457	179820	760340	40689207	20456247	1313784	26962641	17870873	3247978	1745185	8854473	1163048	39065092	22092890
2021-06-14	61811453	653471	212801	440670	45263154	5094368	10084915	40646909	22533560	0.489	0.271	7644926	5826686	1124640	1761928	4910112	4346229	944820	1001588	2734814	1480457	179820	760340	41100167	20696780	1369016	27134235	18128919	3271591	1822777	8872067	1212848	39277893	22533560
2021-06-15	62855914	1044461	344988	699473	46059406	5198929	10169479	41050981	23233033	0.494	0.279	7644926	5826686	1124640	1761928	4910112	4346229	944820	1001588	2734814	1480457	179820	760340	41554449	21283470	1428100	27431064	18628342	3300118	1898811	8891699	1277780	39622881	23233033
2021-06-16	64234471	1378557	463145	915412	47158883	5305148	10266055	41590411	24148445	0.500	0.290	7644926	5826686	1124640	1761928	4910112	4346229	944820	1001588	2734814	1480457	179820	760340	42030433	22182018	1504385	27836506	19322377	3332280	1972868	8917240	1348815	40086026	24148445
2021-06-17	65378860	1144389	396526	747863	48039642	5408331	10358244	42055195	24896308	0.506	0.299	7644926	5826686	1124640	1761928	4910112	4346229	944820	1001588	2734814	1480457	179820	760340	42501252	22852215	1572643	28181376	19858266	3361645	2046686	8939531	1418713	40482552	24896308
2021-06-18	66367660	988800	342173	646627	48769218	5502454	10454517	42466196	25542935	0.511	0.307	7644926	5826686	1124640	1761928	4910112	4346229	944820	1001588	2734814	1480457	179820	760340	42957065	23382503	1641471	28470479	20298739	3392695	2109759	8961551	1492966	40824725	25542935
2021-06-19	66794512	426852	119534	307318	49042000	5584530	10505369	42606872	25850253	0.512	0.311	7644926	5826686	1124640	1761928	4910112	4346229	944820	1001588	2734814	1480457	179820	760340	43298176	23466988	1662613	28562503	20479497	3413668	2170862	8968088	1537281	40944259	25850253
2021-06-20	67089541	295029	67830	227199	49220776	5656129	10537211	42687514	26077452	0.513	0.314	7644926	5826686	1124640	1761928	4910112	4346229	944820	1001588	2734814	1480457	179820	760340	43563300	23496614	1675425	28611687	20609089	3429699	2226430	8970703	1566508	41012089	26077452
2021-06-21	67717920	628379	207523	420856	49629971	5753546	10622639	42931376	26498308	0.516	0.319	7644926	5826686	1124640	1761928	4910112	4346229	944820	1001588	2734814	1480457	179820	760340	43960129	23726147	1711764	28780383	20849588	3454546	2299000	8984683	1637956	41219612	26498308
2021-06-22	68790690	1072770	372016	700754	50470337	5849360	10725179	43337442	27199062	0.521	0.327	7644926	5826686	1124640	1761928	4910112	4346229	944820	1001588	2734814	1480457	179820	760340	44400195	24354112	1745814	29105687	21364650	3485040	2364320	9000901	1724278	41591628	27199062
2021-06-23	70120981	1330291	484671	845620	51555144	5944983	10840665	43856488	28044682	0.527	0.337	7644926	5826686	1124640	1761928	4910112	4346229	944820	1001588	2734814	1480457	179820	760340	44841549	25237778	1780189	29540043	22015101	3514721	2430262	9021535	1819130	42076299	28044682
2021-06-24	71152633	1031652	485898	545754	52348748	6032136	10951372	44382574	28590436	0.534	0.344	7644926	5826686	1124640	1761928	4910112	4346229	944820	1001588	2734814	1480457	179820	760340	45275752	25830883	1820377	29969497	22379251	3549928	2482208	9042772	1908600	42562197	28590436
2021-06-25	72069061	916428	376855	539573	53038895	6108517	11061257	44799444	29130009	0.539	0.350	7644926	5826686	1124640	1761928	4910112	4346229	944820	1001588	2734814	1480457	179820	760340	45705435	26314646	1860392	30299877	22739018	3576553	2531964	9062622	1998635	42939052	29130009
2021-06-26	72478315	409254	136277	272977	53293379	6177602	11133731	44948932	29402986	0.540	0.354	7644926	5826686	1124640	1761928	4910112	4346229	944820	1001588	2734814	1480457	179820	760340	46050338	26378225	1873603	30404301	22889078	3602171	2575431	9068857	2064874	43075329	29402986
2021-06-27	72770172	291857	89936	201921	53466244	6235715	11190489	45042989	29604907	0.542	0.356	7644926	5826686	1124640	1761928	4910112	4346229	944820	1001588	2734814	1480457	179820	760340	46316122	26403445	1877724	30471525	22994719	3621484	2614231	9072256	2118233	43165265	29604907
2021-06-28	73396785	626613	242083	384530	53865047	6325430	11304234	45309422	29989437	0.545	0.361	7644926	5826686	1124640	1761928	4910112	4346229	944820	1001588	2734814	1480457	179820	760340	46726241	26617843	1902074	30667619	23197428	3653731	2671699	9085998	2218236	43407348	29989437
2021-06-29	74326098	929313	386427	542886	54546746	6417980	11436920	45718227	30532323	0.550	0.367	7644926	5826686	1124640	1761928	4910112	4346229	944820	1001588	2734814	1480457	179820	760340	47154912	27113831	1924452	31009414	23537332	3686644	2731336	9097717	2339203	43793775	30532323
2021-06-30	75344223	1018125	448085	570040	55311943	6511725	11573491	46188924	31102363	0.555	0.374	7644926	5826686	1124640	1761928	4910112	4346229	944820	1001588	2734814	1480457	179820	760340	47583677	27697962	1947064	31408272	23903671	3721383	2790342	9112205	2461286	44241860	31102363
2021-07-01	76323502	979279	450632	528647	56052799	6594871	11706273	46662051	31631010	0.561	0.380	7644926	5826686	1124640	1761928	4910112	4346229	944820	1001588	2734814	1480457	179820	760340	47988387	28268207	1969559	31814866	24237933	3751896	2842975	9125730	2580543	44692492	31631010
2021-07-02	77166481	842979	378073	464906	56700686	6689219	11785405	47061736	32095916	0.566	0.386	7644926	5826686	1124640	1761928	4910112	4346229	944820	1001588	2734814	1480457	179820	760340	48386229	28709971	1991171	32152022	24548664	3783605	2905614	9134938	2650467	45070565	32095916
2021-07-03	77543055	376574	148458	228116	56955644	6768496	11812538	47225400	32324032	0.568	0.389	7644926	5826686	1124640	1761928	4910112	4346229	944820	1001588	2734814	1480457	179820	760340	48695806	28776252	2006377	32273094	24682550	3808199	2960297	9137730	2674808	45219023	32324032
2021-07-04	77816090	273035	92799	180236	57137100	6836633	11827061	47327118	32504268	0.569	0.391	7644926	5826686	1124640	1761928	4910112	4346229	944820	1001588	2734814	1480457	179820	760340	48941322	28803194	2015296	32346002	24791098	3826642	3009991	9139178	2687883	45311822	32504268
2021-07-05	78350329	534239	195236	339003	57522646	6930931	11866604	47537206	32843271	0.572	0.395	7644926	5826686	1124640	1761928	4910112	4346229	944820	1001588	2734814	1480457	179820	760340	49283506	28993153	2030148	32510897	25011749	3852633	3078298	9143528	2723076	45507058	32843271
2021-07-06	79125053	774724	269102	505622	58137648	7029758	11911840	47821967	33348893	0.575	0.401	7644926	5826686	1124640	1761928	4910112	4346229	944820	1001588	2734814	1480457	179820	760340	49624558	29423099	2045807	32750184	25387464	3877898	3151860	9148078	2763762	45776160	33348893
2021-07-07	80116974	991921	322688	669233	58963956	7125105	11963139	48163622	34018126	0.579	0.409	7644926	5826686	1124640	1761928	4910112	4346229	944820	1001588	2734814	1480457	179820	760340	49978250	30056482	2064774	33042869	25921087	3902498	3222607	9153481	2809658	46098848	34018126
2021-07-08	80960770	843796	262186	581610	59644895	7225939	12005769	48445201	34599736	0.583	0.416	7644926	5826686	1124640	1761928	4910112	4346229	944820	1001588	2734814	1480457	179820	760340	50322844	30551427	2084167	33278310	26366585	3924959	3300980	9157765	2848004	46361034	34599736
2021-07-09	81715486	754716	218897	535819	60237342	7324446	12048968	48684661	35135555	0.585	0.422	7644926	5826686	1124640	1761928	4910112	4346229	944820	1001588	2734814	1480457	179820	760340	50668520	30956968	2104730	33474886	26762456	3942839	3381607	9162206	2886762	46579931	35135555
2021-07-10	82058449	342963	95564	247399	60465273	7408632	12070069	48789970	35382954	0.587	0.425	7644926	5826686	1124640	1761928	4910112	4346229	944820	1001588	2734814	1480457	179820	760340	50942574	31025280	2114475	33550858	26914415	3960988	3447644	9163649	2906420	46675495	35382954
2021-07-11	82286278	227829	61047	166782	60610995	7472158	12080357	48859310	35549736	0.587	0.427	7644926	5826686	1124640	1761928	4910112	4346229	944820	1001588	2734814	1480457	179820	760340	51151109	31044204	2122768	33596639	27014356	3975785	3496373	9164118	2916239	46736542	35549736
2021-07-12	82751177	464899	150348	314551	60958899	7551045	12104391	49023732	35864287	0.589	0.431	7644926	5826686	1124640	1761928	4910112	4346229	944820	1001588	2734814	1480457	179820	760340	51417555	31240232	2136842	33716222	27242677	4004679	3546366	9165989	2938402	46886890	35864287
2021-07-13	83508664	757487	179291	578196	61584250	7628650	12139004	49222941	36442483	0.592	0.438	7644926	5826686	1124640	1761928	4910112	4346229	944820	1001588	2734814	1480457	179820	760340	51671783	31739362	2156760	33867283	27716967	4030648	3598002	9168250	2970754	47066181	36442483
2021-07-14	84479874	971210	202551	768659	62413721	7700416	12186127	49448342	37211142	0.595	0.447	7644926	5826686	1124640	1761928	4910112	4346229	944820	1001588	2734814	1480457	179820	760340	51948452	32429200	2179610	34044977	28368744	4051840	3648576	9171915	3014212	47268732	37211142
2021-07-15	85243752	763878	170438	593440	63045670	7771245	12224686	49641321	37804582	0.597	0.455	7644926	5826686	1124640	1761928	4910112	4346229	944820	1001588	2734814	1480457	179820	760340	52206219	32931568	2202151	34193366	28852304	4071015	3700230	9174789	3049897	47439170	37804582
2021-07-16	85899569	655817	150806	505011	63583172	7835425	12256646	49814302	38309593	0.599	0.461	7644926	5826686	1124640	1761928	4910112	4346229	944820	1001588	2734814	1480457	179820	760340	52461478	33328254	2224326	34325045	29258127	4088221	3747204	9176710	3079936	47589976	38309593
2021-07-17	86170373	270804	70716	200088	63756739	7898559	12272293	49903474	38509681	0.600	0.463	7644926	5826686	1124640	1761928	4910112	4346229	944820	1001588	2734814	1480457	179820	760340	52673905	33384580	2242782	34379216	29377523	4103880	3794679	9177596	3094697	47660692	38509681
2021-07-18	86369866	199493	59496	139997	63892018	7940121	12283751	49974164	38649678	0.601	0.465	7644926	5826686	1124640	1761928	4910112	4346229	944820	1001588	2734814	1480457	179820	760340	52844774	33412623	2253976	34429165	29462853	4113150	3826971	9177873	3105878	47720188	38649678
2021-07-19	86748020	378154	91060	287094	64185715	7990582	12303532	50079439	38936772	0.602	0.468	7644926	5826686	1124640	1761928	4910112	4346229	944820	1001588	2734814	1480457	179820	760340	53040887	33592649	2268191	34505961	29679754	4126083	3864499	9179204	3124328	47811248	38936772
2021-07-20	87348729	600709	125925	474784	64701888	8038909	12325459	50219646	39411556	0.604	0.474	7644926	5826686	1124640	1761928	4910112	4346229	944820	1001588	2734814	1480457	179820	760340	53259484	33970767	2282473	34613751	30088137	4141690	3897219	9181732	3143727	47937173	39411556
2021-07-21	88094903	746174	154578	591596	65365550	8084853	12348193	50388058	40003152	0.606	0.481	7644926	5826686	1124640	1761928	4910112	4346229	944820	1001588	2734814	1480457	179820	760340	53494264	34477235	2296307	34753779	30611771	4154645	3930208	9183327	3164866	48091751	40003152
2021-07-22	88706862	611959	121009	490950	65901794	8128180	12367036	50522612	40494102	0.607	0.487	7644926	5826686	1124640	1761928	4910112	4346229	944820	1001588	2734814	1480457	179820	760340	53721107	34857754	2309852	34863310	31038484	4164732	3963448	9184718	3182318	48212760	40494102
2021-07-23	89268800	561938	113097	448841	66384878	8170429	12385588	50653762	40942943	0.609	0.492	7644926	5826686	1124640	1761928	4910112	4346229	944820	1001588	2734814	1480457	179820	760340	53952193	35185498	2327905	34965111	31419767	4174690	3995739	9186056	3199532	48325857	40942943
2021-07-24	89478227	209427	52232	157195	66537255	8207893	12393330	50717838	41100138	0.610	0.494	7644926	5826686	1124640	1761928	4910112	4346229	944820	1001588	2734814	1480457	179820	760340	54105661	35239989	2339749	35009305	31527950	4181964	4025929	9186820	3206510	48378089	41100138
2021-07-25	89602303	124076	31953	92123	66620867	8239333	12396605	50755540	41192261	0.610	0.495	7644926	5826686	1124640	1761928	4910112	4346229	944820	1001588	2734814	1480457	179820	760340	54209893	35258381	2345498	35034882	31585985	4188223	4051110	9186937	3209668	48410042	41192261
2021-07-26	89934778	332475	71314	261161	66890317	8279096	12408890	50837831	41453422	0.611	0.498	7644926	5826686	1124640	1761928	4910112	4346229	944820	1001588	2734814	1480457	179820	760340	54392124	35406924	2356475	35095539	31794778	4197772	4081324	9188045	3220845	48481356	41453422
2021-07-27	90477154	542376	97486	444890	67358054	8321231	12428743	50947968	41898312	0.613	0.504	7644926	5826686	1124640	1761928	4910112	4346229	944820	1001588	2734814	1480457	179820	760340	54597857	35739285	2369126	35183069	32174985	4206438	4114793	9189335	3239408	48578842	41898312
2021-07-28	91155186	678032	121205	556827	67952631	8367972	12452058	51082572	42455139	0.614	0.510	7644926	5826686	1124640	1761928	4910112	4346229	944820	1001588	2734814	1480457	179820	760340	54825733	36185608	2382525	35293625	32659006	4215853	4152119	9190569	3261489	48700047	42455139
2021-07-29	91723257	568071	104597	463474	68442986	8411391	12471836	51201688	42918613	0.616	0.516	7644926	5826686	1124640	1761928	4910112	4346229	944820	1001588	2734814	1480457	179820	760340	55033873	36541536	2397044	35387833	33055153	4225026	4186365	9191785	3280051	48804644	42918613
2021-07-30	92211056	487799	93639	394160	68852593	8456576	12488990	51311180	43312773	0.617	0.521	7644926	5826686	1124640	1761928	4910112	4346229	944820	1001588	2734814	1480457	179820	760340	55242106	36818387	2412897	35471457	33381136	4233973	4222603	9192853	3296137	48898283	43312773
2021-07-31	92404309	193253	46717	146536	68991725	8492368	12495006	51370210	43459309	0.618	0.523	7644926	5826686	1124640	1761928	4910112	4346229	944820	1001588	2734814	1480457	179820	760340	55396865	36856357	2425210	35511840	33479885	4240153	4252215	9193007	3301999	48945000	43459309
2021-08-01	92520628	116319	30284	86035	69074801	8517440	12497321	51406350	43545344	0.618	0.524	7644926	5826686	1124640	1761928	4910112	4346229	944820	1001588	2734814	1480457	179820	760340	55496442	36872662	2431066	35537868	33536933	4244327	4273113	9193089	3304232	48975284	43545344
2021-08-02	92807896	287268	57910	229358	69308679	8550737	12506443	51475231	43774702	0.619	0.526	7644926	5826686	1124640	1761928	4910112	4346229	944820	1001588	2734814	1480457	179820	760340	55661662	36992897	2442037	35590135	33718544	4249399	4301338	9193660	3312783	49033194	43774702
2021-08-03	93259388	451492	75629	375863	69697424	8588832	12518378	51563577	44150565	0.620	0.531	7644926	5826686	1124640	1761928	4910112	4346229	944820	1001588	2734814	1480457	179820	760340	55843363	37259593	2454754	35660219	34037205	4254218	4334614	9194386	3323992	49108823	44150565
2021-08-04	93816917	557529	94862	462667	70196261	8624094	12529629	51670618	44613232	0.621	0.536	7644926	5826686	1124640	1761928	4910112	4346229	944820	1001588	2734814	1480457	179820	760340	56042235	37614993	2466933	35749114	34447147	4259689	4364405	9194882	3334747	49203685	44613232
2021-08-05	94314608	497691	82631	415060	70635107	8661778	12537539	51766500	45028292	0.622	0.541	7644926	5826686	1124640	1761928	4910112	4346229	944820	1001588	2734814	1480457	179820	760340	56241114	37910549	2480184	35826269	34808838	4264560	4397218	9195487	3342052	49286316	45028292
2021-08-06	94730564	415956	77011	338945	70997342	8695145	12544797	51856607	45367237	0.624	0.545	7644926	5826686	1124640	1761928	4910112	4346229	944820	1001588	2734814	1480457	179820	760340	56437814	38127512	2493280	35897603	35099739	4269822	4425323	9195902	3348895	49363327	45367237
2021-08-07	94899936	169372	36630	132742	71126285	8723870	12546329	51903409	45499979	0.624	0.547	7644926	5826686	1124640	1761928	4910112	4346229	944820	1001588	2734814	1480457	179820	760340	56582186	38151629	2503452	35930011	35196274	4273971	4449899	9195975	3350354	49399957	45499979
2021-08-08	95010040	110104	22091	88013	71211983	8743978	12547233	51928894	45587992	0.624	0.548	7644926	5826686	1124640	1761928	4910112	4346229	944820	1001588	2734814	1480457	179820	760340	56680640	38163142	2506846	35949542	35262441	4276489	4467489	9196017	3351216	49422048	45587992