date	dosen_kumulativ	dosen_differenz_zum_vortag	dosen_erst_differenz_zum_vortag	dosen_zweit_differenz_zum_vortag	dosen_biontech_kumulativ	dosen_moderna_kumulativ	dosen_astrazeneca_kumulativ	personen_erst_kumulativ	personen_voll_kumulativ	impf_quote_erst	impf_quote_voll	indikation_alter_dosen	indikation_beruf_dosen	indikation_medizinisch_dosen	indikation_pflegeheim_dosen	indikation_alter_erst	indikation_beruf_erst	indikation_medizinisch_erst	indikation_pflegeheim_erst	indikation_alter_voll	indikation_beruf_voll	indikation_medizinisch_voll	indikation_pflegeheim_voll	dosen_dim_kumulativ	dosen_kbv_kumulativ	dosen_johnson_kumulativ	dosen_biontech_erst_kumulativ	dosen_biontech_zweit_kumulativ	dosen_moderna_erst_kumulativ	dosen_moderna_zweit_kumulativ	dosen_astrazeneca_erst_kumulativ	dosen_astrazeneca_zweit_kumulativ	dosen_erst_kumulativ	dosen_zweit_kumulativ
2020-12-27	23325	23325	23308	17	23323	2	0	23308	17	0.000	0.000	10705	8657	1305	12604	10664	8590	1305	12536	41	67	0	68	23325	0	0	23306	17	2	0	0	0	23308	17
2020-12-28	41123	17798	17759	39	41121	2	0	41067	56	0.000	0.000	18621	15788	1991	21344	18580	15721	1991	21276	41	67	0	68	41123	0	0	41065	56	2	0	0	0	41067	56
2020-12-29	90922	49799	49076	723	90920	2	0	90143	779	0.001	0.000	34989	40734	3107	40508	34724	40420	3107	40099	265	314	0	409	90922	0	0	90141	779	2	0	0	0	90143	779
2020-12-30	152694	61772	61645	127	152692	2	0	151788	906	0.002	0.000	55510	73365	4901	63206	55243	73050	4901	62794	267	315	0	412	152694	0	0	151786	906	2	0	0	0	151788	906
2020-12-31	202848	50154	50003	151	202846	2	0	201791	1057	0.002	0.000	72831	96719	6752	83965	72517	96367	6752	83476	314	352	0	489	202848	0	0	201789	1057	2	0	0	0	201791	1057
2021-01-01	228598	25750	25739	11	228588	7	3	227530	1068	0.003	0.000	81208	105449	7830	92301	80894	105097	7830	91812	314	352	0	489	228598	0	0	227521	1067	7	0	2	1	227530	1068
2021-01-02	276237	47639	47354	285	276227	7	3	274884	1353	0.003	0.000	102774	129731	10350	113258	102365	129304	10350	112629	409	427	0	629	276237	0	0	274875	1352	7	0	2	1	274884	1353
2021-01-03	298417	22180	22173	7	298407	7	3	297057	1360	0.004	0.000	113044	140227	11284	123279	112635	139800	11284	122650	409	427	0	629	298417	0	0	297048	1359	7	0	2	1	297057	1360
2021-01-04	344990	46573	46520	53	344979	8	3	343577	1413	0.004	0.000	129646	164913	13951	139091	129237	164486	13951	138462	409	427	0	629	344990	0	0	343567	1412	8	0	2	1	343577	1413
2021-01-05	396865	51875	51845	30	396853	9	3	395422	1443	0.005	0.000	147987	192565	16489	157656	147576	192117	16489	157025	411	448	0	631	396865	0	0	395411	1442	9	0	2	1	395422	1443
2021-01-06	459051	62186	62177	9	459031	15	5	457599	1452	0.006	0.000	169498	225530	19910	180812	169086	225082	19910	180181	412	448	0	631	459051	0	0	457580	1451	15	0	4	1	457599	1452
2021-01-07	513196	54145	54136	9	513172	18	6	511735	1461	0.006	0.000	189172	254868	22957	197233	188758	254418	22957	196600	414	450	0	633	513196	0	0	511712	1460	18	0	5	1	511735	1461
2021-01-08	575047	61851	61520	331	574973	67	7	573255	1792	0.007	0.000	211521	287315	26324	218219	211009	286711	26320	217449	512	604	4	770	575047	0	0	573182	1791	67	0	6	1	573255	1792
2021-01-09	634545	59498	59450	48	634471	67	7	632705	1840	0.008	0.000	237322	313238	29007	243325	236798	312599	29003	242545	524	639	4	780	634545	0	0	632632	1839	67	0	6	1	632705	1840
2021-01-10	669202	34657	34648	9	669126	69	7	667353	1849	0.008	0.000	252455	327794	30379	256315	251929	327151	30375	255535	526	643	4	780	669202	0	0	667278	1848	69	0	6	1	667353	1849
2021-01-11	736321	67119	67065	54	736242	72	7	734418	1903	0.009	0.000	277513	359176	33587	276774	276967	358513	33583	275968	546	663	4	806	736321	0	0	734340	1902	72	0	6	1	734418	1903
2021-01-12	817068	80747	80686	61	816973	87	8	815104	1964	0.010	0.000	305695	401338	36582	301731	305147	400670	36578	300888	548	668	4	843	817068	0	0	815010	1963	87	0	7	1	815104	1964
2021-01-13	928687	111619	111422	197	927421	1258	8	926526	2161	0.011	0.000	345167	458844	40485	337339	344574	458093	40466	336399	593	751	19	940	928687	0	0	925261	2160	1258	0	7	1	926526	2161
2021-01-14	1010728	82041	81857	184	1004321	6399	8	1008383	2345	0.012	0.000	374803	501101	42769	361463	374094	500254	42750	360452	709	847	19	1011	1010728	0	0	1002021	2300	6355	44	7	1	1008383	2345
2021-01-15	1100753	90025	89223	802	1089078	11662	13	1097606	3147	0.013	0.000	408725	545673	46728	389202	407810	544625	46700	387982	915	1048	28	1220	1100753	0	0	1085976	3102	11618	44	12	1	1097606	3147
2021-01-16	1157830	57077	56059	1018	1144474	13342	14	1153665	4165	0.014	0.000	432983	570627	48859	408798	431664	569232	48767	407047	1319	1395	92	1751	1157830	0	0	1140354	4120	13298	44	13	1	1153665	4165
2021-01-17	1206160	48330	30541	17789	1191542	14603	15	1184206	21954	0.014	0.000	453449	591002	50884	428544	444215	583354	50014	417145	9234	7648	870	11399	1206160	0	0	1169633	21909	14559	44	14	1	1184206	21954
2021-01-18	1288248	82088	66221	15867	1269477	18755	16	1250427	37821	0.015	0.000	482728	633883	53106	448900	467235	619730	51700	430238	15493	14153	1406	18662	1288248	0	0	1231703	37774	18709	46	15	1	1250427	37821
2021-01-19	1406690	118442	82435	36007	1384249	22417	24	1332862	73828	0.016	0.001	519765	695968	56714	479843	492669	666683	54375	447938	27096	29285	2339	31905	1406690	0	0	1310472	73777	22367	50	23	1	1332862	73828
2021-01-20	1538797	132107	77870	54237	1513613	25157	27	1410732	128065	0.017	0.002	568076	760039	60957	522078	522876	706310	57505	469463	45200	53729	3452	52615	1538797	0	0	1385599	128014	25107	50	26	1	1410732	128065
2021-01-21	1644913	106116	64193	41923	1616991	27895	27	1474925	169988	0.018	0.002	610150	808503	65406	556195	549621	735602	60889	487988	60529	72901	4517	68207	1644913	0	0	1447055	169936	27844	51	26	1	1474925	169988
2021-01-22	1747748	102835	68185	34650	1717634	30080	34	1543110	204638	0.019	0.002	654049	853889	69013	590642	579902	764987	63599	506975	74147	88902	5414	83667	1747748	0	0	1513052	204582	30025	55	33	1	1543110	204638
2021-01-23	1834361	86613	40706	45907	1803886	30438	37	1583816	250545	0.019	0.003	691767	890989	72414	617916	599855	780966	64783	516268	91912	110023	7631	101648	1834361	0	0	1553398	250488	30382	56	36	1	1583816	250545
2021-01-24	1882089	47728	25735	21993	1851415	30633	41	1609551	272538	0.019	0.003	715655	910067	73331	632982	614016	789814	65130	521524	101639	120253	8201	111458	1882089	0	0	1578934	272481	30577	56	40	1	1609551	272538
2021-01-25	1973276	91187	51981	39206	1941187	32045	44	1661532	311744	0.020	0.004	756375	951632	76827	658117	642321	811974	66847	534304	114054	139658	9980	123813	1973276	0	0	1629501	311686	31988	57	43	1	1661532	311744
2021-01-26	2070755	97479	50358	47121	2037223	33481	51	1711890	358865	0.021	0.004	796572	997196	80614	684405	667753	831436	68195	545278	128819	165760	12419	139127	2070755	0	0	1678420	358803	33420	61	50	1	1711890	358865
2021-01-27	2179410	108655	50723	57932	2144084	35267	59	1762613	416797	0.021	0.005	839834	1049509	85786	715259	691463	852265	70042	556304	148371	197244	15744	158955	2179410	0	0	1727360	416724	35195	72	58	1	1762613	416797
2021-01-28	2269928	90518	45098	45420	2232945	36921	62	1807711	462217	0.022	0.006	877990	1090332	89974	739697	713483	869115	71590	567469	164507	221217	18384	172228	2269928	0	0	1770819	462126	36831	90	61	1	1807711	462217
2021-01-29	2378574	108646	51326	57320	2340145	38362	67	1859037	519537	0.022	0.006	920894	1138243	95507	769100	735839	888487	73819	578309	185055	249756	21688	190791	2378574	0	0	1820699	519446	38272	90	66	1	1859037	519537
2021-01-30	2466940	88366	34510	53856	2427634	39236	70	1893547	573393	0.023	0.007	957412	1174692	99468	796433	752473	901967	75224	586328	204939	272725	24244	210105	2466940	0	0	1854334	573300	39145	91	68	2	1893547	573393
2021-01-31	2524108	57168	25806	31362	2484421	39613	74	1919353	604755	0.023	0.007	982865	1196922	101575	812430	766590	910861	76411	592657	216275	286061	25164	219773	2524108	0	0	1879768	604653	39514	99	71	3	1919353	604755
2021-02-01	2643644	119536	57838	61698	2601698	41821	125	1977191	666453	0.024	0.008	1026174	1260299	105285	839830	787193	944041	78273	602425	238981	316258	27012	237405	2643644	0	0	1935347	666351	41722	99	122	3	1977191	666453
2021-02-02	2774310	130666	64401	66265	2729331	44841	138	2041592	732718	0.025	0.009	1069633	1330364	110479	870030	806216	982089	80866	611659	263417	348275	29613	258371	2774310	0	0	1996716	732615	44741	100	135	3	2041592	732718
2021-02-03	2933447	159137	63333	95804	2882145	51138	163	2104926	828522	0.025	0.010	1128983	1407775	116405	912544	829819	1014401	83062	623312	299164	393374	33343	289232	2933447	0	1	2053729	828416	51036	102	160	3	2104925	828522
2021-02-04	3063847	130400	59974	70426	3006850	56829	167	2164900	898948	0.026	0.011	1177986	1472437	120972	943857	851937	1046473	85311	632945	326049	425964	35661	310912	3063847	0	1	2108010	898840	56725	104	164	3	2164899	898948
2021-02-05	3208202	144355	67819	76536	3144918	63108	175	2232719	975484	0.027	0.012	1232524	1542580	126293	977786	877231	1080338	86905	644262	355293	462242	39388	333524	3208202	0	1	2169543	975375	63004	104	171	4	2232718	975484
2021-02-06	3308648	100446	47032	53414	3242834	65637	176	2279751	1028898	0.027	0.012	1272514	1588658	130853	1003590	896490	1101898	88782	653957	376024	486760	42071	349633	3308648	0	1	2214045	1028789	65533	104	172	4	2279750	1028898
2021-02-07	3362065	53417	28145	25272	3293855	68031	178	2307896	1054170	0.028	0.013	1298155	1609930	133571	1016823	910800	1112720	90015	659435	387355	497210	43556	357388	3362065	0	1	2239795	1054060	67926	105	174	4	2307895	1054170
2021-02-08	3471366	109301	53220	56081	3399046	72115	204	2361116	1110251	0.028	0.013	1350672	1655734	137545	1035599	942269	1129343	91902	666781	408403	526391	45643	368818	3471366	0	1	2288906	1110140	72009	106	200	4	2361115	1110251
2021-02-09	3605022	133656	60227	73429	3528955	75749	317	2421343	1183680	0.029	0.014	1411842	1714380	141993	1058512	978151	1147503	94639	674792	433691	566877	47354	383720	3605022	0	1	2345577	1183378	75452	297	313	4	2421342	1183680
2021-02-10	3758627	153605	77041	76564	3670364	79844	8418	2498384	1260244	0.030	0.015	1478760	1781046	146001	1087933	1017461	1175177	96286	685176	461299	605869	49715	402757	3758627	0	1	2411414	1258950	78566	1278	8403	15	2498383	1260244
2021-02-11	3899898	141271	73842	67429	3789213	87157	23525	2572228	1327673	0.031	0.016	1539776	1848576	151475	1113070	1052428	1208053	98713	694775	487348	640523	52762	418295	3899898	0	3	2465873	1323340	82852	4305	23500	25	2572225	1327673
2021-02-12	4055100	155202	78472	76730	3921768	96524	36802	2650703	1404403	0.032	0.017	1611268	1919253	157751	1138545	1094198	1240389	101429	704318	517070	678864	56322	434227	4055100	0	6	2526821	1394947	87421	9103	36455	347	2650697	1404403
2021-02-13	4162286	107186	61644	45542	4012554	99735	49990	2712348	1449945	0.033	0.017	1667599	1960972	162355	1156080	1129093	1262877	103231	711418	538506	698095	59124	444662	4162286	0	7	2573617	1438937	89088	10647	49636	354	2712341	1449945
2021-02-14	4227701	65415	39729	25686	4068215	102208	57270	2752078	1475631	0.033	0.018	1706122	1983696	163973	1164146	1153761	1276081	104081	714928	552361	707615	59892	449218	4227701	0	8	2604819	1463396	90356	11852	56895	375	2752070	1475631
2021-02-15	4352211	124510	68881	55629	4172777	107362	72063	2820960	1531260	0.034	0.018	1773591	2031897	168008	1183418	1194859	1300739	106358	721524	578732	731158	61650	461894	4352211	0	9	2656726	1516051	92554	14808	71671	392	2820951	1531260
2021-02-16	4490063	137852	82030	55822	4280809	113384	95860	2902991	1587082	0.035	0.019	1839625	2089928	170683	1200400	1236633	1336138	107879	728440	602992	753790	62804	471960	4490063	0	10	2712294	1568515	95229	18155	95458	402	2902981	1587082
2021-02-17	4640154	150091	93651	56440	4402831	121354	115958	2996643	1643522	0.036	0.020	1920033	2147919	175770	1221928	1292995	1368705	110873	736858	627038	779214	64897	485070	4640154	0	11	2781068	1621763	100017	21337	115547	411	2996632	1643522
2021-02-18	4781870	141716	90232	51484	4513271	129488	139099	3086876	1695006	0.037	0.020	1995907	2206102	179208	1240945	1345328	1403985	112659	744258	650579	802117	66549	496687	4781870	0	12	2843571	1669700	104607	24881	138686	413	3086864	1695006
2021-02-19	4936384	154514	100243	54271	4632454	139296	164621	3187120	1749277	0.038	0.021	2076668	2266444	184080	1258305	1402958	1440066	115287	750941	673710	826378	68793	507364	4936384	0	13	2911593	1720861	111407	27889	164107	514	3187107	1749277
2021-02-20	5048261	111877	75943	35934	4718313	143802	186132	3263064	1785211	0.039	0.021	2138268	2310157	187738	1272296	1445964	1469322	117533	755178	692304	840835	70205	517118	5048261	0	14	2962056	1756257	115385	28417	185609	523	3263050	1785211
2021-02-21	5134100	85839	57270	28569	4784700	147449	201936	3320335	1813780	0.040	0.022	2187054	2340674	190304	1282667	1479917	1489494	118664	757407	707137	851180	71640	525260	5134100	0	15	3000038	1784662	118872	28577	201410	526	3320320	1813780
2021-02-22	5292569	158469	98754	59715	4909074	156310	227169	3419090	1873495	0.041	0.023	2266701	2410287	195201	1300517	1538362	1525084	121627	763642	728339	885203	73574	536875	5292569	0	16	3066475	1842599	125965	30345	226634	535	3419074	1873495
2021-02-23	5459022	166453	106864	59589	5041041	163334	254630	3525955	1933084	0.042	0.023	2346910	2483166	200501	1318387	1598211	1563793	124757	771284	748699	919373	75744	547103	5459022	0	17	3140518	1900523	131334	32000	254086	544	3525938	1933084
2021-02-24	5632655	173633	114958	58675	5171486	170921	290230	3640914	1991759	0.044	0.024	2431789	2557990	207079	1337422	1660503	1608669	128907	778912	771286	949321	78172	558510	5632655	0	18	3213989	1957497	137235	33686	289672	558	3640896	1991759
2021-02-25	5820982	188327	130377	57950	5301263	177627	342074	3771291	2049709	0.045	0.025	2514175	2648479	213515	1355541	1722988	1667176	133470	787131	791187	981303	80045	568410	5820982	0	18	3287306	2013957	142461	35166	341506	568	3771273	2049709
2021-02-26	6029671	208689	143195	65494	5440434	186369	402850	3914486	2115203	0.047	0.025	2602819	2749814	220591	1375230	1787946	1735795	138593	794627	814873	1014019	81998	580603	6029671	0	18	3362647	2077787	149612	36757	402209	641	3914468	2115203
2021-02-27	6176985	147314	107364	39950	5532654	190445	453868	4021850	2155153	0.048	0.026	2666475	2822116	227301	1388101	1833818	1790224	143432	799030	832657	1031892	83869	589071	6176985	0	18	3415658	2116996	152956	37489	453218	650	4021832	2155153
2021-02-28	6284083	107098	82975	24123	5593875	194390	495800	4104825	2179276	0.049	0.026	2714700	2875405	231582	1394762	1868893	1834535	146785	801170	845807	1040870	84797	593592	6284083	0	18	3453117	2140758	156549	37841	495141	659	4104807	2179276
2021-03-01	6479850	195767	146261	49506	5722837	203944	553051	4251086	2228782	0.051	0.027	2817221	2953369	239381	1408021	1943445	1896228	153263	806209	873776	1057141	86118	601812	6479850	0	18	3534605	2188232	164080	39864	552383	668	4251068	2228782
2021-03-02	6692811	212961	161334	51627	5858386	213885	620522	4412420	2280409	0.053	0.027	2927307	3047588	248982	1422628	2022735	1971725	160632	812692	904572	1075863	88350	609936	6692811	0	18	3621406	2236980	171156	42729	619840	682	4412402	2280409
2021-03-03	6935934	243123	173473	69650	6014695	228255	692966	4585893	2350059	0.055	0.028	3047976	3148969	260606	1439862	2105531	2048823	170041	819606	942445	1100146	90565	620256	6935934	0	18	3713547	2301148	180115	48140	692213	753	4585875	2350059
2021-03-04	7178523	242589	180268	62321	6155393	242608	780504	4766161	2412380	0.057	0.029	3159240	3258741	272992	1455625	2181653	2136963	180034	825002	977587	1121778	92958	630623	7178523	0	18	3797279	2358114	189152	53456	779712	792	4766143	2412380
2021-03-05	7449316	270793	203008	67785	6302898	255771	890628	4969170	2480165	0.060	0.030	3277185	3383782	287941	1471072	2258903	2242620	191990	830697	1018282	1141162	95951	640375	7449316	0	19	3882915	2419983	196444	59327	889792	836	4969151	2480165
2021-03-06	7650982	201666	153081	48585	6412451	264243	974269	5122251	2528750	0.062	0.030	3366696	3478463	298371	1480590	2314602	2325555	200824	833966	1052094	1152908	97547	646624	7650982	0	19	3946095	2466356	202721	61522	973416	853	5122232	2528750
2021-03-07	7801469	150487	116487	34000	6494379	271013	1036058	5238738	2562750	0.063	0.031	3437978	3544531	306478	1486155	2360956	2383880	208082	835928	1077022	1160651	98396	650227	7801469	0	19	3996380	2497999	207151	63862	1035188	870	5238719	2562750
2021-03-08	8038554	237085	185557	51528	6628433	281956	1128146	5424295	2614278	0.065	0.031	3556806	3640371	322827	1498475	2442587	2468035	222757	841890	1114219	1172336	100070	656585	8038554	0	19	4082338	2546095	214700	67256	1127238	908	5424276	2614278
2021-03-09	8288811	250257	195768	54489	6768246	294603	1225943	5620063	2668767	0.068	0.032	3677710	3742787	340236	1512022	2524321	2558568	238262	848791	1153389	1184219	101974	663231	8288811	0	19	4171074	2597172	223992	70611	1224978	965	5620044	2668767
2021-03-10	8573844	285033	218961	66072	6926679	306211	1340935	5839024	2734839	0.070	0.033	3808598	3856306	360962	1530389	2606688	2661880	256906	860000	1201910	1194426	104056	670389	8572873	971	19	4266689	2659990	232396	73815	1339920	1015	5839005	2734839
2021-03-11	8855751	281907	221331	60576	7074566	319813	1461353	6060355	2795415	0.073	0.034	3937470	3976178	382106	1544008	2689957	2769533	276555	867677	1247513	1206645	105551	676331	8854125	1626	19	4358301	2716265	241747	78066	1460288	1065	6060336	2795415
2021-03-12	9180604	324853	254073	70780	7225883	336989	1617713	6314428	2866195	0.076	0.034	4071484	4127850	404783	1559463	2770420	2906954	297406	877132	1301064	1220896	107377	682331	9178768	1836	19	4443519	2782364	254430	82559	1616460	1253	6314409	2866195
2021-03-13	9428511	247907	198119	49788	7340997	346648	1740847	6512547	2915983	0.078	0.035	4181046	4240796	425293	1567511	2840453	3011727	316755	881879	1340593	1229069	108538	685632	9426519	1992	19	4510304	2830693	262728	83920	1739496	1351	6512528	2915983
2021-03-14	9599557	171046	135119	35927	7429980	351799	1817759	6647666	2951910	0.080	0.035	4266043	4307307	441408	1570975	2896461	3072888	331859	883676	1369582	1234419	109549	687299	9597555	2002	19	4564343	2865637	266908	84891	1816396	1363	6647647	2951910
2021-03-15	9846457	246900	187998	58902	7582259	364272	1899907	6835664	3010812	0.082	0.036	4400463	4391447	461474	1582289	2984151	3147219	350790	890548	1416312	1244228	110684	691741	9844172	2285	19	4659430	2922829	277752	86520	1898463	1444	6835645	3010812
2021-03-16	10023928	177471	110200	67271	7747632	375364	1900913	6945864	3078083	0.084	0.037	4527474	4426082	473886	1593025	3059300	3169255	361553	895647	1468174	1256827	112333	697378	10021096	2832	19	4759890	2987742	286488	88876	1899467	1446	6945845	3078083
2021-03-17	10228023	204095	124229	79866	7933049	393304	1901651	7070093	3157949	0.085	0.038	4672447	4463838	487350	1605072	3141952	3193652	373040	902175	1530495	1270186	114310	702897	10224574	3449	19	4870234	3062815	299640	93664	1900200	1451	7070074	3157949
2021-03-18	10420649	192626	117792	74834	8106496	411333	1902801	7187885	3232783	0.086	0.039	4812398	4498757	499905	1615322	3222615	3215628	383588	907340	1589783	1283129	116317	707982	10416777	3872	19	4973970	3132526	312549	98784	1901347	1454	7187866	3232783
2021-03-19	10664143	243494	160393	83101	8290779	431846	1941499	7348278	3315884	0.088	0.040	4961948	4563922	518114	1627194	3306761	3267408	399605	914537	1655187	1296514	118509	712657	10659740	4403	19	5081797	3208982	326473	105373	1939989	1510	7348259	3315884
2021-03-20	10884458	220315	167044	53271	8426074	447119	2011246	7515322	3369155	0.090	0.041	5078536	4641917	537715	1633319	3379545	3337212	417708	917920	1698991	1304705	120007	715399	10879731	4727	19	5167662	3258412	337933	109186	2009708	1538	7515303	3369155
2021-03-21	11050399	165941	127300	38641	8529166	456572	2064642	7642622	3407796	0.092	0.041	5171749	4694283	554274	1635819	3440184	3384099	433219	919244	1731565	1310184	121055	716575	11045672	4727	19	5235393	3293773	344129	112443	2063081	1561	7642603	3407796
2021-03-22	11318503	268104	192012	76092	8695419	480280	2142785	7834634	3483888	0.094	0.042	5329624	4766248	576579	1645397	3534739	3445389	453483	925279	1794885	1320859	123096	720118	11312248	6255	19	5332963	3362456	360478	119802	2141174	1611	7834615	3483888
2021-03-23	11617442	298939	215967	82972	8875692	500026	2241705	8050601	3566860	0.097	0.043	5490190	4854892	604288	1656865	3629814	3521119	478432	932910	1860376	1333773	125856	723955	11606199	11243	19	5435241	3440451	375300	124726	2240041	1664	8050582	3566860
2021-03-24	11952117	334675	246664	88011	9073005	533495	2345598	8297265	3654871	0.100	0.044	5664852	4952071	635971	1672375	3732242	3605792	507202	944863	1932610	1346279	128769	727512	11935082	17035	19	5549859	3523146	403509	129986	2343878	1720	8297246	3654871
2021-03-25	12290656	338539	258694	79845	9259882	561146	2469609	8555959	3734716	0.103	0.045	5830941	5060081	670798	1683452	3832663	3703768	539527	951994	1998278	1356313	131271	731458	12267676	22980	19	5662502	3597380	425627	135519	2467811	1798	8555940	3734716
2021-03-26	12668479	377823	289069	88754	9463006	598027	2607427	8845028	3823470	0.106	0.046	6003833	5184282	710463	1698535	3933360	3816071	576057	962322	2070473	1368211	134406	736213	12639185	29294	19	5783611	3679395	455846	142181	2605552	1875	8845009	3823470
2021-03-27	12957160	288681	226299	62382	9615723	625568	2715850	9071327	3885852	0.109	0.047	6147056	5279869	744190	1703356	4023632	3903670	607441	965464	2123424	1376199	136749	737892	12925516	31644	19	5877047	3738676	480338	145230	2713923	1927	9071308	3885852
2021-03-28	13156097	198937	146042	52895	9734082	644114	2777880	9217371	3938747	0.111	0.047	6253046	5333384	768116	1706823	4085867	3950861	629648	967502	2167179	1382523	138468	739321	13124262	31835	21	5945816	3788266	495629	148485	2775905	1975	9217350	3938747
2021-03-29	13467521	311424	222104	89320	9923826	669992	2873682	9439475	4028067	0.114	0.048	6418833	5404751	806706	1716518	4180272	4010842	665103	973637	2238561	1393909	141603	742881	13429738	37783	21	6053584	3870242	514216	155776	2871654	2028	9439454	4028067
2021-03-30	13799327	331806	237776	94030	10142763	696181	2960362	9677251	4122097	0.116	0.050	6591913	5474211	853024	1727240	4280843	4069380	706095	981320	2311070	1404831	146929	745920	13749408	49919	21	6185966	3956797	532991	163190	2958273	2089	9677230	4122097
2021-03-31	14139020	339693	236391	103302	10391003	734280	3013716	9913642	4225399	0.119	0.051	6774517	5538855	899988	1738789	4384637	4121392	747318	988525	2389880	1417463	152670	750264	14072786	66234	21	6339817	4051186	562212	172068	3011592	2124	9913621	4225399
2021-04-01	14467413	328393	235043	93350	10629396	767908	3070088	10148685	4318749	0.122	0.052	6936269	5606629	944397	1747554	4476928	4175958	787230	994147	2459341	1430671	157167	753407	14381100	86313	21	6493348	4136048	587395	180513	3067921	2167	10148664	4318749
2021-04-02	14694131	226718	157024	69694	10808742	784207	3101161	10305709	4388443	0.124	0.053	7067172	5654574	981393	1749910	4552089	4213818	820223	995356	2515083	1440756	161170	754554	14606294	87837	21	6608323	4200419	598395	185812	3098970	2191	10305688	4388443
2021-04-03	14926895	232764	166990	65774	10983911	800944	3142019	10472699	4454217	0.126	0.054	7198861	5698683	1018737	1753036	4633025	4248782	853330	997097	2565836	1449901	165407	755939	14837659	89236	21	6723042	4260869	609844	191100	3139792	2227	10472678	4454217
2021-04-04	15123385	196490	142917	53573	11119940	812012	3191412	10615616	4507790	0.128	0.054	7309766	5731715	1048001	1754173	4704262	4274251	879171	997551	2605504	1457464	168830	756622	15034013	89372	21	6809918	4310022	616532	195480	3189145	2267	10615595	4507790
2021-04-05	15371826	248441	175821	72620	11286063	830878	3254864	10791437	4580410	0.130	0.055	7456036	5770066	1081529	1756372	4794323	4302940	907924	998846	2661713	1467126	173605	757526	15281144	90682	21	6908733	4377330	630125	200753	3252558	2306	10791416	4580410
2021-04-06	15745270	373444	277190	96254	11540924	863047	3341278	11068627	4676664	0.133	0.056	7644926	5826686	1124640	1761928	4910112	4346229	944820	1001588	2734814	1480457	179820	760340	15617961	127309	21	7076060	4464864	653652	209395	3338894	2384	11068606	4676664
2021-04-07	16424473	679203	582350	96853	12083837	899789	3440826	11650977	4773517	0.140	0.057	7644926	5826686	1124640	1761928	4910112	4346229	944820	1001588	2734814	1480457	179820	760340	15991500	432973	21	7530704	4553133	681902	217887	3438350	2476	11650956	4773517
2021-04-08	17157534	733061	643507	89554	12658934	934657	3563922	12294484	4863071	0.148	0.058	7644926	5826686	1124640	1761928	4910112	4346229	944820	1001588	2734814	1480457	179820	760340	16399683	757851	21	8025237	4633697	707871	226786	3561355	2567	12294463	4863071
2021-04-09	17785487	627953	539346	88607	13150052	971235	3664179	12833830	4951678	0.154	0.060	7644926	5826686	1124640	1761928	4910112	4346229	944820	1001588	2734814	1480457	179820	760340	16788133	997354	21	8439200	4710852	733093	238142	3661516	2663	12833809	4951678
2021-04-10	18156485	370998	305928	65070	13398232	994554	3763678	13139758	5016748	0.158	0.060	7644926	5826686	1124640	1761928	4910112	4346229	944820	1001588	2734814	1480457	179820	760340	17126085	1030400	21	8630107	4768125	748683	245871	3760947	2731	13139737	5016748
2021-04-11	18418974	262489	212448	50041	13567362	1012890	3838701	13352206	5066789	0.161	0.061	7644926	5826686	1124640	1761928	4910112	4346229	944820	1001588	2734814	1480457	179820	760340	17383495	1035479	21	8752926	4814436	763338	249552	3835921	2780	13352185	5066789
2021-04-12	18836269	417295	340530	76765	13847510	1042095	3946642	13692737	5143554	0.165	0.062	7644926	5826686	1124640	1761928	4910112	4346229	944820	1001588	2734814	1480457	179820	760340	17752283	1083986	22	8964993	4882517	783930	258165	3943792	2850	13692715	5143554
2021-04-13	19408540	572271	498910	73361	14278188	1068914	4061416	14191647	5216915	0.171	0.063	7644926	5826686	1124640	1761928	4910112	4346229	944820	1001588	2734814	1480457	179820	760340	18128424	1280116	22	9327974	4950214	805285	263629	4058366	3050	14191625	5216915
2021-04-14	20182583	774043	691002	83041	14895589	1102458	4184514	14882649	5299956	0.179	0.064	7644926	5826686	1124640	1761928	4910112	4346229	944820	1001588	2734814	1480457	179820	760340	18528670	1653913	22	9871405	5024184	830328	272130	4180894	3620	14882627	5299956
2021-04-15	20861898	679315	608472	70843	15428146	1139020	4294709	15491122	5370799	0.186	0.065	7644926	5826686	1124640	1761928	4910112	4346229	944820	1001588	2734814	1480457	179820	760340	18912356	1949542	23	10343116	5085030	857844	281176	4290139	4570	15491099	5370799
2021-04-16	21457671	595773	520928	74845	15866265	1171962	4419421	16012050	5445644	0.193	0.065	7644926	5826686	1124640	1761928	4910112	4346229	944820	1001588	2734814	1480457	179820	760340	19313290	2144381	23	10715975	5150290	882010	289952	4414042	5379	16012027	5445644
2021-04-17	21821776	364105	307694	56411	16091405	1194682	4535666	16319744	5502055	0.196	0.066	7644926	5826686	1124640	1761928	4910112	4346229	944820	1001588	2734814	1480457	179820	760340	19655591	2166185	23	10893269	5198136	897631	297051	4528821	6845	16319721	5502055
2021-04-18	22089756	267980	229123	38857	16263857	1209715	4616161	16548867	5540912	0.199	0.067	7644926	5826686	1124640	1761928	4910112	4346229	944820	1001588	2734814	1480457	179820	760340	19918960	2170796	23	11031820	5232037	908813	300902	4608211	7950	16548844	5540912
2021-04-19	22491440	401684	340854	60830	16557975	1242382	4691059	16889722	5601742	0.203	0.067	7644926	5826686	1124640	1761928	4910112	4346229	944820	1001588	2734814	1480457	179820	760340	20276313	2215127	24	11274181	5283794	933643	308739	4681874	9185	16889698	5601742
2021-04-20	23049507	558067	496125	61942	16938290	1281212	4829981	17385847	5663684	0.209	0.068	7644926	5826686	1124640	1761928	4910112	4346229	944820	1001588	2734814	1480457	179820	760340	20639929	2409578	24	11601135	5337155	965910	315302	4818778	11203	17385823	5663684
2021-04-21	23769286	719779	647156	72623	17392011	1322686	5054565	18033003	5736307	0.217	0.069	7644926	5826686	1124640	1761928	4910112	4346229	944820	1001588	2734814	1480457	179820	760340	21020560	2748726	24	11992741	5399270	999334	323352	5040904	13661	18032979	5736307
2021-04-22	24406367	637081	570156	66925	17773216	1365922	5267205	18603159	5803232	0.224	0.070	7644926	5826686	1124640	1761928	4910112	4346229	944820	1001588	2734814	1480457	179820	760340	21390382	3015985	24	12318349	5454867	1034900	331022	5249886	17319	18603135	5803232
2021-04-23	24956774	550407	483009	67398	18122942	1408258	5425541	19086177	5870630	0.229	0.071	7644926	5826686	1124640	1761928	4910112	4346229	944820	1001588	2734814	1480457	179820	760340	21772594	3184180	33	12614329	5508613	1067151	341107	5404664	20877	19086144	5870630
2021-04-24	25323632	366858	307877	58981	18358614	1458349	5506634	19394056	5929611	0.233	0.071	7644926	5826686	1124640	1761928	4910112	4346229	944820	1001588	2734814	1480457	179820	760340	22122541	3201091	35	12808967	5549647	1101689	356660	5483365	23269	19394021	5929611
2021-04-25	25605948	282316	234349	47967	18545815	1492103	5567995	19628405	5977578	0.236	0.072	7644926	5826686	1124640	1761928	4910112	4346229	944820	1001588	2734814	1480457	179820	760340	22399043	3206905	35	12959705	5586110	1125778	366325	5542887	25108	19628370	5977578
2021-04-26	26038350	432402	358756	73646	18863828	1534600	5639806	19987242	6051224	0.240	0.073	7644926	5826686	1124640	1761928	4910112	4346229	944820	1001588	2734814	1480457	179820	760340	22744853	3293497	116	13216774	5647054	1159678	374922	5610674	29132	19987126	6051224
2021-04-27	26821935	783585	692913	90672	19539321	1585930	5696107	20680616	6141896	0.249	0.074	7644926	5826686	1124640	1761928	4910112	4346229	944820	1001588	2734814	1480457	179820	760340	23113558	3708377	577	13815675	5723646	1201896	384034	5662468	33639	20680039	6141896
2021-04-28	27944036	1122101	994685	127416	20547823	1646094	5748814	21676029	6269312	0.261	0.075	7644926	5826686	1124640	1761928	4910112	4346229	944820	1001588	2734814	1480457	179820	760340	23506576	4437460	1305	14714904	5832919	1249755	396339	5710065	38749	21674724	6269312
2021-04-29	28889418	945382	812224	133158	21372080	1709666	5805481	22489139	6402470	0.270	0.077	7644926	5826686	1124640	1761928	4910112	4346229	944820	1001588	2734814	1480457	179820	760340	23893890	4995528	2191	15427005	5945075	1301070	408596	5758873	46608	22486948	6402470
2021-04-30	29692337	802919	665204	137715	22050482	1766652	5872180	23155175	6540185	0.278	0.079	7644926	5826686	1124640	1761928	4910112	4346229	944820	1001588	2734814	1480457	179820	760340	24296963	5395374	3023	15992978	6057504	1343043	423609	5816131	56049	23152152	6540185
2021-05-01	30028040	335703	260051	75652	22303335	1807838	5911267	23417803	6615837	0.282	0.080	7644926	5826686	1124640	1761928	4910112	4346229	944820	1001588	2734814	1480457	179820	760340	24608016	5420024	5600	16185194	6118141	1377830	430008	5849179	62088	23412203	6615837
2021-05-02	30291320	263280	196935	66345	22497489	1845166	5941260	23616543	6682182	0.284	0.080	7644926	5826686	1124640	1761928	4910112	4346229	944820	1001588	2734814	1480457	179820	760340	24863641	5427679	7405	16324734	6172755	1409875	435291	5874529	66731	23609138	6682182
2021-05-03	30743415	452095	335037	117058	22815804	1915965	6002716	23953105	6799240	0.288	0.082	7644926	5826686	1124640	1761928	4910112	4346229	944820	1001588	2734814	1480457	179820	760340	25221876	5521539	8930	16551383	6264421	1467420	448545	5925372	77344	23944175	6799240
2021-05-04	31585202	841787	680497	161290	23441839	1978730	6152914	24636391	6960530	0.296	0.084	7644926	5826686	1124640	1761928	4910112	4346229	944820	1001588	2734814	1480457	179820	760340	25596411	5988791	11719	17046016	6395823	1516928	461802	6061728	91186	24624672	6960530
2021-05-05	32726633	1141431	911735	229696	24288447	2057786	6364778	25552029	7190226	0.307	0.086	7644926	5826686	1124640	1761928	4910112	4346229	944820	1001588	2734814	1480457	179820	760340	26011878	6714755	15622	17709318	6579129	1570336	487450	6256753	108025	25536407	7190226
2021-05-06	33709470	982837	764055	218782	24975334	2149196	6565377	26320025	7409008	0.316	0.089	7644926	5826686	1124640	1761928	4910112	4346229	944820	1001588	2734814	1480457	179820	760340	26419604	7289866	19563	18222584	6752750	1639967	509229	6437911	127466	26300462	7409008
2021-05-07	34590241	880771	646630	234141	25555203	2235392	6776373	26970365	7643149	0.324	0.092	7644926	5826686	1124640	1761928	4910112	4346229	944820	1001588	2734814	1480457	179820	760340	26856359	7733882	23273	18631922	6923281	1695196	540196	6619974	156399	26947092	7643149
2021-05-08	35016483	426242	271438	154804	25823278	2307315	6860899	27243521	7797953	0.328	0.094	7644926	5826686	1124640	1761928	4910112	4346229	944820	1001588	2734814	1480457	179820	760340	27222110	7794373	24991	18786475	7036803	1747193	560122	6684862	176037	27218530	7797953
2021-05-09	35303070	286587	183549	103038	26017637	2363883	6895492	27428137	7900991	0.330	0.095	7644926	5826686	1124640	1761928	4910112	4346229	944820	1001588	2734814	1480457	179820	760340	27497662	7805408	26058	18901113	7116524	1792924	570959	6708042	187450	27402079	7900991
2021-05-10	35890937	587867	394210	193657	26390436	2444998	7025725	27826067	8094648	0.335	0.097	7644926	5826686	1124640	1761928	4910112	4346229	944820	1001588	2734814	1480457	179820	760340	27896631	7994306	29778	19131733	7258703	1851937	593061	6812619	213106	27796289	8094648
2021-05-11	36972634	1081697	795820	285877	27213840	2524058	7201514	28625331	8380525	0.344	0.101	7644926	5826686	1124640	1761928	4910112	4346229	944820	1001588	2734814	1480457	179820	760340	28324633	8648001	33222	19723588	7490252	1909044	615014	6959477	242037	28592109	8380525
2021-05-12	38381246	1408612	1044708	363904	28302867	2614170	7425789	29675237	8744429	0.357	0.105	7644926	5826686	1124640	1761928	4910112	4346229	944820	1001588	2734814	1480457	179820	760340	28777262	9603984	38420	20518012	7784855	1968716	645454	7150089	275700	29636817	8744429
2021-05-13	38808265	427019	266124	160895	28616740	2680606	7470237	29943623	8905324	0.360	0.107	7644926	5826686	1124640	1761928	4910112	4346229	944820	1001588	2734814	1480457	179820	760340	29130802	9677463	40682	20703548	7913192	2019998	660608	7179395	290842	29902941	8905324
2021-05-14	39560593	752328	522946	229382	29159344	2744814	7608331	30473991	9134706	0.366	0.110	7644926	5826686	1124640	1761928	4910112	4346229	944820	1001588	2734814	1480457	179820	760340	29531793	10028800	48104	21066303	8093041	2068866	675948	7290718	317613	30425887	9134706
2021-05-15	39957550	396957	231998	164959	29436286	2804274	7664612	30710263	9299665	0.369	0.112	7644926	5826686	1124640	1761928	4910112	4346229	944820	1001588	2734814	1480457	179820	760340	29881084	10076466	52378	21221614	8214672	2111792	692482	7324479	340133	30657885	9299665
2021-05-16	40238344	280794	158716	122078	29635338	2856763	7689225	30873619	9421743	0.371	0.113	7644926	5826686	1124640	1761928	4910112	4346229	944820	1001588	2734814	1480457	179820	760340	30145873	10092471	57018	21326727	8308611	2154375	702388	7335499	353726	30816601	9421743
2021-05-17	40791667	553323	346351	206972	29973825	2939375	7810786	31230633	9628715	0.376	0.116	7644926	5826686	1124640	1761928	4910112	4346229	944820	1001588	2734814	1480457	179820	760340	30529878	10261789	67681	21519107	8454718	2212838	726537	7431007	379779	31162952	9628715
2021-05-18	41667757	876090	517732	358358	30566465	3042182	7983775	31756019	9987073	0.382	0.120	7644926	5826686	1124640	1761928	4910112	4346229	944820	1001588	2734814	1480457	179820	760340	30950964	10716793	75335	21817798	8748667	2286741	755441	7576145	407630	31680684	9987073
2021-05-19	42768402	1100645	562153	538492	31374289	3140832	8165398	32330720	10525565	0.389	0.127	7644926	5826686	1124640	1761928	4910112	4346229	944820	1001588	2734814	1480457	179820	760340	31371831	11396571	87883	22161431	9212858	2352127	788705	7729279	436119	32242837	10525565
2021-05-20	43710066	941664	451180	490484	32053622	3236422	8321400	32792639	11016049	0.394	0.132	7644926	5826686	1124640	1761928	4910112	4346229	944820	1001588	2734814	1480457	179820	760340	31782552	11927514	98622	22419848	9633774	2416084	820338	7858085	463315	32694017	11016049
2021-05-21	44554243	844177	401941	442236	32645853	3320345	8478537	33205466	11458285	0.399	0.138	7644926	5826686	1124640	1761928	4910112	4346229	944820	1001588	2734814	1480457	179820	760340	32204009	12350234	109508	22640363	10005490	2470902	849443	7984693	493844	33095958	11458285
2021-05-22	45029721	475478	214387	261091	32951924	3390987	8562367	33434788	11719376	0.402	0.141	7644926	5826686	1124640	1761928	4910112	4346229	944820	1001588	2734814	1480457	179820	760340	32550557	12479164	124443	22738342	10213582	2519271	871716	8052732	509635	33310345	11719376
2021-05-23	45315733	286012	124148	161864	33144785	3450112	8586293	33569036	11881240	0.404	0.143	7644926	5826686	1124640	1761928	4910112	4346229	944820	1001588	2734814	1480457	179820	760340	32818448	12497285	134543	22803624	10341161	2563300	886812	8067569	518724	33434493	11881240
2021-05-24	45638647	322914	139151	183763	33378786	3510298	8606904	33716303	12065003	0.405	0.145	7644926	5826686	1124640	1761928	4910112	4346229	944820	1001588	2734814	1480457	179820	760340	33125837	12512810	142659	22885632	10493154	2608454	901844	8079558	527346	33573644	12065003
2021-05-25	46291284	652637	270034	382603	33824119	3589437	8710141	34011265	12447606	0.409	0.150	7644926	5826686	1124640	1761928	4910112	4346229	944820	1001588	2734814	1480457	179820	760340	33519531	12771753	167587	23025645	10798474	2659801	929636	8158232	551909	33843678	12447606
2021-05-26	47462577	1171293	464413	706880	34704854	3669229	8842879	34553706	13154486	0.415	0.158	7644926	5826686	1124640	1761928	4910112	4346229	944820	1001588	2734814	1480457	179820	760340	33927409	13535168	245615	23337678	11367176	2710895	958334	8259518	583361	34308091	13154486
2021-05-27	48494723	1032146	400696	631450	35438268	3756035	8973642	35035565	13785936	0.421	0.166	7644926	5826686	1124640	1761928	4910112	4346229	944820	1001588	2734814	1480457	179820	760340	34337718	14157005	326778	23593412	11844856	2761364	994671	8354011	619631	34708787	13785936
2021-05-28	49387437	892714	352273	540441	36035033	3840532	9102435	35470497	14326377	0.426	0.172	7644926	5826686	1124640	1761928	4910112	4346229	944820	1001588	2734814	1480457	179820	760340	34762471	14624966	409437	23807508	12227525	2811118	1029414	8442434	660001	35061060	14326377
2021-05-29	49798370	410933	152799	258134	36297509	3903002	9159415	35652303	14584511	0.429	0.175	7644926	5826686	1124640	1761928	4910112	4346229	944820	1001588	2734814	1480457	179820	760340	35098995	14699375	438444	23887907	12409602	2848586	1054416	8477366	682049	35213859	14584511
2021-05-30	50081138	282768	97891	184877	36494363	3949688	9187713	35761124	14769388	0.430	0.178	7644926	5826686	1124640	1761928	4910112	4346229	944820	1001588	2734814	1480457	179820	760340	35359945	14721193	449374	23947450	12546913	2875775	1073913	8488525	699188	35311750	14769388
2021-05-31	50619265	538127	174363	363764	36857474	4014510	9255419	35977975	15133152	0.433	0.182	7644926	5826686	1124640	1761928	4910112	4346229	944820	1001588	2734814	1480457	179820	760340	35740303	14878962	491862	24057318	12800156	2901837	1112673	8526958	728461	35486113	15133152
2021-06-01	51596294	977029	395926	581103	37584654	4091483	9344118	36458078	15714255	0.438	0.189	7644926	5826686	1124640	1761928	4910112	4346229	944820	1001588	2734814	1480457	179820	760340	36126859	15469435	576039	24371241	13213413	2930055	1161428	8580743	763375	35882039	15714255
2021-06-02	52830992	1234698	514432	720266	38565443	4162070	9424541	37075409	16434521	0.446	0.198	7644926	5826686	1124640	1761928	4910112	4346229	944820	1001588	2734814	1480457	179820	760340	36521279	16309713	678938	24818578	13746865	2954394	1207676	8623499	801042	36396471	16434521
2021-06-03	53463871	632879	227937	404942	39034506	4224640	9473878	37355255	16839463	0.449	0.202	7644926	5826686	1124640	1761928	4910112	4346229	944820	1001588	2734814	1480457	179820	760340	36874745	16589126	730847	24996999	14037507	2983341	1241299	8644068	829810	36624408	16839463
2021-06-04	54281654	817783	292372	525411	39628789	4294381	9550932	37724332	17364874	0.454	0.209	7644926	5826686	1124640	1761928	4910112	4346229	944820	1001588	2734814	1480457	179820	760340	37290040	16991614	807552	25226565	14402224	3011883	1282498	8678332	872600	36916780	17364874
2021-06-05	54688287	406633	95845	310788	39897674	4359736	9593792	37849710	17675662	0.455	0.213	7644926	5826686	1124640	1761928	4910112	4346229	944820	1001588	2734814	1480457	179820	760340	37633129	17055158	837085	25285072	14612602	3038378	1321358	8689175	904617	37012625	17675662
2021-06-06	54978280	289993	59654	230339	40103105	4400530	9621076	37925848	17906001	0.456	0.215	7644926	5826686	1124640	1761928	4910112	4346229	944820	1001588	2734814	1480457	179820	760340	37893413	17084867	853569	25329178	14773927	3050303	1350227	8692798	928278	37072279	17906001
2021-06-07	55577867	599587	188760	410827	40497295	4480870	9691897	38168844	18316828	0.459	0.220	7644926	5826686	1124640	1761928	4910112	4346229	944820	1001588	2734814	1480457	179820	760340	38253716	17323248	907805	25460288	15037007	3076951	1403919	8723800	968097	37261039	18316828
2021-06-08	56602333	1024466	318910	705556	41319267	4553784	9753591	38555640	19022384	0.464	0.229	7644926	5826686	1124640	1761928	4910112	4346229	944820	1001588	2734814	1480457	179820	760340	38630361	17968865	975691	25721252	15598015	3103017	1450767	8755680	997911	37579949	19022384
2021-06-09	57951263	1348930	414208	934722	42431190	4633942	9815102	39065186	19957106	0.470	0.240	7644926	5826686	1124640	1761928	4910112	4346229	944820	1001588	2734814	1480457	179820	760340	38988562	18956810	1071029	26076178	16355012	3130150	1503792	8787829	1027273	37994157	19957106
2021-06-10	59105597	1154334	372531	781803	43353784	4722642	9869830	39526029	20738909	0.475	0.249	7644926	5826686	1124640	1761928	4910112	4346229	944820	1001588	2734814	1480457	179820	760340	39391355	19705530	1159341	26390187	16963597	3162047	1560595	8814454	1055376	38366688	20738909
2021-06-11	60130764	1025167	332556	692611	44127832	4810304	9936849	39955023	21431520	0.480	0.258	7644926	5826686	1124640	1761928	4910112	4346229	944820	1001588	2734814	1480457	179820	760340	39800746	20318630	1255779	26666858	17460974	3188938	1621366	8843448	1093401	38699244	21431520
2021-06-12	60556130	425366	116122	309244	44404159	4881582	9979483	40106272	21740764	0.482	0.261	7644926	5826686	1124640	1761928	4910112	4346229	944820	1001588	2734814	1480457	179820	760340	40123015	20420893	1290906	26751371	17652788	3207499	1674083	8856496	1122987	38815366	21740764
2021-06-13	60836386	280256	63546	216710	44581751	4945041	10004945	40183561	21957474	0.483	0.264	7644926	5826686	1124640	1761928	4910112	4346229	944820	1001588	2734814	1480457	179820	760340	40367611	20456247	1304649	26794390	17787361	3223338	1721703	8861184	1143761	38878912	21957474
2021-06-14	61469381	632995	197433	435562	44993581	5045202	10070982	40435961	22393036	0.486	0.269	7644926	5826686	1124640	1761928	4910112	4346229	944820	1001588	2734814	1480457	179820	760340	40758095	20696780	1359616	26950978	18042603	3246745	1798457	8878622	1192360	39076345	22393036
2021-06-15	62479579	1010198	316478	693720	45758720	5148435	10153915	40811332	23086756	0.491	0.278	7644926	5826686	1124640	1761928	4910112	4346229	944820	1001588	2734814	1480457	179820	760340	41178114	21283470	1418509	27220016	18538704	3274639	1873796	8898168	1255747	39392823	23086756
2021-06-16	63816216	1336637	429760	906877	46819116	5254843	10248007	41316833	23993633	0.497	0.289	7644926	5826686	1124640	1761928	4910112	4346229	944820	1001588	2734814	1480457	179820	760340	41612178	22182018	1494250	27590689	19228427	3308421	1946422	8923473	1324534	39822583	23993633
2021-06-17	64913809	1097593	360285	737308	47658555	5356851	10336312	41744959	24730941	0.502	0.297	7644926	5826686	1124640	1761928	4910112	4346229	944820	1001588	2734814	1480457	179820	760340	42036201	22852215	1562091	27899989	19758566	3337508	2019343	8945371	1390941	40182868	24730941
2021-06-18	65858637	944828	312598	632230	48351495	5448047	10428533	42126028	25363171	0.507	0.305	7644926	5826686	1124640	1761928	4910112	4346229	944820	1001588	2734814	1480457	179820	760340	42448042	23382503	1630562	28160101	20191394	3368157	2079890	8967208	1461325	40495466	25363171
2021-06-19	66270285	411648	109934	301714	48612557	5529259	10477274	42256595	25664885	0.508	0.309	7644926	5826686	1124640	1761928	4910112	4346229	944820	1001588	2734814	1480457	179820	760340	42773949	23466988	1651195	28242870	20369687	3388911	2140348	8973619	1503655	40605400	25664885
2021-06-20	66566379	296094	67422	228672	48796384	5599619	10506977	42336221	25893557	0.509	0.311	7644926	5826686	1124640	1761928	4910112	4346229	944820	1001588	2734814	1480457	179820	760340	43040138	23496614	1663399	28291683	20504701	3404787	2194832	8976352	1530625	40672822	25893557
2021-06-21	67164292	597913	189946	407967	49183317	5693539	10588215	42561989	26301524	0.512	0.316	7644926	5826686	1124640	1761928	4910112	4346229	944820	1001588	2734814	1480457	179820	760340	43406501	23726147	1699221	28443943	20739374	3429088	2264451	8989737	1598478	40862768	26301524
2021-06-22	68167982	1003690	328295	675395	49969810	5784943	10681424	42922868	26976919	0.516	0.324	7644926	5826686	1124640	1761928	4910112	4346229	944820	1001588	2734814	1480457	179820	760340	43777493	24354112	1731805	28725538	21244272	3460320	2324623	9005205	1676219	41191063	26976919
