date	dosen_kumulativ	dosen_differenz_zum_vortag	dosen_erst_differenz_zum_vortag	dosen_zweit_differenz_zum_vortag	dosen_biontech_kumulativ	dosen_moderna_kumulativ	dosen_astrazeneca_kumulativ	personen_erst_kumulativ	personen_voll_kumulativ	impf_quote_erst	impf_quote_voll	indikation_alter_dosen	indikation_beruf_dosen	indikation_medizinisch_dosen	indikation_pflegeheim_dosen	indikation_alter_erst	indikation_beruf_erst	indikation_medizinisch_erst	indikation_pflegeheim_erst	indikation_alter_voll	indikation_beruf_voll	indikation_medizinisch_voll	indikation_pflegeheim_voll	dosen_dim_kumulativ	dosen_kbv_kumulativ	dosen_johnson_kumulativ	dosen_biontech_erst_kumulativ	dosen_biontech_zweit_kumulativ	dosen_moderna_erst_kumulativ	dosen_moderna_zweit_kumulativ	dosen_astrazeneca_erst_kumulativ	dosen_astrazeneca_zweit_kumulativ	dosen_erst_kumulativ	dosen_zweit_kumulativ
2020-12-27	23323	23323	23306	17	23321	2	0	23306	17	0.000	0.000	10705	8657	1305	12604	10664	8590	1305	12536	41	67	0	68	23323	0	0	23304	17	2	0	0	0	23306	17
2020-12-28	41141	17818	17779	39	41139	2	0	41085	56	0.000	0.000	18621	15788	1991	21344	18580	15721	1991	21276	41	67	0	68	41141	0	0	41083	56	2	0	0	0	41085	56
2020-12-29	90959	49818	49095	723	90957	2	0	90180	779	0.001	0.000	34989	40734	3107	40508	34724	40420	3107	40099	265	314	0	409	90959	0	0	90178	779	2	0	0	0	90180	779
2020-12-30	152746	61787	61659	128	152744	2	0	151839	907	0.002	0.000	55510	73365	4901	63206	55243	73050	4901	62794	267	315	0	412	152746	0	0	151837	907	2	0	0	0	151839	907
2020-12-31	203029	50283	50133	150	203027	2	0	201972	1057	0.002	0.000	72831	96719	6752	83965	72517	96367	6752	83476	314	352	0	489	203029	0	0	201970	1057	2	0	0	0	201972	1057
2021-01-01	228785	25756	25745	11	228775	7	3	227717	1068	0.003	0.000	81208	105449	7830	92301	80894	105097	7830	91812	314	352	0	489	228785	0	0	227708	1067	7	0	2	1	227717	1068
2021-01-02	276425	47640	47355	285	276415	7	3	275072	1353	0.003	0.000	102774	129731	10350	113258	102365	129304	10350	112629	409	427	0	629	276425	0	0	275063	1352	7	0	2	1	275072	1353
2021-01-03	298605	22180	22173	7	298595	7	3	297245	1360	0.004	0.000	113044	140227	11284	123279	112635	139800	11284	122650	409	427	0	629	298605	0	0	297236	1359	7	0	2	1	297245	1360
2021-01-04	345177	46572	46519	53	345166	8	3	343764	1413	0.004	0.000	129646	164913	13951	139091	129237	164486	13951	138462	409	427	0	629	345177	0	0	343754	1412	8	0	2	1	343764	1413
2021-01-05	397069	51892	51862	30	397057	9	3	395626	1443	0.005	0.000	147987	192565	16489	157656	147576	192117	16489	157025	411	448	0	631	397069	0	0	395615	1442	9	0	2	1	395626	1443
2021-01-06	459262	62193	62184	9	459242	15	5	457810	1452	0.006	0.000	169498	225530	19910	180812	169086	225082	19910	180181	412	448	0	631	459262	0	0	457791	1451	15	0	4	1	457810	1452
2021-01-07	513407	54145	54136	9	513383	18	6	511946	1461	0.006	0.000	189172	254868	22957	197233	188758	254418	22957	196600	414	450	0	633	513407	0	0	511923	1460	18	0	5	1	511946	1461
2021-01-08	575283	61876	61545	331	575209	67	7	573491	1792	0.007	0.000	211521	287315	26324	218219	211009	286711	26320	217449	512	604	4	770	575283	0	0	573418	1791	67	0	6	1	573491	1792
2021-01-09	634779	59496	59448	48	634705	67	7	632939	1840	0.008	0.000	237322	313238	29007	243325	236798	312599	29003	242545	524	639	4	780	634779	0	0	632866	1839	67	0	6	1	632939	1840
2021-01-10	669431	34652	34643	9	669355	69	7	667582	1849	0.008	0.000	252455	327794	30379	256315	251929	327151	30375	255535	526	643	4	780	669431	0	0	667507	1848	69	0	6	1	667582	1849
2021-01-11	736550	67119	67065	54	736470	72	8	734647	1903	0.009	0.000	277513	359176	33587	276774	276967	358513	33583	275968	546	663	4	806	736550	0	0	734568	1902	72	0	7	1	734647	1903
2021-01-12	817294	80744	80683	61	817199	87	8	815330	1964	0.010	0.000	305695	401338	36582	301731	305147	400670	36578	300888	548	668	4	843	817294	0	0	815236	1963	87	0	7	1	815330	1964
2021-01-13	928916	111622	111425	197	927650	1258	8	926755	2161	0.011	0.000	345167	458844	40485	337339	344574	458093	40466	336399	593	751	19	940	928916	0	0	925490	2160	1258	0	7	1	926755	2161
2021-01-14	1010961	82045	81861	184	1004554	6399	8	1008616	2345	0.012	0.000	374803	501101	42769	361463	374094	500254	42750	360452	709	847	19	1011	1010961	0	0	1002254	2300	6355	44	7	1	1008616	2345
2021-01-15	1100986	90025	89223	802	1089311	11662	13	1097839	3147	0.013	0.000	408725	545673	46728	389202	407810	544625	46700	387982	915	1048	28	1220	1100986	0	0	1086209	3102	11618	44	12	1	1097839	3147
2021-01-16	1158097	57111	56093	1018	1144741	13342	14	1153932	4165	0.014	0.000	432983	570627	48859	408798	431664	569232	48767	407047	1319	1395	92	1751	1158097	0	0	1140621	4120	13298	44	13	1	1153932	4165
2021-01-17	1206431	48334	30544	17790	1191813	14603	15	1184476	21955	0.014	0.000	453449	591002	50884	428544	444215	583354	50014	417145	9234	7648	870	11399	1206431	0	0	1169903	21910	14559	44	14	1	1184476	21955
2021-01-18	1288526	82095	66217	15878	1269755	18755	16	1250693	37833	0.015	0.000	482728	633883	53106	448900	467235	619730	51700	430238	15493	14153	1406	18662	1288526	0	0	1231969	37786	18709	46	15	1	1250693	37833
2021-01-19	1407002	118476	82435	36041	1384561	22417	24	1333128	73874	0.016	0.001	519765	695968	56714	479843	492669	666683	54375	447938	27096	29285	2339	31905	1407002	0	0	1310738	73823	22367	50	23	1	1333128	73874
2021-01-20	1539134	132132	77873	54259	1513950	25157	27	1411001	128133	0.017	0.002	568076	760039	60957	522078	522876	706310	57505	469463	45200	53729	3452	52615	1539134	0	0	1385868	128082	25107	50	26	1	1411001	128133
2021-01-21	1645248	106114	64194	41920	1617326	27895	27	1475195	170053	0.018	0.002	610150	808503	65406	556195	549621	735602	60889	487988	60529	72901	4517	68207	1645248	0	0	1447325	170001	27844	51	26	1	1475195	170053
2021-01-22	1748112	102864	68215	34649	1717998	30080	34	1543410	204702	0.019	0.002	654049	853889	69013	590642	579902	764987	63599	506975	74147	88902	5414	83667	1748112	0	0	1513352	204646	30025	55	33	1	1543410	204702
2021-01-23	1834906	86794	40749	46045	1804431	30438	37	1584159	250747	0.019	0.003	691767	890989	72414	617916	599855	780966	64783	516268	91912	110023	7631	101648	1834906	0	0	1553741	250690	30382	56	36	1	1584159	250747
2021-01-24	1882633	47727	25736	21991	1851958	30634	41	1609895	272738	0.019	0.003	715655	910067	73331	632982	614016	789814	65130	521524	101639	120253	8201	111458	1882633	0	0	1579277	272681	30578	56	40	1	1609895	272738
2021-01-25	1973820	91187	51982	39205	1941730	32046	44	1661877	311943	0.020	0.004	756375	951632	76827	658117	642321	811974	66847	534304	114054	139658	9980	123813	1973820	0	0	1629845	311885	31989	57	43	1	1661877	311943
2021-01-26	2071317	97497	50358	47139	2037784	33482	51	1712235	359082	0.021	0.004	796572	997196	80614	684405	667753	831436	68195	545278	128819	165760	12419	139127	2071317	0	0	1678764	359020	33421	61	50	1	1712235	359082
2021-01-27	2179978	108661	50720	57941	2144651	35268	59	1762955	417023	0.021	0.005	839834	1049509	85786	715259	691463	852265	70042	556304	148371	197244	15744	158955	2179978	0	0	1727701	416950	35196	72	58	1	1762955	417023
2021-01-28	2270505	90527	45111	45416	2233521	36922	62	1808066	462439	0.022	0.006	877990	1090332	89974	739697	713483	869115	71590	567469	164507	221217	18384	172228	2270505	0	0	1771173	462348	36832	90	61	1	1808066	462439
2021-01-29	2379187	108682	51353	57329	2340757	38363	67	1859419	519768	0.022	0.006	920894	1138243	95507	769100	735839	888487	73819	578309	185055	249756	21688	190791	2379187	0	0	1821080	519677	38273	90	66	1	1859419	519768
2021-01-30	2467577	88390	34533	53857	2428271	39237	69	1893952	573625	0.023	0.007	957412	1174692	99468	796433	752473	901967	75224	586328	204939	272725	24244	210105	2467577	0	0	1854739	573532	39146	91	67	2	1893952	573625
2021-01-31	2524745	57168	25807	31361	2485057	39614	74	1919759	604986	0.023	0.007	982865	1196922	101575	812430	766590	910861	76411	592657	216275	286061	25164	219773	2524745	0	0	1880173	604884	39515	99	71	3	1919759	604986
2021-02-01	2644279	119534	57838	61696	2602332	41822	125	1977597	666682	0.024	0.008	1026174	1260299	105285	839830	787193	944041	78273	602425	238981	316258	27012	237405	2644279	0	0	1935752	666580	41723	99	122	3	1977597	666682
2021-02-02	2774944	130665	64402	66263	2729965	44842	137	2041999	732945	0.025	0.009	1069633	1330364	110479	870030	806216	982089	80866	611659	263417	348275	29613	258371	2774944	0	0	1997123	732842	44742	100	134	3	2041999	732945
2021-02-03	2934082	159138	63333	95805	2882780	51139	162	2105333	828750	0.025	0.010	1128983	1407775	116405	912544	829819	1014401	83062	623312	299164	393374	33343	289232	2934082	0	1	2054136	828644	51037	102	159	3	2105332	828750
2021-02-04	3064474	130392	59967	70425	3007476	56830	167	2165300	899175	0.026	0.011	1177986	1472437	120972	943857	851937	1046473	85311	632945	326049	425964	35661	310912	3064474	0	1	2108409	899067	56726	104	164	3	2165299	899175
2021-02-05	3208856	144382	67812	76570	3145573	63108	174	2233112	975745	0.027	0.012	1232524	1542580	126293	977786	877231	1080338	86905	644262	355293	462242	39388	333524	3208856	0	1	2169937	975636	63004	104	170	4	2233111	975745
2021-02-06	3309386	100530	47085	53445	3243572	65638	175	2280197	1029190	0.027	0.012	1272514	1588658	130853	1003590	896490	1101898	88782	653957	376024	486760	42071	349633	3309386	0	1	2214491	1029081	65534	104	171	4	2280196	1029190
2021-02-07	3362804	53418	28146	25272	3294594	68032	177	2308343	1054462	0.028	0.013	1298155	1609930	133571	1016823	910800	1112720	90015	659435	387355	497210	43556	357388	3362804	0	1	2240242	1054352	67927	105	173	4	2308342	1054462
2021-02-08	3472106	109302	53221	56081	3399786	72116	203	2361564	1110543	0.028	0.013	1350672	1655734	137545	1035599	942269	1129343	91902	666781	408403	526391	45643	368818	3472106	0	1	2289354	1110432	72010	106	199	4	2361563	1110543
2021-02-09	3605771	133665	60228	73437	3529704	75750	316	2421792	1183980	0.029	0.014	1411842	1714380	141993	1058512	978151	1147503	94639	674792	433691	566877	47354	383720	3605771	0	1	2346026	1183678	75453	297	312	4	2421791	1183980
2021-02-10	3759366	153595	77037	76558	3671103	79845	8417	2498829	1260538	0.030	0.015	1478760	1781046	146001	1087933	1017461	1175177	96286	685176	461299	605869	49715	402757	3759366	0	1	2411859	1259244	78567	1278	8402	15	2498828	1260538
2021-02-11	3900634	141268	73842	67426	3789947	87158	23526	2572673	1327964	0.031	0.016	1539776	1848576	151475	1113070	1052428	1208053	98713	694775	487348	640523	52762	418295	3900634	0	3	2466316	1323631	82853	4305	23501	25	2572670	1327964
2021-02-12	4055936	155302	78476	76826	3922602	96524	36804	2651152	1404790	0.032	0.017	1611268	1919253	157751	1138545	1094198	1240389	101429	704318	517070	678864	56322	434227	4055936	0	6	2527267	1395335	87422	9102	36457	347	2651146	1404790
2021-02-13	4163160	107224	61648	45576	4013424	99735	49994	2712801	1450366	0.033	0.017	1667599	1960972	162355	1156080	1129093	1262877	103231	711418	538506	698095	59124	444662	4163160	0	7	2574065	1439359	89089	10646	49640	354	2712794	1450366
2021-02-14	4228580	65420	39738	25682	4069089	102209	57274	2752540	1476048	0.033	0.018	1706122	1983696	163973	1164146	1153761	1276081	104081	714928	552361	707615	59892	449218	4228580	0	8	2605275	1463814	90358	11851	56899	375	2752532	1476048
2021-02-15	4353235	124655	68885	55770	4173795	107364	72067	2821426	1531818	0.034	0.018	1773591	2031897	168008	1183418	1194859	1300739	106358	721524	578732	731158	61650	461894	4353235	0	9	2657185	1516610	92556	14808	71676	391	2821417	1531818
2021-02-16	4491092	137857	82029	55828	4281830	113391	95861	2903456	1587646	0.035	0.019	1839625	2089928	170683	1200400	1236633	1336138	107879	728440	602992	753790	62804	471960	4491092	0	10	2712755	1569075	95231	18160	95460	401	2903446	1587646
2021-02-17	4641187	150095	93653	56442	4403858	121362	115956	2997110	1644088	0.036	0.020	1920033	2147919	175770	1221928	1292995	1368705	110873	736858	627038	779214	64897	485070	4641187	0	11	2781534	1622324	100019	21343	115546	410	2997099	1644088
2021-02-18	4782907	141720	90233	51487	4514303	129496	139096	3087344	1695575	0.037	0.020	1995907	2206102	179208	1240945	1345328	1403985	112659	744258	650579	802117	66549	496687	4782907	0	12	2844039	1670264	104609	24887	138684	412	3087332	1695575
2021-02-19	4937530	154623	100243	54380	4633595	139306	164616	3187588	1749955	0.038	0.021	2076668	2266444	184080	1258305	1402958	1440066	115287	750941	673710	826378	68793	507364	4937530	0	13	2912061	1721534	111411	27895	164103	513	3187575	1749955
2021-02-20	5049421	111891	75942	35949	4719468	143812	186127	3263531	1785904	0.039	0.021	2138268	2310157	187738	1272296	1445964	1469322	117533	755178	692304	840835	70205	517118	5049421	0	14	2962523	1756945	115389	28423	185605	522	3263517	1785904
2021-02-21	5135259	85838	57266	28572	4785854	147459	201931	3320798	1814476	0.040	0.022	2187054	2340674	190304	1282667	1479917	1489494	118664	757407	707137	851180	71640	525260	5135259	0	15	3000503	1785351	118876	28583	201404	527	3320783	1814476
2021-02-22	5293909	158650	98757	59893	4910408	156320	227165	3419556	1874369	0.041	0.023	2266701	2410287	195201	1300517	1538362	1525084	121627	763642	728339	885203	73574	536875	5293909	0	16	3066942	1843466	125969	30351	226629	536	3419540	1874369
2021-02-23	5460391	166482	106893	59589	5042405	163344	254625	3526450	1933958	0.042	0.023	2346910	2483166	200501	1318387	1598211	1563793	124757	771284	748699	919373	75744	547103	5460391	0	17	3141015	1901390	131338	32006	254080	545	3526433	1933958
2021-02-24	5634118	173727	114982	58745	5172942	170933	290225	3641433	1992703	0.044	0.024	2431789	2557990	207079	1337422	1660503	1608669	128907	778912	771286	949321	78172	558510	5634118	0	18	3214508	1958434	137241	33692	289666	559	3641415	1992703
2021-02-25	5822491	188373	130426	57947	5302729	177639	342105	3771859	2050650	0.045	0.025	2514175	2648479	213515	1355541	1722988	1667176	133470	787131	791187	981303	80045	568410	5822491	0	18	3287838	2014891	142467	35172	341536	569	3771841	2050650
2021-02-26	6031355	208864	143203	65661	5442070	186380	402887	3915062	2116311	0.047	0.025	2602819	2749814	220591	1375230	1787946	1735795	138593	794627	814873	1014019	81998	580603	6031355	0	18	3363182	2078888	149617	36763	402245	642	3915044	2116311
2021-02-27	6178660	147305	107356	39949	5534288	190456	453898	4022418	2156260	0.048	0.026	2666475	2822116	227301	1388101	1833818	1790224	143432	799030	832657	1031892	83869	589071	6178660	0	18	3416192	2118096	152961	37495	453247	651	4022400	2156260
2021-02-28	6285766	107106	82981	24125	5595510	194401	495837	4105399	2180385	0.049	0.026	2714700	2875405	231582	1394762	1868893	1834535	146785	801170	845807	1040870	84797	593592	6285766	0	18	3453650	2141860	156554	37847	495177	660	4105381	2180385
2021-03-01	6481679	195913	146260	49653	5724622	203955	553084	4251659	2230038	0.051	0.027	2817221	2953369	239381	1408021	1943445	1896228	153263	806209	873776	1057141	86118	601812	6481679	0	18	3535141	2189481	164085	39870	552415	669	4251641	2230038
2021-03-02	6694673	212994	161366	51628	5860174	213896	620585	4413025	2281666	0.053	0.027	2927307	3047588	248982	1422628	2022735	1971725	160632	812692	904572	1075863	88350	609936	6694673	0	18	3621944	2238230	171161	42735	619902	683	4413007	2281666
2021-03-03	6937937	243264	173460	69804	6016638	228266	693015	4586485	2351470	0.055	0.028	3047976	3148969	260606	1439862	2105531	2048823	170041	819606	942445	1100146	90565	620256	6937937	0	18	3714085	2302553	180120	48146	692262	753	4586467	2351470
2021-03-04	7180671	242734	180322	62412	6157428	242619	780606	4766807	2413882	0.057	0.029	3159240	3258741	272992	1455625	2181653	2136963	180034	825002	977587	1121778	92958	630623	7180671	0	18	3797818	2359610	189157	53462	779814	792	4766789	2413882
2021-03-05	7451456	270785	202996	67789	6304948	255782	890707	4969804	2481671	0.060	0.030	3277185	3383782	287941	1471072	2258903	2242620	191990	830697	1018282	1141162	95951	640375	7451456	0	19	3883465	2421483	196449	59333	889871	836	4969785	2481671
2021-03-06	7653124	201668	153083	48585	6414500	264256	974349	5122887	2530256	0.062	0.030	3366696	3478463	298371	1480590	2314602	2325555	200824	833966	1052094	1152908	97547	646624	7653124	0	19	3946645	2467855	202726	61530	973497	852	5122868	2530256
2021-03-07	7803610	150486	116485	34001	6496401	271026	1036164	5239372	2564257	0.063	0.031	3437978	3544531	306478	1486155	2360956	2383880	208082	835928	1077022	1160651	98396	650227	7803610	0	19	3996902	2499499	207156	63870	1035295	869	5239353	2564257
2021-03-08	8040705	237095	185566	51529	6630462	281969	1128255	5424938	2615786	0.065	0.031	3556806	3640371	322827	1498475	2442587	2468035	222757	841890	1114219	1172336	100070	656585	8040705	0	19	4082865	2547597	214706	67263	1127348	907	5424919	2615786
2021-03-09	8291000	250295	195797	54498	6770284	294615	1226082	5620735	2670284	0.068	0.032	3677710	3742787	340236	1512022	2524321	2558568	238262	848791	1153389	1184219	101974	663231	8291000	0	19	4171601	2598683	223997	70618	1225118	964	5620716	2670284
2021-03-10	8576008	285008	218940	66068	6928712	306222	1341055	5839675	2736352	0.070	0.033	3808598	3856306	360962	1530389	2606688	2661880	256906	860000	1201910	1194426	104056	670389	8575037	971	19	4267215	2661497	232400	73822	1340041	1014	5839656	2736352
2021-03-11	8857917	281909	221327	60582	7076604	319823	1461471	6061002	2796934	0.073	0.034	3937470	3976178	382106	1544008	2689957	2769533	276555	867677	1247513	1206645	105551	676331	8856291	1626	19	4358826	2717778	241750	78073	1460407	1064	6060983	2796934
2021-03-12	9182806	324889	254109	70780	7227922	336999	1617866	6315111	2867714	0.076	0.034	4071484	4127850	404783	1559463	2770420	2906954	297406	877132	1301064	1220896	107377	682331	9180970	1836	19	4444044	2783878	254433	82566	1616615	1251	6315092	2867714
2021-03-13	9430712	247906	198118	49788	7343039	346658	1740996	6513229	2917502	0.078	0.035	4181046	4240796	425293	1567511	2840453	3011727	316755	881879	1340593	1229069	108538	685632	9428720	1992	19	4510832	2832207	262731	83927	1739647	1349	6513210	2917502
2021-03-14	9601752	171040	135110	35930	7432025	351808	1817900	6648339	2953432	0.080	0.036	4266043	4307307	441408	1570975	2896461	3072888	331859	883676	1369582	1234419	109549	687299	9599750	2002	19	4564870	2867155	266911	84897	1816539	1361	6648320	2953432
2021-03-15	9848652	246900	188000	58900	7584303	364281	1900049	6836339	3012332	0.082	0.036	4400463	4391447	461474	1582289	2984151	3147219	350790	890548	1416312	1244228	110684	691741	9846367	2285	19	4659958	2924345	277755	86526	1898607	1442	6836320	3012332
2021-03-16	10026148	177496	110203	67293	7749700	375374	1901055	6946542	3079625	0.084	0.037	4527474	4426082	473886	1593025	3059300	3169255	361553	895647	1468174	1256827	112333	697378	10023316	2832	19	4760419	2989281	286493	88881	1899611	1444	6946523	3079625
2021-03-17	10230283	204135	124242	79893	7935146	393324	1901794	7070784	3159518	0.085	0.038	4672447	4463838	487350	1605072	3141952	3193652	373040	902175	1530495	1270186	114310	702897	10226834	3449	19	4870765	3064381	299655	93669	1900345	1449	7070765	3159518
2021-03-18	10422922	192639	117799	74840	8108604	411355	1902944	7188583	3234358	0.086	0.039	4812398	4498757	499905	1615322	3222615	3215628	383588	907340	1589783	1283129	116317	707982	10419050	3872	19	4974506	3134098	312566	98789	1901492	1452	7188564	3234358
2021-03-19	10666462	243540	160437	83103	8292914	431888	1941641	7349020	3317461	0.088	0.040	4961948	4563922	518114	1627194	3306761	3267408	399605	914537	1655187	1296514	118509	712657	10662059	4403	19	5082359	3210555	326510	105378	1940132	1509	7349001	3317461
2021-03-20	10886774	220312	167040	53272	8428209	447157	2011389	7516060	3370733	0.090	0.041	5078536	4641917	537715	1633319	3379545	3337212	417708	917920	1698991	1304705	120007	715399	10882047	4727	19	5168224	3259985	337966	109191	2009851	1538	7516041	3370733
2021-03-21	11052713	165939	127297	38642	8531296	456610	2064788	7643357	3409375	0.092	0.041	5171749	4694283	554274	1635819	3440184	3384099	433219	919244	1731565	1310184	121055	716575	11047986	4727	19	5235949	3295347	344162	112448	2063227	1561	7643338	3409375
2021-03-22	11320821	268108	192010	76098	8697556	480315	2142931	7835367	3485473	0.094	0.042	5329624	4766248	576579	1645397	3534739	3445389	453483	925279	1794885	1320859	123096	720118	11314566	6255	19	5333520	3364036	360508	119807	2141320	1611	7835348	3485473
2021-03-23	11619802	298981	216010	82971	8877827	500061	2241895	8051377	3568444	0.097	0.043	5490190	4854892	604288	1656865	3629814	3521119	478432	932910	1860376	1333773	125856	723955	11608559	11243	19	5435798	3442029	375330	124731	2240230	1665	8051358	3568444
2021-03-24	11954495	334693	246678	88015	9075144	533527	2345805	8298055	3656459	0.100	0.044	5664852	4952071	635971	1672375	3732242	3605792	507202	944863	1932610	1346279	128769	727512	11937460	17035	19	5550419	3524725	403534	129993	2344083	1722	8298036	3656459
2021-03-25	12293065	338570	258724	79846	9262023	561177	2469846	8556779	3736305	0.103	0.045	5830941	5060081	670798	1683452	3832663	3703768	539527	951994	1998278	1356313	131271	731458	12270085	22980	19	5663063	3598960	425651	135526	2468046	1800	8556760	3736305
2021-03-26	12671194	378129	289375	88754	9465345	598057	2607773	8846154	3825059	0.106	0.046	6003833	5184282	710463	1698535	3933360	3816071	576057	962322	2070473	1368211	134406	736213	12641900	29294	19	5784367	3680978	455870	142187	2605898	1875	8846135	3825059
2021-03-27	12959893	288699	226319	62380	9618063	625599	2716212	9072473	3887439	0.109	0.047	6147056	5279869	744190	1703356	4023632	3903670	607441	965464	2123424	1376199	136749	737892	12928249	31644	19	5877805	3740258	480363	145236	2714286	1926	9072454	3887439
2021-03-28	13158846	198953	146056	52897	9736426	644143	2778256	9218531	3940336	0.111	0.047	6253046	5333384	768116	1706823	4085867	3950861	629648	967502	2167179	1382523	138468	739321	13127011	31835	21	5946576	3789850	495652	148491	2776282	1974	9218510	3940336
2021-03-29	13470289	311443	222121	89322	9926170	670020	2874078	9440652	4029658	0.114	0.048	6418833	5404751	806706	1716518	4180272	4010842	665103	973637	2238561	1393909	141603	742881	13432506	37783	21	6054341	3871829	514238	155782	2872052	2026	9440631	4029658
2021-03-30	13802198	331909	237885	94024	10145102	696252	2960823	9678537	4123682	0.116	0.050	6591913	5474211	853024	1727240	4280843	4069380	706095	981320	2311070	1404831	146929	745920	13752279	49919	21	6186723	3958379	533055	163197	2958738	2085	9678516	4123682
2021-03-31	14142219	340021	236723	103298	10393358	734371	3014469	9915260	4226980	0.119	0.051	6774517	5538855	899988	1738789	4384637	4121392	747318	988525	2389880	1417463	152670	750264	14075985	66234	21	6340592	4052766	562296	172075	3012351	2118	9915239	4226980
2021-04-01	14470899	328680	235334	93346	10631779	767997	3071102	10150594	4320326	0.122	0.052	6936269	5606629	944397	1747554	4476928	4175958	787230	994147	2459341	1430671	157167	753407	14384586	86313	21	6494156	4137623	587475	180522	3068942	2160	10150573	4320326
2021-04-02	14698020	227121	157429	69692	10811120	784296	3102583	10308023	4390018	0.124	0.053	7067172	5654574	981393	1749910	4552089	4213818	820223	995356	2515083	1440756	161170	754554	14610183	87837	21	6609131	4201989	598475	185821	3100396	2187	10308002	4390018
2021-04-03	14931806	233786	168018	65768	10986294	801032	3144459	10476041	4455786	0.126	0.054	7198861	5698683	1018737	1753036	4633025	4248782	853330	997097	2565836	1449901	165407	755939	14842570	89236	21	6723862	4262432	609923	191109	3142235	2224	10476020	4455786
2021-04-04	15129352	197546	143974	53572	11122327	812100	3194904	10620015	4509358	0.128	0.054	7309766	5731715	1048001	1754173	4704262	4274251	879171	997551	2605504	1457464	168830	756622	15039980	89372	21	6810745	4311582	616611	195489	3192638	2266	10619994	4509358
2021-04-05	15377964	248612	176001	72611	11288599	830966	3258378	10796016	4581969	0.130	0.055	7456036	5770066	1081529	1756372	4794323	4302940	907924	998846	2661713	1467126	173605	757526	15287282	90682	21	6909713	4378886	630204	200762	3256078	2300	10795995	4581969
2021-04-06	15751482	373518	277254	96264	11543490	863136	3344835	11073270	4678233	0.133	0.056	7644926	5826686	1124640	1761928	4910112	4346229	944820	1001588	2734814	1480457	179820	760340	15624173	127309	21	7077054	4466436	653732	209404	3342463	2372	11073249	4678233
2021-04-07	16430998	679516	582648	96868	12086446	899875	3444656	11655918	4775101	0.140	0.057	7644926	5826686	1124640	1761928	4910112	4346229	944820	1001588	2734814	1480457	179820	760340	15998025	432973	21	7531721	4554725	681978	217897	3442198	2458	11655897	4775101
2021-04-08	17164277	733279	643731	89548	12661549	934739	3567968	12299649	4864649	0.148	0.058	7644926	5826686	1124640	1761928	4910112	4346229	944820	1001588	2734814	1480457	179820	760340	16406426	757851	21	8026259	4635290	707942	226797	3565427	2541	12299628	4864649
2021-04-09	17792717	628440	539845	88595	13152682	971317	3668697	12839494	4953244	0.154	0.060	7644926	5826686	1124640	1761928	4910112	4346229	944820	1001588	2734814	1480457	179820	760340	16795363	997354	21	8440239	4712443	733163	238154	3666071	2626	12839473	4953244
2021-04-10	18163894	371177	306114	65063	13400881	994631	3768361	13145608	5018307	0.158	0.060	7644926	5826686	1124640	1761928	4910112	4346229	944820	1001588	2734814	1480457	179820	760340	17133494	1030400	21	8631167	4769714	748750	245881	3765670	2691	13145587	5018307
2021-04-11	18426487	262593	212545	50048	13570020	1012967	3843479	13358153	5068355	0.161	0.061	7644926	5826686	1124640	1761928	4910112	4346229	944820	1001588	2734814	1480457	179820	760340	17391008	1035479	21	8753986	4816034	763405	249562	3840741	2738	13358132	5068355
2021-04-12	18843814	417327	340561	76766	13850176	1042173	3951443	13698715	5145121	0.165	0.062	7644926	5826686	1124640	1761928	4910112	4346229	944820	1001588	2734814	1480457	179820	760340	17759828	1083986	22	8966060	4884116	783997	258176	3948636	2807	13698693	5145121
2021-04-13	19416095	572281	498921	73360	14280861	1068991	4066221	14197636	5218481	0.171	0.063	7644926	5826686	1124640	1761928	4910112	4346229	944820	1001588	2734814	1480457	179820	760340	18135979	1280116	22	9329049	4951812	805351	263640	4063214	3007	14197614	5218481
2021-04-14	20190130	774035	690988	83047	14898256	1102533	4189319	14888624	5301528	0.179	0.064	7644926	5826686	1124640	1761928	4910112	4346229	944820	1001588	2734814	1480457	179820	760340	18536217	1653913	22	9872471	5025785	830390	272143	4185741	3578	14888602	5301528
2021-04-15	20869517	679387	608545	70842	15430860	1139097	4299537	15497170	5372370	0.186	0.065	7644926	5826686	1124640	1761928	4910112	4346229	944820	1001588	2734814	1480457	179820	760340	18919975	1949542	23	10344229	5086631	857906	281191	4295012	4525	15497147	5372370
2021-04-16	21465331	595814	520964	74850	15868996	1172041	4424271	16018134	5447220	0.193	0.065	7644926	5826686	1124640	1761928	4910112	4346229	944820	1001588	2734814	1480457	179820	760340	19320950	2144381	23	10717099	5151897	882073	289968	4418939	5332	16018111	5447220
2021-04-17	21829465	364134	307723	56411	16094148	1194757	4540537	16325857	5503631	0.196	0.066	7644926	5826686	1124640	1761928	4910112	4346229	944820	1001588	2734814	1480457	179820	760340	19663280	2166185	23	10894401	5199747	897692	297065	4533741	6796	16325834	5503631
2021-04-18	22097454	267989	229138	38851	16266600	1209789	4621042	16554995	5542482	0.199	0.067	7644926	5826686	1124640	1761928	4910112	4346229	944820	1001588	2734814	1480457	179820	760340	19926658	2170796	23	11032954	5233646	908874	300915	4613144	7898	16554972	5542482
2021-04-19	22499144	401690	340853	60837	16560728	1242454	4695938	16895849	5603319	0.203	0.067	7644926	5826686	1124640	1761928	4910112	4346229	944820	1001588	2734814	1480457	179820	760340	20284017	2215127	24	11275316	5285412	933702	308752	4686807	9131	16895825	5603319
2021-04-20	23057231	558087	496146	61941	16941067	1281281	4834859	17391995	5665260	0.209	0.068	7644926	5826686	1124640	1761928	4910112	4346229	944820	1001588	2734814	1480457	179820	760340	20647653	2409578	24	11602294	5338773	965966	315315	4823711	11148	17391971	5665260
2021-04-21	23776991	719760	647140	72620	17394758	1322757	5059452	18039135	5737880	0.217	0.069	7644926	5826686	1124640	1761928	4910112	4346229	944820	1001588	2734814	1480457	179820	760340	21028265	2748726	24	11993870	5400888	999391	323366	5045850	13602	18039111	5737880
2021-04-22	24414087	637096	570166	66930	17775981	1365995	5272087	18609301	5804810	0.224	0.070	7644926	5826686	1124640	1761928	4910112	4346229	944820	1001588	2734814	1480457	179820	760340	21398102	3015985	24	12319488	5456493	1034960	331035	5254829	17258	18609277	5804810
2021-04-23	24964508	550421	483027	67394	18125718	1408332	5430425	19092337	5872204	0.230	0.071	7644926	5826686	1124640	1761928	4910112	4346229	944820	1001588	2734814	1480457	179820	760340	21780328	3184180	33	12615479	5510239	1067212	341120	5409613	20812	19092304	5872204
2021-04-24	25331368	366860	307883	58977	18361390	1458414	5511529	19400222	5931181	0.233	0.071	7644926	5826686	1124640	1761928	4910112	4346229	944820	1001588	2734814	1480457	179820	760340	22130277	3201091	35	12810115	5551275	1101744	356670	5488328	23201	19400187	5931181
2021-04-25	25613677	282309	234344	47965	18548590	1492167	5572885	19634566	5979146	0.236	0.072	7644926	5826686	1124640	1761928	4910112	4346229	944820	1001588	2734814	1480457	179820	760340	22406772	3206905	35	12960852	5587738	1125832	366335	5547847	25038	19634531	5979146
2021-04-26	26046090	432413	358769	73644	18866608	1534668	5644698	19993416	6052790	0.240	0.073	7644926	5826686	1124640	1761928	4910112	4346229	944820	1001588	2734814	1480457	179820	760340	22752593	3293497	116	13217921	5648687	1159736	374932	5615643	29055	19993300	6052790
2021-04-27	26829660	783570	692908	90662	19542096	1585993	5700994	20686785	6143452	0.249	0.074	7644926	5826686	1124640	1761928	4910112	4346229	944820	1001588	2734814	1480457	179820	760340	23121283	3708377	577	13816821	5725275	1201951	384042	5667436	33558	20686208	6143452
2021-04-28	27951961	1122301	994704	127597	20550806	1646150	5753700	21682217	6271049	0.261	0.075	7644926	5826686	1124640	1761928	4910112	4346229	944820	1001588	2734814	1480457	179820	760340	23514501	4437460	1305	14716072	5834734	1249805	396345	5715035	38665	21680912	6271049
2021-04-29	28897390	945429	812259	133170	21375083	1709744	5810372	22495362	6404219	0.270	0.077	7644926	5826686	1124640	1761928	4910112	4346229	944820	1001588	2734814	1480457	179820	760340	23901862	4995528	2191	15428196	5946887	1301123	408621	5763852	46520	22493171	6404219
2021-04-30	29700348	802958	665224	137734	22053532	1766721	5877072	23161418	6541953	0.278	0.079	7644926	5826686	1124640	1761928	4910112	4346229	944820	1001588	2734814	1480457	179820	760340	24304974	5395374	3023	15994194	6059338	1343088	423633	5821113	55959	23158395	6541953
2021-05-01	30036052	335704	260051	75653	22306388	1807908	5916156	23424046	6617606	0.282	0.080	7644926	5826686	1124640	1761928	4910112	4346229	944820	1001588	2734814	1480457	179820	760340	24616028	5420024	5600	16186409	6119979	1377876	430032	5854161	61995	23418446	6617606
2021-05-02	30299383	263331	196992	66339	22500550	1845235	5946193	23622843	6683945	0.284	0.080	7644926	5826686	1124640	1761928	4910112	4346229	944820	1001588	2734814	1480457	179820	760340	24871704	5427679	7405	16325963	6174587	1409920	435315	5879555	66638	23615438	6683945
2021-05-03	30751538	452155	335096	117059	22818868	1916030	6007710	23959464	6801004	0.288	0.082	7644926	5826686	1124640	1761928	4910112	4346229	944820	1001588	2734814	1480457	179820	760340	25229999	5521539	8930	16552614	6266254	1467462	448568	5930458	77252	23950534	6801004
2021-05-04	31593449	841911	680507	161404	23445027	1978795	6157908	24642760	6962408	0.296	0.084	7644926	5826686	1124640	1761928	4910112	4346229	944820	1001588	2734814	1480457	179820	760340	25604658	5988791	11719	17047258	6397769	1516967	461828	6066816	91092	24631041	6962408
2021-05-05	32734969	1141520	911772	229748	24291677	2057865	6369802	25558438	7192156	0.307	0.086	7644926	5826686	1124640	1761928	4910112	4346229	944820	1001588	2734814	1480457	179820	760340	26020214	6714755	15625	17710591	6581086	1570377	487488	6261845	107957	25542813	7192156
2021-05-06	33717845	982876	764108	218768	24978574	2149299	6570403	26326490	7410924	0.317	0.089	7644926	5826686	1124640	1761928	4910112	4346229	944820	1001588	2734814	1480457	179820	760340	26427979	7289866	19569	18223878	6754696	1640034	509265	6443009	127394	26306921	7410924
2021-05-07	34598739	880894	646732	234162	25558505	2235537	6781403	26976947	7645086	0.324	0.092	7644926	5826686	1124640	1761928	4910112	4346229	944820	1001588	2734814	1480457	179820	760340	26864857	7733882	23294	18633272	6925233	1695304	540233	6625077	156326	26953653	7645086
2021-05-08	35025059	426320	271485	154835	25826632	2307462	6865953	27250150	7799921	0.328	0.094	7644926	5826686	1124640	1761928	4910112	4346229	944820	1001588	2734814	1480457	179820	760340	27230686	7794373	25012	18787843	7038789	1747303	560159	6689992	175961	27225138	7799921
2021-05-09	35311649	286590	183564	103026	26020991	2364033	6900547	27434780	7902947	0.330	0.095	7644926	5826686	1124640	1761928	4910112	4346229	944820	1001588	2734814	1480457	179820	760340	27506241	7805408	26078	18902492	7118499	1793039	570994	6713171	187376	27408702	7902947
2021-05-10	35899553	587904	394255	193649	26393824	2445144	7030787	27832755	8096596	0.335	0.097	7644926	5826686	1124640	1761928	4910112	4346229	944820	1001588	2734814	1480457	179820	760340	27905247	7994306	29798	19133152	7260672	1852052	593092	6817753	213034	27802957	8096596
2021-05-11	36981437	1081884	795954	285930	27217360	2524253	7206582	28632153	8382526	0.344	0.101	7644926	5826686	1124640	1761928	4910112	4346229	944820	1001588	2734814	1480457	179820	760340	28333436	8648001	33242	19725124	7492236	1909170	615083	6964617	241965	28598911	8382526
2021-05-12	38391757	1410320	1046431	363889	28307843	2614591	7430883	29683782	8746415	0.357	0.105	7644926	5826686	1124640	1761928	4910112	4346229	944820	1001588	2734814	1480457	179820	760340	28787773	9603984	38440	20520996	7786847	1969109	645482	7155237	275646	29645342	8746415
2021-05-13	38820121	428364	267581	160783	28622827	2681259	7475333	29953625	8907198	0.360	0.107	7644926	5826686	1124640	1761928	4910112	4346229	944820	1001588	2734814	1480457	179820	760340	29142658	9677463	40702	20707728	7915099	2020651	660608	7184544	290789	29912923	8907198
2021-05-14	39574242	754121	524820	229301	29166856	2745797	7613464	30485868	9136499	0.367	0.110	7644926	5826686	1124640	1761928	4910112	4346229	944820	1001588	2734814	1480457	179820	760340	29545442	10028800	48125	21071997	8094859	2069869	675928	7295877	317587	30437743	9136499
2021-05-15	39972734	398492	233644	164848	29445014	2805579	7669742	30723786	9301347	0.369	0.112	7644926	5826686	1124640	1761928	4910112	4346229	944820	1001588	2734814	1480457	179820	760340	29896268	10076466	52399	21228625	8216389	2113125	692454	7329637	340105	30671387	9301347
2021-05-16	40254303	281569	159530	122039	29644571	2858331	7694362	30887956	9423386	0.371	0.113	7644926	5826686	1124640	1761928	4910112	4346229	944820	1001588	2734814	1480457	179820	760340	30161832	10092471	57039	21334287	8310284	2155970	702361	7340660	353702	30830917	9423386
2021-05-17	40807921	553618	346662	206956	29983314	2940980	7815925	31245281	9630342	0.376	0.116	7644926	5826686	1124640	1761928	4910112	4346229	944820	1001588	2734814	1480457	179820	760340	30546132	10261789	67702	21526935	8456379	2214475	726505	7436169	379756	31177579	9630342
2021-05-18	41684423	876502	518174	358328	30576231	3043914	7988922	31771109	9988670	0.382	0.120	7644926	5826686	1124640	1761928	4910112	4346229	944820	1001588	2734814	1480457	179820	760340	30967630	10716793	75356	21825919	8750312	2288522	755392	7581312	407610	31695753	9988670
2021-05-19	42785947	1101524	563038	538486	31384763	3142713	8170567	32346695	10527156	0.389	0.127	7644926	5826686	1124640	1761928	4910112	4346229	944820	1001588	2734814	1480457	179820	760340	31389376	11396571	87904	22170269	9214494	2354067	788646	7734455	436112	32258791	10527156
2021-05-20	43728350	942403	451909	490494	32064741	3238384	8326582	32809343	11017650	0.395	0.132	7644926	5826686	1124640	1761928	4910112	4346229	944820	1001588	2734814	1480457	179820	760340	31800836	11927514	98643	22429327	9635414	2418106	820278	7863267	463315	32710700	11017650
2021-05-21	44573254	844904	402601	442303	32657623	3322382	8483720	33222830	11459953	0.399	0.138	7644926	5826686	1124640	1761928	4910112	4346229	944820	1001588	2734814	1480457	179820	760340	32223020	12350234	109529	22650414	10007209	2473010	849372	7989877	493843	33113301	11459953
2021-05-22	45048828	475574	214524	261050	32963739	3393077	8567549	33452288	11721003	0.402	0.141	7644926	5826686	1124640	1761928	4910112	4346229	944820	1001588	2734814	1480457	179820	760340	32569664	12479164	124463	22748462	10215277	2521446	871631	8057917	509632	33327825	11721003
2021-05-23	45334973	286145	124313	161832	33156677	3452260	8591473	33586701	11882835	0.404	0.143	7644926	5826686	1124640	1761928	4910112	4346229	944820	1001588	2734814	1480457	179820	760340	32837688	12497285	134563	22813844	10342833	2565541	886719	8072753	518720	33452138	11882835
2021-05-24	45657907	322934	139183	183751	33390685	3512459	8612084	33734000	12066586	0.406	0.145	7644926	5826686	1124640	1761928	4910112	4346229	944820	1001588	2734814	1480457	179820	760340	33145097	12512810	142679	22895871	10494814	2610708	901751	8084742	527342	33591321	12066586
2021-05-25	46311361	653454	270586	382868	33836748	3591622	8715383	34029515	12449454	0.409	0.150	7644926	5826686	1124640	1761928	4910112	4346229	944820	1001588	2734814	1480457	179820	760340	33539608	12771753	167608	23036412	10800336	2662079	929543	8163416	551967	33861907	12449454
2021-05-26	47483707	1172346	464801	707545	34718480	3671437	8848144	34572354	13156999	0.416	0.158	7644926	5826686	1124640	1761928	4910112	4346229	944820	1001588	2734814	1480457	179820	760340	33948539	13535168	245646	23348801	11369679	2713204	958233	8264703	583441	34326708	13156999
2021-05-27	48517230	1033523	401131	632392	35453183	3758263	8978974	35054649	13789391	0.421	0.166	7644926	5826686	1124640	1761928	4910112	4346229	944820	1001588	2734814	1480457	179820	760340	34360225	14157005	326810	23604925	11848258	2763703	994560	8359211	619763	34727839	13789391
2021-05-28	49411273	894043	352628	541415	36050879	3842786	9108137	35489938	14330806	0.427	0.172	7644926	5826686	1124640	1761928	4910112	4346229	944820	1001588	2734814	1480457	179820	760340	34786307	14624966	409471	23819333	12231546	2813487	1029299	8447647	660490	35080467	14330806
2021-05-29	49822898	411625	152937	258688	36313426	3905276	9165713	35671887	14589494	0.429	0.175	7644926	5826686	1124640	1761928	4910112	4346229	944820	1001588	2734814	1480457	179820	760340	35123523	14699375	438483	23899791	12413635	2850981	1054295	8482632	683081	35233404	14589494
2021-05-30	50105725	282827	97912	184915	36510334	3951963	9194014	35780730	14774409	0.430	0.178	7644926	5826686	1124640	1761928	4910112	4346229	944820	1001588	2734814	1480457	179820	760340	35384532	14721193	449414	23959351	12550983	2878174	1073789	8493791	700223	35331316	14774409
2021-05-31	50646201	540476	174592	365884	36875125	4016786	9262367	35997831	15140293	0.433	0.182	7644926	5826686	1124640	1761928	4910112	4346229	944820	1001588	2734814	1480457	179820	760340	35767239	14878962	491923	24069444	12805681	2904237	1112549	8532227	730140	35505908	15140293
2021-06-01	51625655	979454	396224	583230	37603885	4093767	9351886	36478249	15723523	0.439	0.189	7644926	5826686	1124640	1761928	4910112	4346229	944820	1001588	2734814	1480457	179820	760340	36156220	15469435	576117	24383649	13220236	2932470	1161297	8586013	765873	35902132	15723523
2021-06-02	52863054	1237399	514752	722647	38586541	4164367	9433116	37095914	16446170	0.446	0.198	7644926	5826686	1124640	1761928	4910112	4346229	944820	1001588	2734814	1480457	179820	760340	36553341	16309713	679030	24831292	13755249	2956814	1207553	8628778	804338	36416884	16446170
2021-06-03	53496373	633319	227948	405371	39055935	4226939	9482490	37375841	16851541	0.449	0.203	7644926	5826686	1124640	1761928	4910112	4346229	944820	1001588	2734814	1480457	179820	760340	36907247	16589126	731009	25009720	14046215	2985763	1241176	8649349	833141	36644832	16851541
2021-06-04	54315695	819322	292530	526792	39650953	4296720	9560241	37745143	17378333	0.454	0.209	7644926	5826686	1124640	1761928	4910112	4346229	944820	1001588	2734814	1480457	179820	760340	37324081	16991614	807781	25239402	14411551	3014337	1282383	8683623	876618	36937362	17378333
2021-06-05	54723097	407402	95901	311501	39919932	4362073	9603178	37871177	17689834	0.455	0.213	7644926	5826686	1124640	1761928	4910112	4346229	944820	1001588	2734814	1480457	179820	760340	37667939	17055158	837914	25297914	14622018	3040832	1321241	8694517	908661	37033263	17689834
2021-06-06	55014628	291531	59657	231874	40125348	4402862	9630455	37948883	17921708	0.456	0.215	7644926	5826686	1124640	1761928	4910112	4346229	944820	1001588	2734814	1480457	179820	760340	37929761	17084867	855963	25342020	14783328	3052759	1350103	8698141	932314	37092920	17921708
2021-06-07	55614910	600282	189023	411259	40520065	4483203	9701415	38192170	18332967	0.459	0.220	7644926	5826686	1124640	1761928	4910112	4346229	944820	1001588	2734814	1480457	179820	760340	38290759	17323248	910227	25473376	15046689	3079410	1403793	8729157	972258	37281943	18332967
2021-06-08	56643012	1028102	322161	705941	41345316	4556205	9763204	38582391	19038908	0.464	0.229	7644926	5826686	1124640	1761928	4910112	4346229	944820	1001588	2734814	1480457	179820	760340	38671040	17968865	978287	25737504	15607812	3105490	1450715	8761110	1002094	37604104	19038908
2021-06-09	57996974	1353962	418561	935401	42461728	4636584	9824938	39096389	19974309	0.470	0.240	7644926	5826686	1124640	1761928	4910112	4346229	944820	1001588	2734814	1480457	179820	760340	39034273	18956810	1073724	26096667	16365061	3132634	1503950	8793364	1031574	38022665	19974309
2021-06-10	59156492	1159518	376947	782571	43388985	4725286	9880130	39561703	20756880	0.476	0.250	7644926	5826686	1124640	1761928	4910112	4346229	944820	1001588	2734814	1480457	179820	760340	39442250	19705530	1162091	26415058	16973927	3164531	1560755	8820023	1060107	38399612	20756880
2021-06-11	60186319	1029827	336358	693469	44167141	4813166	9947433	39994549	21450349	0.481	0.258	7644926	5826686	1124640	1761928	4910112	4346229	944820	1001588	2734814	1480457	179820	760340	39856301	20318630	1258579	26695408	17471733	3191498	1621668	8849064	1098369	38735970	21450349
2021-06-12	60613701	427382	117641	309741	44445087	4884434	9990383	40147408	21760090	0.483	0.262	7644926	5826686	1124640	1761928	4910112	4346229	944820	1001588	2734814	1480457	179820	760340	40180586	20420893	1293797	26781441	17663646	3210056	1674378	8862114	1128269	38853611	21760090
2021-06-13	60895006	281305	63569	217736	44623484	4947899	10016083	40224720	21977826	0.484	0.264	7644926	5826686	1124640	1761928	4910112	4346229	944820	1001588	2734814	1480457	179820	760340	40426231	20456247	1307540	26824480	17799004	3225897	1722002	8866803	1149280	38917180	21977826
2021-06-14	61532226	637220	199815	437405	45038570	5048518	10082554	40479579	22415231	0.487	0.270	7644926	5826686	1124640	1761928	4910112	4346229	944820	1001588	2734814	1480457	179820	760340	40820940	20696780	1362584	26983388	18055182	3249317	1799201	8884290	1198264	39116995	22415231
2021-06-15	62549372	1017146	322047	695099	45809828	5152030	10165948	40860608	23110330	0.491	0.278	7644926	5826686	1124640	1761928	4910112	4346229	944820	1001588	2734814	1480457	179820	760340	41247907	21283470	1421566	27257937	18551891	3277255	1874775	8903850	1262098	39439042	23110330
2021-06-16	63893825	1344453	435446	909007	46876737	5258665	10260816	41372095	24019337	0.497	0.289	7644926	5826686	1124640	1761928	4910112	4346229	944820	1001588	2734814	1480457	179820	760340	41689787	22182018	1497607	27634151	19242586	3311047	1947618	8929290	1331526	39874488	24019337
2021-06-17	65002823	1108998	366698	742300	47724298	5361161	10351587	41806963	24761637	0.503	0.298	7644926	5826686	1124640	1761928	4910112	4346229	944820	1001588	2734814	1480457	179820	760340	42125215	22852215	1565777	27949710	19774588	3340165	2020996	8951311	1400276	40241186	24761637
2021-06-18	65960839	958016	318239	639777	48426129	5454132	10446150	42193853	25401414	0.507	0.305	7644926	5826686	1124640	1761928	4910112	4346229	944820	1001588	2734814	1480457	179820	760340	42550244	23382503	1634428	28214990	20211139	3371205	2082927	8973230	1472920	40559425	25401414
2021-06-19	66378595	417756	112318	305438	48690981	5535762	10496627	42326968	25706852	0.509	0.309	7644926	5826686	1124640	1761928	4910112	4346229	944820	1001588	2734814	1480457	179820	760340	42882259	23466988	1655225	28299958	20391023	3392013	2143749	8979772	1516855	40671743	25706852
2021-06-20	66679417	300822	68235	232587	48875786	5606795	10528832	42407982	25939439	0.510	0.312	7644926	5826686	1124640	1761928	4910112	4346229	944820	1001588	2734814	1480457	179820	760340	43153176	23496614	1668004	28349011	20526775	3407909	2198886	8983058	1545774	40739978	25939439
2021-06-21	67290324	610907	194853	416054	49270900	5702418	10613058	42638779	26355493	0.513	0.317	7644926	5826686	1124640	1761928	4910112	4346229	944820	1001588	2734814	1480457	179820	760340	43532533	23726147	1703948	28505531	20765369	3432673	2269745	8996627	1616431	40934831	26355493
2021-06-22	68334331	1044007	349895	694112	50083771	5799208	10714406	43021672	27049605	0.517	0.325	7644926	5826686	1124640	1761928	4910112	4346229	944820	1001588	2734814	1480457	179820	760340	43943836	24354112	1736946	28807117	21276654	3464929	2334279	9012680	1701726	41284726	27049605
2021-06-23	69629582	1295251	456683	838568	51138373	5892654	10828860	43511104	27888173	0.523	0.335	7644926	5826686	1124640	1761928	4910112	4346229	944820	1001588	2734814	1480457	179820	760340	44350150	25237778	1769695	29214538	21923835	3493815	2398839	9033056	1795804	41741409	27888173
2021-06-24	70619102	989520	452145	537375	51895146	5978537	10938621	44000352	28425548	0.529	0.342	7644926	5826686	1124640	1761928	4910112	4346229	944820	1001588	2734814	1480457	179820	760340	44742221	25830883	1806798	29610653	22284493	3528847	2449690	9054054	1884567	42193554	28425548
2021-06-25	71487968	868866	343739	525127	52548239	6051221	11046228	44379573	28950675	0.534	0.348	7644926	5826686	1124640	1761928	4910112	4346229	944820	1001588	2734814	1480457	179820	760340	45124342	26314646	1842280	29909524	22638715	3554218	2497003	9073551	1972677	42537293	28950675
2021-06-26	71878051	390083	126170	263913	52790827	6116880	11116251	44517556	29214588	0.535	0.351	7644926	5826686	1124640	1761928	4910112	4346229	944820	1001588	2734814	1480457	179820	760340	45450074	26378225	1854093	30005309	22785518	3578859	2538021	9079295	2036956	42663463	29214588
2021-06-27	72153878	275827	87077	188750	52956535	6170590	11168669	44608624	29403338	0.536	0.354	7644926	5826686	1124640	1761928	4910112	4346229	944820	1001588	2734814	1480457	179820	760340	45699828	26403445	1858084	30070309	22886226	3597733	2572857	9082498	2086171	42750540	29403338