date	dosen_kumulativ	dosen_differenz_zum_vortag	dosen_erst_differenz_zum_vortag	dosen_zweit_differenz_zum_vortag	dosen_biontech_kumulativ	dosen_moderna_kumulativ	dosen_astrazeneca_kumulativ	personen_erst_kumulativ	personen_voll_kumulativ	impf_quote_erst	impf_quote_voll	indikation_alter_dosen	indikation_beruf_dosen	indikation_medizinisch_dosen	indikation_pflegeheim_dosen	indikation_alter_erst	indikation_beruf_erst	indikation_medizinisch_erst	indikation_pflegeheim_erst	indikation_alter_voll	indikation_beruf_voll	indikation_medizinisch_voll	indikation_pflegeheim_voll	dosen_dim_kumulativ	dosen_kbv_kumulativ	dosen_johnson_kumulativ	dosen_biontech_erst_kumulativ	dosen_biontech_zweit_kumulativ	dosen_moderna_erst_kumulativ	dosen_moderna_zweit_kumulativ	dosen_astrazeneca_erst_kumulativ	dosen_astrazeneca_zweit_kumulativ	dosen_erst_kumulativ	dosen_zweit_kumulativ
2020-12-27	24097	24097	24084	13	24095	2	0	24084	13	0.000	0.000	10705	8657	1305	12604	10664	8590	1305	12536	41	67	0	68	24097	0	0	24082	13	2	0	0	0	24084	13
2020-12-28	42074	17977	17815	162	42072	2	0	41899	175	0.001	0.000	18621	15788	1991	21344	18580	15721	1991	21276	41	67	0	68	42074	0	0	41897	175	2	0	0	0	41899	175
2020-12-29	92098	50024	49290	734	92095	2	1	91189	909	0.001	0.000	34989	40734	3107	40508	34724	40420	3107	40099	265	314	0	409	92098	0	0	91186	909	2	0	1	0	91189	909
2020-12-30	155591	63493	63355	138	155588	2	1	154544	1047	0.002	0.000	55510	73365	4901	63206	55243	73050	4901	62794	267	315	0	412	155591	0	0	154541	1047	2	0	1	0	154544	1047
2020-12-31	205284	49693	49604	89	205281	2	1	204148	1136	0.002	0.000	72831	96719	6752	83965	72517	96367	6752	83476	314	352	0	489	205284	0	0	204145	1136	2	0	1	0	204148	1136
2021-01-01	230631	25347	25338	9	230620	7	4	229486	1145	0.003	0.000	81208	105449	7830	92301	80894	105097	7830	91812	314	352	0	489	230631	0	0	229476	1144	7	0	3	1	229486	1145
2021-01-02	278582	47951	47665	286	278571	7	4	277151	1431	0.003	0.000	102774	129731	10350	113258	102365	129304	10350	112629	409	427	0	629	278582	0	0	277141	1430	7	0	3	1	277151	1431
2021-01-03	300992	22410	22405	5	300980	8	4	299556	1436	0.004	0.000	113044	140227	11284	123279	112635	139800	11284	122650	409	427	0	629	300992	0	0	299545	1435	8	0	3	1	299556	1436
2021-01-04	346816	45824	45728	96	346803	9	4	345284	1532	0.004	0.000	129646	164913	13951	139091	129237	164486	13951	138462	409	427	0	629	346816	0	0	345272	1531	9	0	3	1	345284	1532
2021-01-05	398784	51968	51631	337	398770	10	4	396915	1869	0.005	0.000	147987	192565	16489	157656	147576	192117	16489	157025	411	448	0	631	398784	0	0	396902	1868	10	0	3	1	396915	1869
2021-01-06	461243	62459	62367	92	461220	16	7	459282	1961	0.006	0.000	169498	225530	19910	180812	169086	225082	19910	180181	412	448	0	631	461243	0	0	459261	1959	16	0	5	2	459282	1961
2021-01-07	515208	53965	53944	21	515180	19	9	513226	1982	0.006	0.000	189172	254868	22957	197233	188758	254418	22957	196600	414	450	0	633	515208	0	0	513200	1980	19	0	7	2	513226	1982
2021-01-08	576865	61657	61549	108	576785	70	10	574775	2090	0.007	0.000	211521	287315	26324	218219	211009	286711	26320	217449	512	604	4	770	576865	0	0	574697	2088	70	0	8	2	574775	2090
2021-01-09	636836	59971	59823	148	636752	73	11	634598	2238	0.008	0.000	237322	313238	29007	243325	236798	312599	29003	242545	524	639	4	780	636836	0	0	634517	2235	73	0	8	3	634598	2238
2021-01-10	672088	35252	35103	149	671996	81	11	669701	2387	0.008	0.000	252455	327794	30379	256315	251929	327151	30375	255535	526	643	4	780	672088	0	0	669613	2383	80	1	8	3	669701	2387
2021-01-11	739587	67499	67397	102	739480	94	13	737098	2489	0.009	0.000	277513	359176	33587	276774	276967	358513	33583	275968	546	663	4	806	739587	0	0	737001	2479	87	7	10	3	737098	2489
2021-01-12	817857	78270	78206	64	817734	109	14	815304	2553	0.010	0.000	305695	401338	36582	301731	305147	400670	36578	300888	548	668	4	843	817857	0	0	815192	2542	102	7	10	4	815304	2553
2021-01-13	928590	110733	110532	201	927298	1278	14	925836	2754	0.011	0.000	345167	458844	40485	337339	344574	458093	40466	336399	593	751	19	940	928590	0	0	924555	2743	1271	7	10	4	925836	2754
2021-01-14	1011708	83118	82896	222	1005268	6426	14	1008732	2976	0.012	0.000	374803	501101	42769	361463	374094	500254	42750	360452	709	847	19	1011	1011708	0	0	1002347	2921	6375	51	10	4	1008732	2976
2021-01-15	1102178	90470	89625	845	1090467	11692	19	1098357	3821	0.013	0.000	408725	545673	46728	389202	407810	544625	46700	387982	915	1048	28	1220	1102178	0	0	1086701	3766	11641	51	15	4	1098357	3821
2021-01-16	1159515	57337	56316	1021	1146124	13371	20	1154673	4842	0.014	0.000	432983	570627	48859	408798	431664	569232	48767	407047	1319	1395	92	1751	1159515	0	0	1141337	4787	13320	51	16	4	1154673	4842
2021-01-17	1207097	47582	29788	17794	1192443	14632	21	1184462	22636	0.014	0.000	453449	591002	50884	428544	444215	583354	50014	417145	9234	7648	870	11399	1207097	0	1	1169863	22580	14581	51	17	4	1184461	22636
2021-01-18	1289004	81907	66166	15741	1270207	18774	22	1250628	38377	0.015	0.000	482728	633883	53106	448900	467235	619730	51700	430238	15493	14153	1406	18662	1289004	0	1	1231888	38319	18721	53	18	4	1250627	38377
2021-01-19	1407804	118800	82351	36449	1385338	22435	30	1332979	74826	0.016	0.001	519765	695968	56714	479843	492669	666683	54375	447938	27096	29285	2339	31905	1407804	0	1	1310574	74764	22378	57	26	4	1332978	74826
2021-01-20	1540167	132363	77791	54572	1514956	25177	33	1410770	129398	0.017	0.002	568076	760039	60957	522078	522876	706310	57505	469463	45200	53729	3452	52615	1540167	0	1	1385620	129336	25120	57	29	4	1410769	129398
2021-01-21	1645150	104983	63667	41316	1617198	27917	34	1474437	170714	0.018	0.002	610150	808503	65406	556195	549621	735602	60889	487988	60529	72901	4517	68207	1645150	0	1	1446548	170650	27859	58	29	5	1474436	170714
2021-01-22	1746780	101630	68055	33575	1716633	30104	42	1542492	204289	0.019	0.002	654049	853889	69013	590642	579902	764987	63599	506975	74147	88902	5414	83667	1746780	0	1	1512413	204220	30041	63	37	5	1542491	204289
2021-01-23	1833362	86582	40465	46117	1802858	30458	45	1582957	250406	0.019	0.003	691767	890989	72414	617916	599855	780966	64783	516268	91912	110023	7631	101648	1833362	0	1	1552522	250336	30394	64	40	5	1582956	250406
2021-01-24	1880655	47293	25459	21834	1849949	30656	49	1608416	272240	0.019	0.003	715655	910067	73331	632982	614016	789814	65130	521524	101639	120253	8201	111458	1880655	0	1	1577779	272170	30592	64	44	5	1608415	272240
2021-01-25	1971698	91043	52276	38767	1939573	32072	52	1660692	311007	0.020	0.004	756375	951632	76827	658117	642321	811974	66847	534304	114054	139658	9980	123813	1971698	0	1	1628639	310934	32005	67	47	5	1660691	311007
2021-01-26	2069234	97536	50634	46902	2035668	33506	59	1711326	357909	0.021	0.004	796572	997196	80614	684405	667753	831436	68195	545278	128819	165760	12419	139127	2069234	0	1	1677836	357832	33435	71	54	5	1711325	357909
2021-01-27	2178613	109379	50808	58571	2143252	35292	67	1762135	416480	0.021	0.005	839834	1049509	85786	715259	691463	852265	70042	556304	148371	197244	15744	158955	2178613	0	2	1726862	416390	35209	83	62	5	1762133	416480
2021-01-28	2271074	92461	46561	45900	2234082	36920	70	1808696	462380	0.022	0.006	877990	1090332	89974	739697	713483	869115	71590	567469	164507	221217	18384	172228	2271074	0	2	1771880	462202	36749	171	65	5	1808694	462380
2021-01-29	2378848	107774	49988	57786	2340369	38400	77	1858684	520166	0.022	0.006	920894	1138243	95507	769100	735839	888487	73819	578309	185055	249756	21688	190791	2378848	0	2	1820382	519987	38228	172	72	5	1858682	520166
2021-01-30	2466864	88016	34362	53654	2427503	39280	79	1893046	573820	0.023	0.007	957412	1174692	99468	796433	752473	901967	75224	586328	204939	272725	24244	210105	2466864	0	2	1853865	573638	39106	174	73	6	1893044	573820
2021-01-31	2523731	56867	25751	31116	2483989	39656	84	1918797	604936	0.023	0.007	982865	1196922	101575	812430	766590	910861	76411	592657	216275	286061	25164	219773	2523731	0	2	1879244	604745	39474	182	77	7	1918795	604936
2021-02-01	2643259	119528	57966	61562	2601257	41865	135	1976763	666498	0.024	0.008	1026174	1260299	105285	839830	787193	944041	78273	602425	238981	316258	27012	237405	2643259	0	2	1934952	666305	41681	184	128	7	1976761	666498
2021-02-02	2775444	132185	64966	67219	2730367	44927	148	2041729	733717	0.025	0.009	1069633	1330364	110479	870030	806216	982089	80866	611659	263417	348275	29613	258371	2775444	0	2	1996844	733523	44742	185	141	7	2041727	733717
2021-02-03	2937027	161583	64087	97496	2885595	51255	174	2105817	831213	0.025	0.010	1128983	1407775	116405	912544	829819	1014401	83062	623312	299164	393374	33343	289232	2937027	0	3	2054583	831012	51064	191	167	7	2105814	831213
2021-02-04	3070689	133662	61731	71931	3013420	57087	179	2167548	903144	0.026	0.011	1177986	1472437	120972	943857	851937	1046473	85311	632945	326049	425964	35661	310912	3070689	0	3	2110480	902940	56893	194	172	7	2167545	903144
2021-02-05	3217211	146522	68901	77621	3153485	63536	187	2236449	980765	0.027	0.012	1232524	1542580	126293	977786	877231	1080338	86905	644262	355293	462242	39388	333524	3217211	0	3	2173059	980426	63208	328	179	8	2236446	980765
2021-02-06	3310895	93684	45391	48293	3244542	66162	188	2281840	1029058	0.027	0.012	1272514	1588658	130853	1003590	896490	1101898	88782	653957	376024	486760	42071	349633	3310895	0	3	2215823	1028719	65834	328	180	8	2281837	1029058
2021-02-07	3364207	53312	28262	25050	3295526	68488	190	2310102	1054108	0.028	0.013	1298155	1609930	133571	1016823	910800	1112720	90015	659435	387355	497210	43556	357388	3364207	0	3	2241758	1053768	68159	329	182	8	2310099	1054108
2021-02-08	3473128	108921	52867	56054	3400598	72310	217	2362969	1110162	0.028	0.013	1350672	1655734	137545	1035599	942269	1129343	91902	666781	408403	526391	45643	368818	3473128	0	3	2290778	1109820	71979	331	209	8	2362966	1110162
2021-02-09	3607164	134036	60200	73836	3531087	75744	330	2423169	1183998	0.029	0.014	1411842	1714380	141993	1058512	978151	1147503	94639	674792	433691	566877	47354	383720	3607164	0	3	2347621	1183466	75223	521	322	8	2423166	1183998
2021-02-10	3761553	154389	77320	77069	3672906	79979	8665	2500489	1261067	0.030	0.015	1478760	1781046	146001	1087933	1017461	1175177	96286	685176	461299	605869	49715	402757	3761553	0	3	2413364	1259542	78477	1502	8645	20	2500486	1261067
2021-02-11	3905267	143714	75210	68504	3793034	87246	24982	2575701	1329571	0.031	0.016	1539776	1848576	151475	1113070	1052428	1208053	98713	694775	487348	640523	52762	418295	3905267	0	5	2468036	1324998	82712	4534	24948	34	2575696	1329571
2021-02-12	4060348	155081	79514	75567	3924592	96544	39204	2655218	1405138	0.032	0.017	1611268	1919253	157751	1138545	1094198	1240389	101429	704318	517070	678864	56322	434227	4060348	0	8	2529079	1395513	87284	9260	38847	357	2655210	1405138
2021-02-13	4167714	107366	61922	45444	4015351	99801	52553	2717141	1450582	0.033	0.017	1667599	1960972	162355	1156080	1129093	1262877	103231	711418	538506	698095	59124	444662	4167714	0	9	2575947	1439404	88996	10805	52189	364	2717132	1450582
2021-02-14	4232920	65206	39494	25712	4070838	102275	59797	2756636	1476294	0.033	0.018	1706122	1983696	163973	1164146	1153761	1276081	104081	714928	552361	707615	59892	449218	4232920	0	10	2606948	1463890	90266	12009	59412	385	2756626	1476294
2021-02-15	4358183	125263	69522	55741	4175416	107504	75252	2826159	1532035	0.034	0.018	1773591	2031897	168008	1183418	1194859	1300739	106358	721524	578732	731158	61650	461894	4358183	0	11	2658760	1516656	92538	14966	74850	402	2826148	1532035
2021-02-16	4492288	134105	77757	56348	4283809	113623	94844	2903917	1588383	0.035	0.019	1839625	2089928	170683	1200400	1236633	1336138	107879	728440	602992	753790	62804	471960	4492288	0	12	2714212	1569597	95263	18360	94430	414	2903905	1588383
2021-02-17	4643051	150763	94460	56303	4405819	121621	115598	2998378	1644686	0.036	0.020	1920033	2147919	175770	1221928	1292995	1368705	110873	736858	627038	779214	64897	485070	4643051	0	13	2783118	1622701	100076	21545	115171	427	2998365	1644686
2021-02-18	4787302	144251	91261	52990	4518007	129845	139436	3089640	1697676	0.037	0.020	1995907	2206102	179208	1240945	1345328	1403985	112659	744258	650579	802117	66549	496687	4787302	0	14	2845863	1672144	104758	25087	139005	431	3089626	1697676
2021-02-19	4945628	158326	102772	55554	4638957	139806	166850	3192413	1753230	0.038	0.021	2076668	2266444	184080	1258305	1402958	1440066	115287	750941	673710	826378	68793	507364	4945628	0	15	2914376	1724581	111709	28097	166313	537	3192398	1753230
2021-02-20	5057693	112065	75796	36269	4725335	144270	188072	3268210	1789499	0.039	0.022	2138268	2310157	187738	1272296	1445964	1469322	117533	755178	692304	840835	70205	517118	5057693	0	16	2964928	1760407	115741	28529	187525	547	3268194	1789499
2021-02-21	5143492	85799	57418	28381	4791845	147911	203719	3325629	1817880	0.040	0.022	2187054	2340674	190304	1282667	1479917	1489494	118664	757407	707137	851180	71640	525260	5143492	0	17	3003223	1788622	119223	28688	203166	553	3325612	1817880
2021-02-22	5298826	155334	97585	57749	4914568	156905	227335	3423215	1875629	0.041	0.023	2266701	2410287	195201	1300517	1538362	1525084	121627	763642	728339	885203	73574	536875	5298826	0	18	3069978	1844590	126449	30456	226770	565	3423197	1875629
2021-02-23	5468470	169644	109164	60480	5048156	164114	256181	3532380	1936109	0.042	0.023	2346910	2483166	200501	1318387	1598211	1563793	124757	771284	748699	919373	75744	547103	5468470	0	19	3144757	1903399	132000	32114	255604	577	3532361	1936109
2021-02-24	5644118	175648	116509	59139	5179541	171724	292833	3648890	1995248	0.044	0.024	2431789	2557990	207079	1337422	1660503	1608669	128907	778912	771286	949321	78172	558510	5644118	0	20	3218707	1960834	137925	33799	292238	595	3648870	1995248
2021-02-25	5832839	188721	129753	58968	5310658	178483	343678	3778643	2054216	0.045	0.025	2514175	2648479	213515	1355541	1722988	1667176	133470	787131	791187	981303	80045	568410	5832839	0	20	3292398	2018260	143155	35328	343070	608	3778623	2054216
2021-02-26	6045141	212302	145463	66839	5451329	187315	406477	3924106	2121055	0.047	0.026	2602819	2749814	220591	1375230	1787946	1735795	138593	794627	814873	1014019	81998	580603	6045141	0	20	3367919	2083410	150371	36944	405796	681	3924086	2121055
2021-02-27	6192859	147718	107826	39892	5543984	191397	457458	4031932	2160947	0.048	0.026	2666475	2822116	227301	1388101	1833818	1790224	143432	799030	832657	1031892	83869	589071	6192859	0	20	3421422	2122562	153721	37676	456769	689	4031912	2160947
2021-02-28	6295695	102836	78771	24065	5605262	195352	495060	4110704	2185012	0.049	0.026	2714700	2875405	231582	1394762	1868893	1834535	146785	801170	845807	1040870	84797	593592	6295695	0	21	3459008	2146254	157323	38029	494352	708	4110683	2185012
2021-03-01	6493796	198101	148278	49823	5735410	204976	553389	4258982	2234835	0.051	0.027	2817221	2953369	239381	1408021	1943445	1896228	153263	806209	873776	1057141	86118	601812	6493796	0	21	3541371	2194039	164925	40051	552665	724	4258961	2234835
2021-03-02	6712372	218576	166476	52100	5875172	214965	622214	4425458	2286935	0.053	0.027	2927307	3047588	248982	1422628	2022735	1971725	160632	812692	904572	1075863	88350	609936	6712372	0	21	3631929	2243243	172040	42925	621468	746	4425437	2286935
2021-03-03	6958631	246259	175783	70476	6032138	229915	696557	4601241	2357411	0.055	0.028	3047976	3148969	260606	1439862	2105531	2048823	170041	819606	942445	1100146	90565	620256	6958631	0	21	3724371	2307767	181113	48802	695736	821	4601220	2357411
2021-03-04	7203300	244669	181830	62839	6173227	244381	785671	4783071	2420250	0.058	0.029	3159240	3258741	272992	1455625	2181653	2136963	180034	825002	977587	1121778	92958	630623	7203300	0	21	3808058	2365169	190186	54195	784806	865	4783050	2420250
2021-03-05	7478948	275648	207105	68543	6322703	257746	898477	4990177	2488793	0.060	0.030	3277185	3383782	287941	1471072	2258903	2242620	191990	830697	1018282	1141162	95951	640375	7478948	0	22	3895002	2427701	197591	60155	897562	915	4990155	2488793
2021-03-06	7680628	201680	153033	48647	6431925	266186	982495	5143210	2537440	0.062	0.031	3366696	3478463	298371	1480590	2314602	2325555	200824	833966	1052094	1152908	97547	646624	7680628	0	22	3957836	2474089	203793	62393	981559	936	5143188	2537440
2021-03-07	7828161	147533	114048	33485	6511666	272840	1043633	5257258	2570925	0.063	0.031	3437978	3544531	306478	1486155	2360956	2383880	208082	835928	1077022	1160651	98396	650227	7828161	0	22	4006448	2505218	208111	64729	1042677	956	5257236	2570925
2021-03-08	8065615	237454	185861	51593	6645573	283795	1136225	5443119	2622518	0.065	0.032	3556806	3640371	322827	1498475	2442587	2468035	222757	841890	1114219	1172336	100070	656585	8065615	0	22	4092166	2553407	215703	68092	1135228	997	5443097	2622518
2021-03-09	8317828	252213	197363	54850	6785676	296580	1235550	5640482	2677368	0.068	0.032	3677710	3742787	340236	1512022	2524321	2558568	238262	848791	1153389	1184219	101974	663231	8317828	0	22	4180957	2604719	225015	71565	1234488	1062	5640460	2677368
2021-03-10	8606150	288322	221283	67039	6944758	308758	1352611	5861766	2744407	0.070	0.033	3808598	3856306	360962	1530389	2606688	2661880	256906	860000	1201910	1194426	104056	670389	8605179	971	23	4276613	2668145	233634	75124	1351496	1115	5861743	2744407
2021-03-11	8890387	284237	223346	60891	7092387	322476	1475501	6085112	2805298	0.073	0.034	3937470	3976178	382106	1544008	2689957	2769533	276555	867677	1247513	1206645	105551	676331	8888761	1626	23	4367757	2724630	243004	79472	1474328	1173	6085089	2805298
2021-03-12	9216857	326470	255611	70859	7243966	339770	1633098	6340723	2876157	0.076	0.035	4071484	4127850	404783	1559463	2770420	2906954	297406	877132	1301064	1220896	107377	682331	9215021	1836	23	4453272	2790694	255705	84065	1631723	1375	6340700	2876157
2021-03-13	9457450	240593	190313	50280	7359980	349339	1748108	6531036	2926437	0.079	0.035	4181046	4240796	425293	1567511	2840453	3011727	316755	881879	1340593	1229069	108538	685632	9455458	1992	23	4520459	2839521	263933	85406	1746621	1487	6531013	2926437
2021-03-14	9627503	170053	134381	35672	7448036	354851	1824593	6665417	2962109	0.080	0.036	4266043	4307307	441408	1570975	2896461	3072888	331859	883676	1369582	1234419	109549	687299	9625501	2002	23	4573839	2874197	268470	86381	1823085	1508	6665394	2962109
2021-03-15	9875155	247652	188430	59222	7600789	367588	1906755	6853847	3021331	0.082	0.036	4400463	4391447	461474	1582289	2984151	3147219	350790	890548	1416312	1244228	110684	691741	9872870	2285	23	4669158	2931631	279508	88080	1905158	1597	6853824	3021331
2021-03-16	10054058	178903	110739	68164	7767425	378840	1907770	6964586	3089495	0.084	0.037	4527474	4426082	473886	1593025	3059300	3169255	361553	895647	1468174	1256827	112333	697378	10051226	2832	23	4770119	2997306	288275	90565	1906169	1601	6964563	3089495
2021-03-17	10259024	204966	124041	80925	7953660	396829	1908512	7088627	3170420	0.085	0.038	4672447	4463838	487350	1605072	3141952	3193652	373040	902175	1530495	1270186	114310	702897	10255575	3449	23	4880241	3073419	301457	95372	1906906	1606	7088604	3170420
2021-03-18	10452516	193492	117913	75579	8127833	414990	1909670	7206540	3245999	0.087	0.039	4812398	4498757	499905	1615322	3222615	3215628	383588	907340	1589783	1283129	116317	707982	10448644	3872	23	4984036	3143797	314418	100572	1908063	1607	7206517	3245999
2021-03-19	10697229	244713	160559	84154	8313213	435780	1948213	7367099	3330153	0.089	0.040	4961948	4563922	518114	1627194	3306761	3267408	399605	914537	1655187	1296514	118509	712657	10692826	4403	23	5092126	3221087	328401	107379	1946549	1664	7367076	3330153
2021-03-20	10917485	220256	166994	53262	8448590	451074	2017798	7534093	3383415	0.091	0.041	5078536	4641917	537715	1633319	3379545	3337212	417708	917920	1698991	1304705	120007	715399	10912758	4727	23	5178104	3270486	339862	111212	2016104	1694	7534070	3383415
2021-03-21	11081980	164495	126304	38191	8550765	460266	2070926	7660397	3421606	0.092	0.041	5171749	4694283	554274	1635819	3440184	3384099	433219	919244	1731565	1310184	121055	716575	11077253	4727	23	5245358	3305407	345810	114456	2069206	1720	7660374	3421606
2021-03-22	11351132	269152	192762	76390	8717176	484054	2149879	7853159	3497996	0.094	0.042	5329624	4766248	576579	1645397	3534739	3445389	453483	925279	1794885	1320859	123096	720118	11344877	6255	23	5342833	3374343	362198	121856	2148105	1774	7853136	3497996
2021-03-23	11651844	300712	216871	83841	8898628	503766	2249427	8070030	3581837	0.097	0.043	5490190	4854892	604288	1656865	3629814	3521119	478432	932910	1860376	1333773	125856	723955	11640601	11243	23	5445472	3453156	376938	126828	2247597	1830	8070007	3581837
2021-03-24	11990873	339029	249421	89608	9098778	536793	2355279	8319451	3671445	0.100	0.044	5664852	4952071	635971	1672375	3732242	3605792	507202	944863	1932610	1346279	128769	727512	11973838	17035	23	5561395	3537383	404659	132134	2353374	1905	8319428	3671445
2021-03-25	12323555	332682	251521	81161	9284313	564478	2474741	8570972	3752606	0.103	0.045	5830941	5060081	670798	1683452	3832663	3703768	539527	951994	1998278	1356313	131271	731458	12300575	22980	23	5671452	3612861	426773	137705	2472724	2017	8570949	3752606
2021-03-26	12697333	373778	285373	88405	9483877	601643	2611789	8856346	3841011	0.106	0.046	6003833	5184282	710463	1698535	3933360	3816071	576057	962322	2070473	1368211	134406	736213	12668039	29294	24	5789408	3694469	457234	144409	2609680	2109	8856322	3841011
2021-03-27	12978551	281218	218883	62335	9633438	629261	2715827	9075230	3903346	0.109	0.047	6147056	5279869	744190	1703356	4023632	3903670	607441	965464	2123424	1376199	136749	737892	12946907	31644	25	5879801	3753637	481742	147519	2713662	2165	9075205	3903346
2021-03-28	13174942	196391	143126	53265	9748787	647765	2778365	9218356	3956611	0.111	0.048	6253046	5333384	768116	1706823	4085867	3950861	629648	967502	2167179	1382523	138468	739321	13143107	31835	25	5945210	3803577	496972	150793	2776149	2216	9218331	3956611
2021-03-29	13480533	305591	216988	88603	9937529	672742	2870237	9435344	4045214	0.113	0.049	6418833	5404751	806706	1716518	4180272	4010842	665103	973637	2238561	1393909	141603	742881	13442750	37783	25	6052212	3885317	515147	157595	2867960	2277	9435319	4045214
2021-03-30	13809567	329034	236431	92603	10156230	697157	2956155	9671775	4137817	0.116	0.050	6591913	5474211	853024	1727240	4280843	4069380	706095	981320	2311070	1404831	146929	745920	13759648	49919	25	6184827	3971403	533105	164052	2953818	2337	9671750	4137817
2021-03-31	14145777	336210	234705	101505	10403720	733202	3008830	9906480	4239322	0.119	0.051	6774517	5538855	899988	1738789	4384637	4121392	747318	988525	2389880	1417463	152670	750264	14079543	66234	25	6338813	4064907	561184	172018	3006458	2372	9906455	4239322
2021-04-01	14472406	326629	235925	90704	10642602	765654	3064125	10142405	4330026	0.122	0.052	6936269	5606629	944397	1747554	4476928	4175958	787230	994147	2459341	1430671	157167	753407	14386093	86313	25	6494930	4147672	585739	179915	3061711	2414	10142380	4330026
2021-04-02	14698102	225696	157713	67983	10822136	780043	3095898	10300118	4398009	0.124	0.053	7067172	5654574	981393	1749910	4552089	4213818	820223	995356	2515083	1440756	161170	754554	14610265	87837	25	6610849	4211287	595787	184256	3093457	2441	10300093	4398009
2021-04-03	14929936	231834	167463	64371	10996281	795842	3137788	10467581	4462380	0.126	0.054	7198861	5698683	1018737	1753036	4633025	4248782	853330	997097	2565836	1449901	165407	755939	14840700	89236	25	6725508	4270773	606739	189103	3135309	2479	10467556	4462380
2021-04-04	15122875	192939	142572	50367	11128480	805903	3188467	10610153	4512747	0.128	0.054	7309766	5731715	1048001	1754173	4704262	4274251	879171	997551	2605504	1457464	168830	756622	15033503	89372	25	6811273	4317207	612910	192993	3185945	2522	10610128	4512747
2021-04-05	15370709	247834	177620	70214	11293471	823769	3253444	10787773	4582961	0.130	0.055	7456036	5770066	1081529	1756372	4794323	4302940	907924	998846	2661713	1467126	173605	757526	15280027	90682	25	6910861	4382610	625996	197773	3250891	2553	10787748	4582961
2021-04-06	15744444	373735	279028	94707	11548429	855985	3340003	11066803	4677668	0.133	0.056	7644926	5826686	1124640	1761928	4910112	4346229	944820	1001588	2734814	1480457	179820	760340	15617135	127309	27	7079875	4468554	649519	206466	3337382	2621	11066776	4677668
2021-04-07	16412489	668045	571673	96372	12090611	893020	3428831	11638476	4774040	0.140	0.057	7644926	5826686	1124640	1761928	4910112	4346229	944820	1001588	2734814	1480457	179820	760340	15979516	432973	27	7534372	4556239	677950	215070	3426127	2704	11638449	4774040
2021-04-08	17111281	698792	611121	87671	12662105	928651	3520498	12249597	4861711	0.147	0.058	7644926	5826686	1124640	1761928	4910112	4346229	944820	1001588	2734814	1480457	179820	760340	16353430	757851	27	8027249	4634856	704608	224043	3517713	2785	12249570	4861711
2021-04-09	17743067	631786	542890	88896	13152299	965216	3625525	12792487	4950607	0.154	0.060	7644926	5826686	1124640	1761928	4910112	4346229	944820	1001588	2734814	1480457	179820	760340	16745713	997354	27	8440064	4712235	729738	235478	3622658	2867	12792460	4950607
2021-04-10	18115646	372579	307526	65053	13400790	988436	3726393	13100013	5015660	0.158	0.060	7644926	5826686	1124640	1761928	4910112	4346229	944820	1001588	2734814	1480457	179820	760340	17085246	1030400	27	8631246	4769544	745277	243159	3723463	2930	13099986	5015660
2021-04-11	18379560	263914	213594	50320	13571159	1007101	3801273	13313607	5065980	0.160	0.061	7644926	5826686	1124640	1761928	4910112	4346229	944820	1001588	2734814	1480457	179820	760340	17344081	1035479	27	8755318	4815841	759995	247106	3798267	3006	13313580	5065980
2021-04-12	18798091	418531	342155	76376	13850024	1036287	3911752	13655763	5142356	0.164	0.062	7644926	5826686	1124640	1761928	4910112	4346229	944820	1001588	2734814	1480457	179820	760340	17714105	1083986	28	8966334	4883690	780708	255579	3908693	3059	13655735	5142356
2021-04-13	19374892	576801	503133	73668	14282294	1063505	4029065	14158896	5216024	0.170	0.063	7644926	5826686	1124640	1761928	4910112	4346229	944820	1001588	2734814	1480457	179820	760340	18094776	1280116	28	9330571	4951723	802485	261020	4025812	3253	14158868	5216024
2021-04-14	20149794	774902	691736	83166	14898730	1097042	4153994	14850632	5299190	0.179	0.064	7644926	5826686	1124640	1761928	4910112	4346229	944820	1001588	2734814	1480457	179820	760340	18495881	1653913	28	9872903	5025827	827518	269524	4150183	3811	14850604	5299190
2021-04-15	20829929	680135	609937	70198	15432681	1133247	4263972	15460570	5369388	0.186	0.065	7644926	5826686	1124640	1761928	4910112	4346229	944820	1001588	2734814	1480457	179820	760340	18880387	1949542	29	10346214	5086467	855110	278137	4259217	4755	15460541	5369388
2021-04-16	21426462	596533	522348	74185	15870799	1165844	4389790	15982918	5443573	0.192	0.065	7644926	5826686	1124640	1761928	4910112	4346229	944820	1001588	2734814	1480457	179820	760340	19282081	2144381	29	10719381	5151418	879277	286567	4384231	5559	15982889	5443573
2021-04-17	21792452	365990	309381	56609	16095679	1188529	4508215	16292299	5500182	0.196	0.066	7644926	5826686	1124640	1761928	4910112	4346229	944820	1001588	2734814	1480457	179820	760340	19626267	2166185	29	10896270	5199409	894826	293703	4501174	7041	16292270	5500182
2021-04-18	22061877	269425	230426	38999	16267719	1203914	4590215	16522725	5539181	0.199	0.067	7644926	5826686	1124640	1761928	4910112	4346229	944820	1001588	2734814	1480457	179820	760340	19891081	2170796	29	11034372	5233347	906317	297597	4582007	8208	16522696	5539181
2021-04-19	22464140	402263	340872	61391	16561539	1236834	4665737	16863598	5600572	0.203	0.067	7644926	5826686	1124640	1761928	4910112	4346229	944820	1001588	2734814	1480457	179820	760340	20249013	2215127	30	11276035	5285504	931320	305514	4656213	9524	16863568	5600572
2021-04-20	23024865	560725	498055	62670	16943480	1276053	4805302	17361653	5663242	0.209	0.068	7644926	5826686	1124640	1761928	4910112	4346229	944820	1001588	2734814	1480457	179820	760340	20615287	2409578	30	11603984	5339496	963942	312111	4793697	11605	17361623	5663242
2021-04-21	23745717	720852	647809	73043	17397730	1317748	5030209	18009462	5736285	0.217	0.069	7644926	5826686	1124640	1761928	4910112	4346229	944820	1001588	2734814	1480457	179820	760340	20996991	2748726	30	11995700	5402030	997578	320170	5016154	14055	18009432	5736285
2021-04-22	24384221	638504	571362	67142	17779487	1361398	5243306	18580824	5803427	0.223	0.070	7644926	5826686	1124640	1761928	4910112	4346229	944820	1001588	2734814	1480457	179820	760340	21368236	3015985	30	12321572	5457915	1033595	327803	5225627	17679	18580794	5803427
2021-04-23	24940399	556178	487299	68879	18132769	1404936	5402664	19068123	5872306	0.229	0.071	7644926	5826686	1124640	1761928	4910112	4346229	944820	1001588	2734814	1480457	179820	760340	21756219	3184180	30	12620008	5512761	1066650	338286	5381435	21229	19068093	5872306
2021-04-24	25305957	365558	306610	58948	18367747	1454276	5483904	19374733	5931254	0.233	0.071	7644926	5826686	1124640	1761928	4910112	4346229	944820	1001588	2734814	1480457	179820	760340	22104866	3201091	30	12813768	5553979	1100616	353660	5460319	23585	19374703	5931254
2021-04-25	25588846	282889	233845	49044	18555515	1487951	5545350	19608578	5980298	0.236	0.072	7644926	5826686	1124640	1761928	4910112	4346229	944820	1001588	2734814	1480457	179820	760340	22381941	3206905	30	12964140	5591375	1124427	363524	5519981	25369	19608548	5980298
2021-04-26	26021742	432896	358932	73964	18873414	1530418	5617811	19967579	6054262	0.240	0.073	7644926	5826686	1124640	1761928	4910112	4346229	944820	1001588	2734814	1480457	179820	760340	22728245	3293497	99	13220523	5652891	1158505	371913	5588452	29359	19967480	6054262
2021-04-27	26807062	785320	693416	91904	19550119	1581912	5674471	20661456	6146166	0.248	0.074	7644926	5826686	1124640	1761928	4910112	4346229	944820	1001588	2734814	1480457	179820	760340	23098685	3708377	560	13819381	5730738	1200875	381037	5640640	33831	20660896	6146166
2021-04-28	27930043	1122981	996026	126955	20558345	1642626	5727795	21658199	6273121	0.260	0.075	7644926	5826686	1124640	1761928	4910112	4346229	944820	1001588	2734814	1480457	179820	760340	23492583	4437460	1277	14719024	5839321	1249052	393574	5688846	38949	21656922	6273121
2021-04-29	28875972	945929	812514	133415	21382636	1706233	5784946	22471593	6406536	0.270	0.077	7644926	5826686	1124640	1761928	4910112	4346229	944820	1001588	2734814	1480457	179820	760340	23880444	4995528	2157	15431060	5951576	1300276	405957	5738100	46846	22469436	6406536
2021-04-30	29679631	803659	666624	137035	22061043	1763489	5852109	23139050	6543571	0.278	0.079	7644926	5826686	1124640	1761928	4910112	4346229	944820	1001588	2734814	1480457	179820	760340	24284257	5395374	2990	15997898	6063145	1342288	421201	5795874	56235	23136060	6543571
2021-05-01	30015905	336274	260028	76246	22313870	1804979	5891492	23401652	6619817	0.281	0.080	7644926	5826686	1124640	1761928	4910112	4346229	944820	1001588	2734814	1480457	179820	760340	24595881	5420024	5564	16189476	6124394	1377372	427607	5829240	62252	23396088	6619817
2021-05-02	30280897	264992	197609	67383	22509450	1842490	5921585	23601069	6687200	0.284	0.080	7644926	5826686	1124640	1761928	4910112	4346229	944820	1001588	2734814	1480457	179820	760340	24853218	5427679	7372	16329312	6180138	1409631	432859	5854754	66831	23593697	6687200
2021-05-03	30732582	451685	335326	116359	22827337	1913074	5983213	23937981	6803559	0.288	0.082	7644926	5826686	1124640	1761928	4910112	4346229	944820	1001588	2734814	1480457	179820	760340	25211043	5521539	8958	16556221	6271116	1467020	446054	5905782	77431	23929023	6803559
2021-05-04	31575408	842826	681101	161725	23453654	1976392	6133443	24622043	6965284	0.296	0.084	7644926	5826686	1124640	1761928	4910112	4346229	944820	1001588	2734814	1480457	179820	760340	25586617	5988791	11919	17050716	6402938	1517101	459291	6042307	91136	24610124	6965284
2021-05-05	32722264	1146856	914865	231991	24304603	2055360	6345911	25541379	7197275	0.307	0.087	7644926	5826686	1124640	1761928	4910112	4346229	944820	1001588	2734814	1480457	179820	760340	26007509	6714755	16390	17716552	6588051	1570562	484798	6237875	108036	25524989	7197275
2021-05-06	33712676	990412	767234	223178	24997263	2147426	6547403	26312807	7420453	0.316	0.089	7644926	5826686	1124640	1761928	4910112	4346229	944820	1001588	2734814	1480457	179820	760340	26422810	7289866	20584	18232080	6765183	1640226	507200	6419917	127486	26292223	7420453
2021-05-07	34602741	890065	652034	238031	25584415	2234118	6759771	26968694	7658484	0.324	0.092	7644926	5826686	1124640	1761928	4910112	4346229	944820	1001588	2734814	1480457	179820	760340	26868859	7733882	24437	18645288	6939127	1695954	538164	6603015	156756	26944257	7658484
2021-05-08	35028476	425735	271660	154075	25852071	2305901	6844350	27242071	7812559	0.328	0.094	7644926	5826686	1124640	1761928	4910112	4346229	944820	1001588	2734814	1480457	179820	760340	27234103	7794373	26154	18800049	7052022	1747903	557998	6667965	176385	27215917	7812559
2021-05-09	35314611	286135	183583	102552	26045966	2362451	6878974	27426720	7915111	0.330	0.095	7644926	5826686	1124640	1761928	4910112	4346229	944820	1001588	2734814	1480457	179820	760340	27509203	7805408	27220	18914678	7131288	1793657	568794	6691165	187809	27399500	7915111
2021-05-10	35903893	589282	395757	193525	26419125	2444237	7009582	27826206	8108636	0.335	0.097	7644926	5826686	1124640	1761928	4910112	4346229	944820	1001588	2734814	1480457	179820	760340	27909587	7994306	30949	19146064	7273061	1853271	590966	6795922	213660	27795257	8108636
2021-05-11	36989676	1085783	797931	287852	27245050	2524131	7185905	28627778	8396488	0.344	0.101	7644926	5826686	1124640	1761928	4910112	4346229	944820	1001588	2734814	1480457	179820	760340	28341675	8648001	34590	19739087	7505963	1910997	613134	6943104	242801	28593188	8396488
2021-05-12	38405458	1415782	1049218	366564	28338306	2615783	7411116	29682659	8763052	0.357	0.105	7644926	5826686	1124640	1761928	4910112	4346229	944820	1001588	2734814	1480457	179820	760340	28801474	9603984	40253	20535935	7802371	1972120	643663	7134351	276765	29642406	8763052
2021-05-13	38834696	429238	268395	160843	28653638	2682552	7455606	29953701	8923895	0.360	0.107	7644926	5826686	1124640	1761928	4910112	4346229	944820	1001588	2734814	1480457	179820	760340	29157233	9677463	42900	20723495	7930143	2023680	658872	7163626	291980	29910801	8923895
2021-05-14	39591111	756415	525945	230470	29198842	2747461	7594113	30487441	9154365	0.367	0.110	7644926	5826686	1124640	1761928	4910112	4346229	944820	1001588	2734814	1480457	179820	760340	29562311	10028800	50695	21088133	8110709	2073414	674047	7275199	318914	30436746	9154365
2021-05-15	39991158	400047	234527	165520	29477876	2807762	7650545	30726248	9319885	0.369	0.112	7644926	5826686	1124640	1761928	4910112	4346229	944820	1001588	2734814	1480457	179820	760340	29914692	10076466	54975	21244814	8233062	2117365	690397	7309094	341451	30671273	9319885
2021-05-16	40273729	282571	160598	121973	29678060	2860501	7675467	30891572	9441858	0.371	0.114	7644926	5826686	1124640	1761928	4910112	4346229	944820	1001588	2734814	1480457	179820	760340	30181258	10092471	59701	21351250	8326810	2160220	700281	7320401	355066	30831871	9441858
2021-05-17	40829014	555285	349265	206020	30016429	2946177	7796949	31250595	9647878	0.376	0.116	7644926	5826686	1124640	1761928	4910112	4346229	944820	1001588	2734814	1480457	179820	760340	30567225	10261789	69459	21544128	8472301	2221481	724696	7415527	381422	31181136	9647878
2021-05-18	41700995	871981	517329	354652	30606055	3047271	7970438	31775696	10002530	0.382	0.120	7644926	5826686	1124640	1761928	4910112	4346229	944820	1001588	2734814	1480457	179820	760340	30984202	10716793	77231	21843512	8762543	2293989	753282	7560964	409474	31698465	10002530
2021-05-19	42798640	1097645	563577	534068	31410154	3147361	8151735	32351432	10536598	0.389	0.127	7644926	5826686	1124640	1761928	4910112	4346229	944820	1001588	2734814	1480457	179820	760340	31402069	11396571	89390	22187510	9222644	2360230	787131	7714302	437433	32262042	10536598
2021-05-20	43745866	947226	455545	491681	32093472	3243838	8308324	32817819	11028279	0.395	0.133	7644926	5826686	1124640	1761928	4910112	4346229	944820	1001588	2734814	1480457	179820	760340	31818352	11927514	100232	22448433	9645039	2425744	818094	7843410	464914	32717587	11028279
2021-05-21	44596729	850863	405886	444977	32689538	3329504	8465634	33235526	11473256	0.400	0.138	7644926	5826686	1124640	1761928	4910112	4346229	944820	1001588	2734814	1480457	179820	760340	32246495	12350234	112053	22670924	10018614	2482117	847387	7970432	495202	33123473	11473256
2021-05-22	45070496	473767	214794	258973	32995651	3399003	8549511	33464598	11732229	0.402	0.141	7644926	5826686	1124640	1761928	4910112	4346229	944820	1001588	2734814	1480457	179820	760340	32591332	12479164	126331	22769318	10226333	2530422	868581	8038527	510984	33338267	11732229
2021-05-23	45355575	285079	124719	160360	33188575	3458391	8573414	33598181	11892589	0.404	0.143	7644926	5826686	1124640	1761928	4910112	4346229	944820	1001588	2734814	1480457	179820	760340	32858290	12497285	135195	22834944	10353631	2574719	883672	8053323	520091	33462986	11892589
2021-05-24	45681543	325968	141119	184849	33424290	3519941	8594075	33747342	12077438	0.406	0.145	7644926	5826686	1124640	1761928	4910112	4346229	944820	1001588	2734814	1480457	179820	760340	33168733	12512810	143237	22917541	10506749	2621272	898669	8065292	528783	33604105	12077438
2021-05-25	46336978	655435	272066	383369	33870920	3599610	8698100	34044519	12460807	0.409	0.150	7644926	5826686	1124640	1761928	4910112	4346229	944820	1001588	2734814	1480457	179820	760340	33565225	12771753	168348	23059243	10811677	2672716	926894	8144212	553888	33876171	12460807
2021-05-26	47516555	1179577	469483	710094	34755807	3682004	8832180	34592218	13170901	0.416	0.158	7644926	5826686	1124640	1761928	4910112	4346229	944820	1001588	2734814	1480457	179820	760340	33981387	13535168	246564	23374052	11381755	2725302	956702	8246300	585880	34345654	13170901
2021-05-27	48557163	1040608	404065	636543	35494820	3770889	8963767	35077406	13807444	0.422	0.166	7644926	5826686	1124640	1761928	4910112	4346229	944820	1001588	2734814	1480457	179820	760340	34400158	14157005	327687	23631851	11862969	2776921	993968	8340947	622820	34749719	13807444
2021-05-28	49460289	903126	356142	546984	36097722	3856949	9094185	35517294	14354428	0.427	0.173	7644926	5826686	1124640	1761928	4910112	4346229	944820	1001588	2734814	1480457	179820	760340	34835323	14624966	411433	23848554	12249168	2827432	1029517	8429875	664310	35105861	14354428
2021-05-29	49870340	410051	151635	258416	36359511	3919484	9152125	35696716	14612844	0.429	0.176	7644926	5826686	1124640	1761928	4910112	4346229	944820	1001588	2734814	1480457	179820	760340	35170965	14699375	439220	23928350	12431161	2864276	1055208	8464870	687255	35257496	14612844
2021-05-30	50153837	283497	97693	185804	36556624	3966489	9180476	35805437	14798648	0.431	0.178	7644926	5826686	1124640	1761928	4910112	4346229	944820	1001588	2734814	1480457	179820	760340	35432644	14721193	450248	23987545	12569079	2891615	1074874	8476029	704447	35355189	14798648
2021-05-31	50700219	546382	178201	368181	36923704	4033749	9250048	36026108	15166829	0.433	0.182	7644926	5826686	1124640	1761928	4910112	4346229	944820	1001588	2734814	1480457	179820	760340	35821257	14878962	492718	24099193	12824511	2919275	1114474	8514922	735126	35533390	15166829
2021-06-01	51688015	987796	399808	587988	37656942	4113361	9340495	36510415	15754817	0.439	0.189	7644926	5826686	1124640	1761928	4910112	4346229	944820	1001588	2734814	1480457	179820	760340	36218580	15469435	577217	24415223	13241719	2948964	1164397	8569011	771484	35933198	15754817
2021-06-02	52934995	1246980	516684	730296	38645575	4185822	9422703	37130777	16485113	0.446	0.198	7644926	5826686	1124640	1761928	4910112	4346229	944820	1001588	2734814	1480457	179820	760340	36625282	16309713	680895	24864523	13781052	2973399	1212423	8611960	810743	36449882	16485113
2021-06-03	53577564	642569	230337	412232	39120422	4250128	9472916	37414317	16897345	0.450	0.203	7644926	5826686	1124640	1761928	4910112	4346229	944820	1001588	2734814	1480457	179820	760340	36988438	16589126	734098	25044301	14076121	3003102	1247026	8632816	840100	36680219	16897345
2021-06-04	54387816	810252	291021	519231	39705382	4321356	9549764	37782554	17416576	0.454	0.209	7644926	5826686	1124640	1761928	4910112	4346229	944820	1001588	2734814	1480457	179820	760340	37396202	16991614	811314	25272180	14433202	3031791	1289565	8667269	882495	36971240	17416576
2021-06-05	54800549	412733	96237	316496	39976434	4388274	9593913	37909405	17733072	0.456	0.213	7644926	5826686	1124640	1761928	4910112	4346229	944820	1001588	2734814	1480457	179820	760340	37745391	17055158	841928	25331254	14645180	3058078	1330196	8678145	915768	37067477	17733072
2021-06-06	55092711	292162	59369	232793	40182126	4429265	9621150	37987016	17965865	0.457	0.216	7644926	5826686	1124640	1761928	4910112	4346229	944820	1001588	2734814	1480457	179820	760340	38007844	17084867	860170	25375132	14806994	3070049	1359216	8681665	939485	37126846	17965865
2021-06-07	55705799	613088	192548	420540	40583232	4514304	9693634	38234023	18386405	0.460	0.221	7644926	5826686	1124640	1761928	4910112	4346229	944820	1001588	2734814	1480457	179820	760340	38381648	17323248	914629	25509018	15074214	3097596	1416708	8712780	980854	37319394	18386405
2021-06-08	56756004	1050205	338837	711368	41426933	4589655	9756550	38641097	19097773	0.465	0.230	7644926	5826686	1124640	1761928	4910112	4346229	944820	1001588	2734814	1480457	179820	760340	38784032	17968865	982866	25789354	15637579	3123821	1465834	8745056	1011494	37658231	19097773
2021-06-09	58174132	1418128	444083	974045	42598127	4676901	9820528	39180890	20071818	0.471	0.241	7644926	5826686	1124640	1761928	4910112	4346229	944820	1001588	2734814	1480457	179820	760340	39211431	18956810	1078576	26172664	16425463	3152201	1524700	8777449	1043079	38102314	20071818
2021-06-10	59361181	1187049	400947	786102	43551181	4766701	9876285	39670275	20857920	0.477	0.251	7644926	5826686	1124640	1761928	4910112	4346229	944820	1001588	2734814	1480457	179820	760340	39646939	19705530	1167014	26514718	17036463	3184211	1582490	8804332	1071953	38503261	20857920
2021-06-11	60419738	1058557	360946	697611	44354953	4855724	9945272	40127996	21555531	0.483	0.259	7644926	5826686	1124640	1761928	4910112	4346229	944820	1001588	2734814	1480457	179820	760340	40089720	20318630	1263789	26817986	17536967	3212410	1643314	8833811	1111461	38864207	21555531
2021-06-12	60854397	434659	123348	311311	44639266	4927483	9988618	40286585	21866842	0.484	0.263	7644926	5826686	1124640	1761928	4910112	4346229	944820	1001588	2734814	1480457	179820	760340	40421282	20420893	1299030	26909580	17729686	3231121	1696362	8846854	1141764	38987555	21866842
2021-06-13	61137368	282971	64682	218289	44819140	4990994	10014415	40365056	22085131	0.485	0.266	7644926	5826686	1124640	1761928	4910112	4346229	944820	1001588	2734814	1480457	179820	760340	40668593	20456247	1312819	26953721	17865419	3247043	1743951	8851473	1162942	39052237	22085131
2021-06-14	61789686	652318	211951	440367	45247702	5092197	10081736	40632239	22525498	0.489	0.271	7644926	5826686	1124640	1761928	4910112	4346229	944820	1001588	2734814	1480457	179820	760340	41078400	20696780	1368051	27124528	18123174	3270650	1821547	8869010	1212726	39264188	22525498
2021-06-15	62832490	1042804	343628	699176	46042439	5196718	10166199	41034950	23224674	0.493	0.279	7644926	5826686	1124640	1761928	4910112	4346229	944820	1001588	2734814	1480457	179820	760340	41531025	21283470	1427134	27420025	18622414	3299170	1897548	8888621	1277578	39607816	23224674
2021-06-16	64208839	1376349	461257	915092	47139955	5302846	10262618	41572493	24139766	0.500	0.290	7644926	5826686	1124640	1761928	4910112	4346229	944820	1001588	2734814	1480457	179820	760340	42004801	22182018	1503420	27823625	19316330	3331321	1971525	8914127	1348491	40069073	24139766
2021-06-17	65350795	1141956	394400	747556	48018485	5405934	10354699	42035150	24887322	0.505	0.299	7644926	5826686	1124640	1761928	4910112	4346229	944820	1001588	2734814	1480457	179820	760340	42473187	22852215	1571677	28166410	19852075	3360664	2045270	8936399	1418300	40463473	24887322
2021-06-18	66337765	986970	340697	646273	48746549	5499879	10450834	42444673	25533595	0.510	0.307	7644926	5826686	1124640	1761928	4910112	4346229	944820	1001588	2734814	1480457	179820	760340	42927170	23382503	1640503	28454148	20292401	3391633	2108246	8958389	1492445	40804170	25533595
2021-06-19	66764161	426396	119015	307381	49019059	5581782	10501675	42584830	25840976	0.512	0.311	7644926	5826686	1124640	1761928	4910112	4346229	944820	1001588	2734814	1480457	179820	760340	43267825	23466988	1661645	28545855	20473204	3412415	2169367	8964915	1536760	40923185	25840976
2021-06-20	67058711	294550	67635	226915	49197679	5653082	10533494	42665276	26067891	0.513	0.313	7644926	5826686	1124640	1761928	4910112	4346229	944820	1001588	2734814	1480457	179820	760340	43532470	23496614	1674456	28594936	20602743	3428358	2224724	8967526	1565968	40990820	26067891
2021-06-21	67685741	627030	206392	420638	49605756	5750397	10618868	42907932	26488529	0.516	0.318	7644926	5826686	1124640	1761928	4910112	4346229	944820	1001588	2734814	1480457	179820	760340	43927950	23726147	1710720	28762642	20843114	3453084	2297313	8981486	1637382	41197212	26488529
2021-06-22	68756108	1070367	369848	700519	50444015	5846077	10721248	43311828	27189048	0.521	0.327	7644926	5826686	1124640	1761928	4910112	4346229	944820	1001588	2734814	1480457	179820	760340	44365613	24354112	1744768	29085970	21358045	3483414	2362663	8997676	1723572	41567060	27189048
2021-06-23	70083761	1327653	482105	845548	51526474	5941642	10836537	43828273	28034596	0.527	0.337	7644926	5826686	1124640	1761928	4910112	4346229	944820	1001588	2734814	1480457	179820	760340	44804329	25237778	1779108	29517988	22008486	3513024	2428618	9018153	1818384	42049165	28034596
2021-06-24	71112572	1028811	483306	545505	52317638	6028679	10946988	44351738	28580101	0.533	0.344	7644926	5826686	1124640	1761928	4910112	4346229	944820	1001588	2734814	1480457	179820	760340	45235691	25830883	1819267	29945010	22372628	3548098	2480581	9039363	1907625	42532471	28580101
2021-06-25	72026496	913924	374382	539542	53005505	6104971	11056807	44766066	29119643	0.538	0.350	7644926	5826686	1124640	1761928	4910112	4346229	944820	1001588	2734814	1480457	179820	760340	45662870	26314646	1859213	30273074	22732431	3574609	2530362	9059170	1997637	42906853	29119643
2021-06-26	72434742	408246	135131	273115	53259070	6173997	11129266	44914393	29392758	0.540	0.353	7644926	5826686	1124640	1761928	4910112	4346229	944820	1001588	2734814	1480457	179820	760340	46006765	26378225	1872409	30376446	22882624	3600151	2573846	9065387	2063879	43041984	29392758
2021-06-27	72726307	291565	89535	202030	53431687	6232066	11186025	45008048	29594788	0.541	0.356	7644926	5826686	1124640	1761928	4910112	4346229	944820	1001588	2734814	1480457	179820	760340	46272257	26403445	1876529	30443340	22988347	3619400	2612666	9068779	2117246	43131519	29594788
2021-06-28	73351429	625122	240957	384165	53829055	6321765	11299730	45273355	29978953	0.544	0.360	7644926	5826686	1124640	1761928	4910112	4346229	944820	1001588	2734814	1480457	179820	760340	46680885	26617843	1900879	30638341	23190714	3651628	2670137	9082507	2217223	43372476	29978953
2021-06-29	74278874	927445	384884	542561	54508952	6414308	11432377	45680597	30521514	0.549	0.367	7644926	5826686	1124640	1761928	4910112	4346229	944820	1001588	2734814	1480457	179820	760340	47107688	27113831	1923237	30978628	23530324	3684520	2729788	9094212	2338165	43757360	30521514
2021-06-30	75294567	1015693	446071	569622	55271964	6508005	11568760	46149269	31091136	0.555	0.374	7644926	5826686	1124640	1761928	4910112	4346229	944820	1001588	2734814	1480457	179820	760340	47534021	27697962	1945838	31375510	23896454	3719242	2788763	9108679	2460081	44203431	31091136
2021-07-01	76271823	977256	449127	528129	56011066	6591036	11701473	46620806	31619265	0.561	0.380	7644926	5826686	1124640	1761928	4910112	4346229	944820	1001588	2734814	1480457	179820	760340	47936708	28268207	1968248	31780655	24230411	3749713	2841323	9122190	2579283	44652558	31619265
2021-07-02	77112707	840884	376424	464460	56657156	6685366	11780507	47018660	32083725	0.565	0.386	7644926	5826686	1124640	1761928	4910112	4346229	944820	1001588	2734814	1480457	179820	760340	48332455	28709971	1989678	32116204	24540952	3781392	2903974	9131386	2649121	45028982	32083725
2021-07-03	77488806	376099	148128	227971	56911771	6764640	11807606	47181899	32311696	0.567	0.389	7644926	5826686	1124640	1761928	4910112	4346229	944820	1001588	2734814	1480457	179820	760340	48641557	28776252	2004789	32236971	24674800	3805970	2958670	9134169	2673437	45177110	32311696
2021-07-04	77761338	272532	92622	179910	57093070	6832777	11822124	47283099	32491606	0.569	0.391	7644926	5826686	1124640	1761928	4910112	4346229	944820	1001588	2734814	1480457	179820	760340	48886570	28803194	2013367	32309722	24783348	3824399	3008378	9135611	2686513	45269732	32491606
2021-07-05	78294943	533605	194786	338819	57478006	6927066	11861654	47492735	32830425	0.571	0.395	7644926	5826686	1124640	1761928	4910112	4346229	944820	1001588	2734814	1480457	179820	760340	49228120	28993153	2028217	32474189	25003817	3850369	3076697	9139960	2721694	45464518	32830425
2021-07-06	79068490	773547	268529	505018	58091899	7025882	11906864	47776892	33335443	0.574	0.401	7644926	5826686	1124640	1761928	4910112	4346229	944820	1001588	2734814	1480457	179820	760340	49567995	29423099	2043845	32712931	25378968	3875611	3150271	9144505	2762359	45733047	33335443
2021-07-07	80058909	990419	322101	668318	58916838	7121217	11958150	48117852	34003761	0.579	0.409	7644926	5826686	1124640	1761928	4910112	4346229	944820	1001588	2734814	1480457	179820	760340	49920185	30056482	2062704	33005063	25911775	3900182	3221035	9149903	2808247	46055148	34003761
2021-07-08	80900519	841610	261460	580150	59595995	7221925	12000707	48398500	34583911	0.582	0.416	7644926	5826686	1124640	1761928	4910112	4346229	944820	1001588	2734814	1480457	179820	760340	50262593	30551427	2081892	33239829	26356166	3922599	3299326	9154180	2846527	46316608	34583911
2021-07-09	81652542	752023	218125	533898	60186182	7320268	12043781	48637044	35117809	0.585	0.422	7644926	5826686	1124640	1761928	4910112	4346229	944820	1001588	2734814	1480457	179820	760340	50605576	30956968	2102311	33435670	26750512	3940445	3379823	9158618	2885163	46534733	35117809
2021-07-10	81995295	342753	95359	247394	60413948	7404427	12064864	48742148	35365203	0.586	0.425	7644926	5826686	1124640	1761928	4910112	4346229	944820	1001588	2734814	1480457	179820	760340	50879420	31025280	2112056	33511480	26902468	3958555	3445872	9160057	2904807	46630092	35365203
2021-07-11	82223018	227723	60925	166798	60559587	7467933	12075149	48811366	35532001	0.587	0.427	7644926	5826686	1124640	1761928	4910112	4346229	944820	1001588	2734814	1480457	179820	760340	51087849	31044204	2120349	33557167	27002420	3973326	3494607	9160524	2914625	46691017	35532001
2021-07-12	82687038	464020	150059	313961	60906727	7546728	12099158	48975501	35845962	0.589	0.431	7644926	5826686	1124640	1761928	4910112	4346229	944820	1001588	2734814	1480457	179820	760340	51353416	31240232	2134425	33676476	27230251	4002205	3544523	9162395	2936763	46841076	35845962
2021-07-13	83443266	756228	179059	577169	61530976	7624333	12133702	49174390	36423131	0.591	0.438	7644926	5826686	1124640	1761928	4910112	4346229	944820	1001588	2734814	1480457	179820	760340	51606385	31739362	2154255	33827306	27703670	4028172	3596161	9164657	2969045	47020135	36423131
2021-07-14	84412831	969565	202124	767441	62359020	7696083	12180793	49399194	37190572	0.594	0.447	7644926	5826686	1124640	1761928	4910112	4346229	944820	1001588	2734814	1480457	179820	760340	51881409	32429200	2176935	34004579	28354441	4049358	3646725	9168322	3012471	47222259	37190572
2021-07-15	85174486	761655	170096	591559	62989066	7766909	12219323	49591543	37782131	0.596	0.454	7644926	5826686	1124640	1761928	4910112	4346229	944820	1001588	2734814	1480457	179820	760340	52136953	32931568	2199188	34152626	28836440	4068534	3698375	9171195	3048128	47392355	37782131
2021-07-16	85827733	653247	150147	503100	63524497	7831056	12251252	49763430	38285231	0.598	0.460	7644926	5826686	1124640	1761928	4910112	4346229	944820	1001588	2734814	1480457	179820	760340	52389642	33328254	2220928	34283657	29240840	4085735	3745321	9173110	3078142	47542502	38285231
2021-07-17	86096958	269225	70491	198734	63697483	7894168	12266881	49851419	38483965	0.599	0.463	7644926	5826686	1124640	1761928	4910112	4346229	944820	1001588	2734814	1480457	179820	760340	52600490	33384580	2238426	34337618	29359865	4101384	3792784	9173991	3092890	47612993	38483965
2021-07-18	86295786	198828	59189	139639	63832365	7935694	12278311	49921598	38623604	0.600	0.464	7644926	5826686	1124640	1761928	4910112	4346229	944820	1001588	2734814	1480457	179820	760340	52770694	33412623	2249416	34387273	29445092	4110646	3825048	9174263	3104048	47672182	38623604
2021-07-19	86672807	377021	90868	286153	64125036	7986144	12298053	50026624	38909757	0.602	0.468	7644926	5826686	1124640	1761928	4910112	4346229	944820	1001588	2734814	1480457	179820	760340	52965674	33592649	2263574	34463910	29661126	4123573	3862571	9175567	3122486	47763050	38909757
2021-07-20	87270882	598075	125681	472394	64638926	8034313	12319913	50166461	39382151	0.603	0.474	7644926	5826686	1124640	1761928	4910112	4346229	944820	1001588	2734814	1480457	179820	760340	53181637	33970767	2277730	34571478	30067448	4139159	3895154	9178094	3141819	47888731	39382151
2021-07-21	88013195	742313	154210	588103	65298860	8080259	12342640	50334377	39970254	0.605	0.481	7644926	5826686	1124640	1761928	4910112	4346229	944820	1001588	2734814	1480457	179820	760340	53412556	34477235	2291436	34711138	30587722	4152117	3928142	9179686	3162954	48042941	39970254
2021-07-22	88619927	606732	120664	486068	65830345	8123549	12361468	50468170	40456322	0.607	0.486	7644926	5826686	1124640	1761928	4910112	4346229	944820	1001588	2734814	1480457	179820	760340	53634172	34857754	2304565	34820355	31009990	4162183	3961366	9181067	3180401	48163605	40456322
2021-07-23	89177142	557215	112697	444518	66309497	8165703	12379963	50598281	40900840	0.608	0.492	7644926	5826686	1124640	1761928	4910112	4346229	944820	1001588	2734814	1480457	179820	760340	53860535	35185498	2321979	34921842	31387655	4172057	3993646	9182403	3197560	48276302	40900840
2021-07-24	89383948	206806	51837	154969	66460012	8203136	12387701	50661238	41055809	0.609	0.494	7644926	5826686	1124640	1761928	4910112	4346229	944820	1001588	2734814	1480457	179820	760340	54011382	35239989	2333099	34965663	31494349	4179310	4023826	9183166	3204535	48328139	41055809
2021-07-25	89507151	123203	31696	91507	66543017	8234547	12390978	50698444	41147316	0.610	0.495	7644926	5826686	1124640	1761928	4910112	4346229	944820	1001588	2734814	1480457	179820	760340	54114741	35258381	2338609	34991001	31552016	4185551	4048996	9183283	3207695	48359835	41147316
2021-07-26	89835580	328429	70586	257843	66809021	8274102	12403227	50779651	41405159	0.611	0.498	7644926	5826686	1124640	1761928	4910112	4346229	944820	1001588	2734814	1480457	179820	760340	54292926	35406924	2349230	35051054	31757967	4194994	4079108	9184373	3218854	48430421	41405159
2021-07-27	90370958	535378	96643	438735	67270536	8315988	12422947	50888551	41843894	0.612	0.503	7644926	5826686	1124640	1761928	4910112	4346229	944820	1001588	2734814	1480457	179820	760340	54491661	35739285	2361487	35137836	32132700	4203568	4112420	9185660	3237287	48527064	41843894
2021-07-28	91034914	663956	119171	544785	67852598	8362193	12446131	51020227	42388679	0.613	0.510	7644926	5826686	1124640	1761928	4910112	4346229	944820	1001588	2734814	1480457	179820	760340	54705461	36185608	2373992	35246547	32606051	4212798	4149395	9186890	3259241	48646235	42388679
2021-07-29	91571257	536343	100369	435974	68315956	8403288	12465665	51132952	42824653	0.615	0.515	7644926	5826686	1124640	1761928	4910112	4346229	944820	1001588	2734814	1480457	179820	760340	54881873	36541536	2386348	35337283	32978673	4221225	4182063	9188096	3277569	48746604	42824653
