GEN,AGS,25.01.2021,26.01.2021,27.01.2021,28.01.2021,29.01.2021,30.01.2021,31.01.2021,01.02.2021,02.02.2021,03.02.2021,04.02.2021,05.02.2021,06.02.2021,07.02.2021,08.02.2021,09.02.2021,10.02.2021,11.02.2021,12.02.2021,13.02.2021,14.02.2021,15.02.2021,16.02.2021,17.02.2021,18.02.2021,19.02.2021,20.02.2021,21.02.2021,22.02.2021,23.02.2021,24.02.2021,25.02.2021,26.02.2021,27.02.2021,28.02.2021,01.03.2021,02.03.2021,current,current_time
Flensburg,1001,1020.0,,,,1440.0,1440.0,1440.0,1440.0,1440.0,1860.0,1860.0,1860.0,2040.0,2040.0,2040.0,2040.0,2040.0,2040.0,2400.0,2400.0,2520.0,2520.0,2520.0,2520.0,2520.0,2520.0,2520.0,2520.0,2520.0,3808.0,3808.0,3808.0,3808.0,3808.0,3808.0,3808.0,3808,3808,01/03/2021 17:55
Kiel,1002,,,,,,,,,,,,,,,,,,,,,,,,,,,,,,,,,,,,,,,01/03/2021 00:00
Lübeck,1003,,,,,,,,,,,,,,,,,,,,,,,,,,,,,,,,,,,,,,,01/03/2021 00:00
Neumünster,1004,,,,,,,,,,,,,,,,,,,,,,,,,,,,,,,,,,,,,,,02/03/2021 00:00
Dithmarschen,1051,,,,,,,,,,,,,,,,,,,,,,,,,,,,,,,,,,,,,,,01/03/2021 00:00
Herzogtum Lauenburg,1053,,,,,,,,,,,,,,,,,,,,,,,,,,,,,,,,,,,,,,,01/03/2021 00:00
Nordfriesland,1054,,,,,,,,,,,,,,,,,,,,,,,,,,,,,,,,,,,,,,,01/03/2021 00:00
Ostholstein,1055,,,,,,,,,,,,,,,,,,,,,,,,,,,,,,,,,,,,,,,01/03/2021 00:00
Pinneberg,1056,,,,,,,,,,,,,,,,,,,,,,,,,,,,,,,,,,,,,,,01/03/2021 00:00
Plön,1057,,,,,,,,,,,,,,,,,,,,,,,,,,,,,,,,,,,,,,,01/03/2021 00:00
Rendsburg-Eckernförde,1058,,,,,,,,,,,,,,,,,,,,,,,,,,,,,,,,,,,,,,,01/03/2021 17:00
Schleswig-Flensburg,1059,,,,,,,,,,,,,,,,,,,,,,,,,,,,,,,,,,,,,,,01/03/2021 00:00
Segeberg,1060,,,,,,,,,,,,,,,,,,,,,,,,,,,,,,,,,,,,,,,01/03/2021 00:00
Steinburg,1061,,,,,,,,,,,,,,,,,,,,,,,,,,,,,,,,,,,,,,,01/03/2021 00:00
Stormarn,1062,,,,,,,,,,,,,,,,,,,,,,,,,,,,,,,,,,,,,,,01/03/2021 00:00
Hamburg,2000,32435.0,,,,32435.0,32435.0,32435.0,32435.0,32435.0,32435.0,32435.0,32435.0,53886.0,53886.0,53886.0,53886.0,53886.0,53886.0,53886.0,53886.0,53886.0,53886.0,53886.0,53886.0,53886.0,113615.0,119987.0,119987.0,119987.0,119987.0,135348.0,135348.0,135348.0,135348.0,147871.0,147871.0,156523,156523,02/03/2021 00:00
Braunschweig,3101,4181.0,,,,4181.0,4181.0,4181.0,4181.0,4181.0,4181.0,4181.0,4181.0,4181.0,4181.0,4181.0,4181.0,4181.0,4181.0,4181.0,4181.0,10000.0,10000.0,10000.0,10000.0,10000.0,10000.0,14337.0,14337.0,14337.0,14337.0,14337.0,14337.0,14337.0,14337.0,14337.0,14337.0,14337,14337,02/03/2021 00:00
Salzgitter,3102,1995.0,,,,2797.0,2797.0,3462.0,3462.0,3462.0,3462.0,3462.0,3462.0,3462.0,3462.0,3462.0,3462.0,3462.0,3462.0,3462.0,3462.0,3462.0,3462.0,3462.0,3462.0,3462.0,5119.0,5119.0,5119.0,5119.0,5119.0,5119.0,5119.0,5119.0,5119.0,5119.0,5119.0,5119,5119,01/03/2021 00:00
Wolfsburg,3103,,,,,,,,,,,,,,,,,,,,,,,,,,,,,,,,,,,,,,,01/03/2021 00:00
Gifhorn,3151,2348.0,,,,3080.0,3080.0,3080.0,3080.0,3080.0,3080.0,3080.0,3080.0,3080.0,3080.0,3080.0,3080.0,3080.0,3080.0,3080.0,3080.0,3080.0,3080.0,3080.0,3080.0,3080.0,3080.0,5476.0,5476.0,5476.0,8933.0,8933.0,8933.0,8933.0,8933.0,8933.0,8933.0,8933,8933,01/03/2021 00:00
Goslar,3153,,,,,3558.0,3558.0,3558.0,3558.0,3558.0,4583.0,4583.0,4583.0,4890.0,5538.0,6260.0,6260.0,6260.0,6260.0,6260.0,7757.0,8037.0,8037.0,8037.0,8037.0,8558.0,8896.0,8896.0,9470.0,9470.0,9470.0,9470.0,10087.0,10087.0,10087.0,11141.0,11141.0,11231,11231,02/03/2021 00:00
Helmstedt,3154,,,,,,,,,,,,,,,,,,,,,,,,,,,,,,,,,,,,,,,01/03/2021 00:00
Northeim,3155,1773.0,,,,2308.0,2308.0,2308.0,2308.0,2308.0,3073.0,3274.0,3274.0,3274.0,3274.0,4707.0,4707.0,4030.0,4030.0,4030.0,4030.0,4030.0,4030.0,4030.0,4030.0,4030.0,6213.0,6213.0,6213.0,6213.0,6213.0,7230.0,7613.0,7613.0,7613.0,7613.0,7613.0,8510,8510,02/03/2021 00:00
Peine,3157,,,,,,,,,,,,,,,,,,,,,,,,,,,,,,,,,,,,,,,01/03/2021 00:00
Wolfenbüttel,3158,1170.0,,,,1170.0,1170.0,1170.0,1170.0,1170.0,1170.0,1170.0,1170.0,1170.0,1170.0,1170.0,1170.0,1170.0,1170.0,1170.0,1170.0,1170.0,1170.0,1170.0,1170.0,1170.0,1170.0,1170.0,1170.0,1170.0,1170.0,1170.0,1170.0,1170.0,1170.0,1170.0,1170.0,1170,1170,02/03/2021 00:00
Göttingen,3159,120.0,,,,120.0,120.0,120.0,120.0,120.0,120.0,120.0,120.0,120.0,120.0,120.0,120.0,120.0,120.0,120.0,120.0,120.0,120.0,120.0,120.0,120.0,120.0,,,,,,,,,,,,120.0,01/03/2021 00:00
Region Hannover,3241,,,,,,,,,,,,,,,,,,,,,,,,,,,,,,,,,,,,,,,01/03/2021 00:00
Diepholz,3251,2990.0,,,,3210.0,3210.0,3210.0,3210.0,3210.0,3210.0,3210.0,3210.0,3210.0,3210.0,3210.0,3210.0,3210.0,3210.0,3210.0,3210.0,3210.0,3210.0,3210.0,3210.0,3210.0,8946.0,8946.0,8946.0,8946.0,8946.0,8946.0,8946.0,11060.0,11060.0,11060.0,11060.0,11060,11060,01/03/2021 00:00
Hameln-Pyrmont,3252,,,,,,,,,,,,,,,,,,,,4732.0,4735.0,4735.0,4759.0,4759.0,5013.0,5013.0,5442.0,5442.0,5442.0,5653.0,5877.0,6095.0,6095.0,6095.0,6095.0,6095.0,6095,6095,02/03/2021 00:00
Hildesheim,3254,,,,,,,,,,,,,,,,,,,,,,,,,,,,,,,,,,,,,,,01/03/2021 00:00
Holzminden,3255,,,,,,,,,,,,,,,,,,,,,,,,,3498.0,3693.0,3693.0,3693.0,4101.0,4134.0,4134.0,4134.0,4134.0,4134.0,4134.0,4134.0,4134,4134,01/03/2021 00:00
Nienburg (Weser),3256,,,,,2550.0,2550.0,2550.0,2550.0,2550.0,2550.0,2550.0,2550.0,2550.0,2550.0,2550.0,2550.0,2550.0,2550.0,2550.0,2550.0,2550.0,2550.0,2550.0,2550.0,2550.0,5596.0,5596.0,5596.0,6338.0,6338.0,6338.0,6338.0,6338.0,6338.0,6338.0,6338.0,6338,6338,01/03/2021 00:00
Schaumburg,3257,2303.0,,,,2303.0,2303.0,2303.0,2303.0,2303.0,4141.0,4141.0,4141.0,4141.0,4141.0,4141.0,4141.0,4141.0,4141.0,4141.0,4141.0,4141.0,4141.0,6644.0,6644.0,6644.0,7556.0,7556.0,7556.0,7556.0,7556.0,7556.0,7556.0,7556.0,7556.0,7556.0,7556.0,7556,7556,01/03/2021 00:00
Celle,3351,2242.0,,,,3794.0,3794.0,3794.0,3794.0,3794.0,3794.0,3794.0,5119.0,5119.0,5119.0,5119.0,5119.0,5119.0,5119.0,5119.0,5119.0,5119.0,5119.0,5119.0,5119.0,5119.0,9426.0,9426.0,9426.0,9426.0,9426.0,9426.0,9426.0,12279.0,12279.0,12279.0,12279.0,12279,12279,02/03/2021 00:00
Cuxhaven,3352,2979.0,,,,4026.0,4026.0,4026.0,4026.0,4026.0,5253.0,5253.0,5253.0,5253.0,5253.0,5253.0,5253.0,5253.0,5253.0,5253.0,5253.0,5253.0,5253.0,8727.0,8997.0,8997.0,8997.0,9502.0,9502.0,10037.0,10037.0,10037.0,10037.0,10037.0,10037.0,10037.0,10037.0,10037,10037,01/03/2021 00:00
Harburg,3353,,,,,,,,,,,,,,,,,,,,,,,,,,,4000.0,4000.0,4000.0,4000.0,4000.0,4000.0,4000.0,4000.0,4000.0,4000.0,4000,4000,01/03/2021 00:00
Lüchow-Dannenberg,3354,614.0,,,,614.0,614.0,614.0,826.0,826.0,826.0,826.0,826.0,1029.0,1029.0,1029.0,1029.0,1029.0,1029.0,1669.0,1669.0,1669.0,1669.0,1669.0,1669.0,1669.0,1669.0,2060.0,2060.0,2060.0,2060.0,2060.0,2060.0,2060.0,2060.0,2060.0,2060.0,2060,2060,01/03/2021 00:00
Lüneburg,3355,,,,,,,,,,,,,,,,,,,,,,,,,,,7625.0,7625.0,7625.0,7625.0,7625.0,7625.0,7625.0,7625.0,7625.0,7625.0,7625,7625,01/03/2021 00:00
Osterholz,3356,,,,,,,,,,,,,,,,,,,,,,,,,,,,,,5546.0,5546.0,5546.0,5546.0,5546.0,5546.0,5546.0,5546,5546,01/03/2021 00:00
Rotenburg (Wümme),3357,,,,,,,,,,,,,,,,,,,,,,,,,,,,,,,,,,,,,11722,11722,02/03/2021 00:00
Heidekreis,3358,2272.0,,,,2561.0,2561.0,2561.0,2561.0,2561.0,3417.0,3417.0,3417.0,4427.0,4427.0,4573.0,4933.0,4933.0,4933.0,4933.0,5833.0,5833.0,6003.0,6003.0,6003.0,6003.0,6003.0,7058.0,7058.0,7058.0,7058.0,7808.0,8293.0,8293.0,8885.0,8885.0,8885.0,8885,8885,02/03/2021 00:00
Stade,3359,,,,,,,,,,,,,,,,,,,,,,,,,,,,,,,,,,,,,,,02/03/2021 00:00
Uelzen,3360,1514.0,,,,1514.0,1514.0,1514.0,1514.0,1514.0,1736.0,1736.0,1736.0,2112.0,2112.0,2112.0,2112.0,2112.0,2112.0,2112.0,2112.0,2112.0,2112.0,2112.0,3377.0,3377.0,4565.0,4565.0,4565.0,4565.0,4565.0,4565.0,4565.0,4565.0,4565.0,4565.0,4565.0,4565,4565,01/03/2021 00:00
Verden,3361,,,,,,,,,,,,,,,,,,,,,,,,,,6649.0,6649.0,6649.0,6649.0,6649.0,6649.0,6649.0,6649.0,6649.0,6649.0,6649.0,8110,8110,02/03/2021 00:00
Delmenhorst,3401,,,,,1146.0,1146.0,1146.0,1146.0,1146.0,1146.0,1146.0,1146.0,1146.0,1146.0,1146.0,1146.0,1146.0,1146.0,1146.0,1146.0,1146.0,1146.0,1146.0,1146.0,1146.0,1146.0,2292.0,2292.0,2292.0,2292.0,2292.0,2292.0,2292.0,2292.0,2292.0,2292.0,2292,2292,01/03/2021 00:00
Emden,3402,1170.0,,,,1170.0,1170.0,1170.0,1170.0,1170.0,1170.0,1170.0,1170.0,1170.0,1170.0,1170.0,1170.0,1170.0,1170.0,1170.0,1170.0,1170.0,1170.0,1170.0,1170.0,1170.0,1170.0,2200.0,2200.0,2200.0,2200.0,2200.0,2200.0,2200.0,2200.0,2200.0,2200.0,2200,2200,01/03/2021 00:00
Oldenburg (Oldb),3403,,,,,,,,,,,,,,,,,,,,,,,,,,,,,,,,,,,,,,,02/03/2021 00:00
Osnabrück,3404,,,,,,,,,,,,,,,,,,,,,,,,,,,,,,,,,,,,,,,02/03/2021 00:00
Wilhelmshaven,3405,,,,,,,,,,,,,,,,,,,,,,,,,,3770.0,3770.0,3770.0,3770.0,3770.0,3770.0,3770.0,3770.0,3770.0,3770.0,3770.0,4204,4204,02/03/2021 00:00
Ammerland,3451,,,,,2200.0,2200.0,2200.0,2200.0,2200.0,2200.0,2200.0,2200.0,2200.0,2200.0,2200.0,2200.0,2200.0,2200.0,2200.0,2200.0,2200.0,2200.0,2200.0,2200.0,2200.0,2200.0,6048.0,6048.0,6048.0,6048.0,6048.0,6048.0,6048.0,7549.0,7549.0,7549.0,7549,7549,01/03/2021 00:00
Aurich,3452,,,,,,,,,,,,,,,,,,,,,,,,,,,8814.0,8886.0,8886.0,8886.0,9714.0,9714.0,9714.0,11330.0,11555.0,11555.0,12215,12215,02/03/2021 00:00
Cloppenburg,3453,,,,,,,,,,,,,,,,,,,,,,,,,,,,,,,,,,,,,,,01/03/2021 00:00
Emsland,3454,,,,,4517.0,4517.0,4517.0,4517.0,4517.0,4517.0,4517.0,4517.0,4517.0,4517.0,4517.0,4517.0,4517.0,4517.0,4517.0,4517.0,4517.0,4517.0,4517.0,18700.0,18700.0,18700.0,18700.0,18700.0,18700.0,18700.0,18700.0,18700.0,18700.0,18700.0,18700.0,18700.0,18700,18700,02/03/2021 00:00
Friesland,3455,,,,,1100.0,1100.0,1100.0,1100.0,1100.0,1100.0,1100.0,1100.0,1100.0,1100.0,1100.0,1100.0,1100.0,1100.0,1100.0,1100.0,1100.0,1100.0,1100.0,1100.0,1100.0,5195.0,5195.0,5195.0,5195.0,5195.0,5195.0,5195.0,5195.0,5195.0,5195.0,5195.0,5195,5195,01/03/2021 00:00
Grafschaft Bentheim,3456,,,,,,,,,,,,,,,,,,,,,,,,,,,8109.0,8109.0,8109.0,8109.0,8109.0,8109.0,8109.0,8109.0,8109.0,8109.0,8109,8109,02/03/2021 00:00
Leer,3457,430.0,,,,430.0,430.0,430.0,430.0,430.0,430.0,430.0,430.0,430.0,430.0,430.0,430.0,4411.0,4411.0,4411.0,4411.0,4411.0,4411.0,4411.0,4411.0,4411.0,4411.0,4411.0,4411.0,4411.0,4411.0,4411.0,4411.0,4411.0,4411.0,4411.0,4411.0,4411,4411,02/03/2021 00:00
Oldenburg,3458,,,,,,,,,,,,,,,,,,,,,,,,,,,7956.0,7956.0,7956.0,7956.0,7956.0,7956.0,7956.0,7956.0,7956.0,7956.0,7956,7956,01/03/2021 00:00
Osnabrück,3459,,,,,,,,,,,,,,,,,,,,,8562.0,8562.0,8562.0,9483.0,9483.0,10447.0,10447.0,10447.0,10447.0,10447.0,10447.0,10447.0,10447.0,10447.0,10447.0,10447.0,10447,10447,02/03/2021 00:00
Vechta,3460,1310.0,,,,2584.0,2584.0,2584.0,3418.0,3418.0,3889.0,3889.0,3889.0,3889.0,5520.0,5520.0,5520.0,5520.0,5520.0,5520.0,5520.0,5520.0,5520.0,5520.0,5520.0,5520.0,8032.0,8032.0,8032.0,8032.0,9049.0,9049.0,9049.0,9049.0,9049.0,9049.0,9049.0,9049,9049,01/03/2021 00:00
Wesermarsch,3461,,,,,,,,,,,,,,,,,,,,,,,,,,,,,,,,,,,,,,,02/03/2021 00:00
Wittmund,3462,,,,,,,,,,,,,,,,,,,,,,,,,,,,,,3806.0,3806.0,3806.0,3806.0,3806.0,3806.0,3806.0,3806,3806,02/03/2021 00:00
Bremen,4011,12901.0,,,,18521.0,18989.0,19613.0,20382.0,20382.0,21958.0,22833.0,23839.0,24767.0,25484.0,26071.0,26725.0,27527.0,27527.0,29200.0,29200.0,31259.0,31259.0,33131.0,34131.0,35203.0,35203.0,51577.0,51577.0,39013.0,39013.0,39013.0,41803.0,41803.0,41803.0,41803.0,41803.0,41803,41803,01/03/2021 00:00
Bremerhaven,4012,2935.0,,,,3866.0,3866.0,3866.0,4321.0,4321.0,4719.0,4946.0,5154.0,5400.0,5545.0,5575.0,5729.0,5942.0,5942.0,6675.0,6675.0,7143.0,7143.0,7377.0,7633.0,8021.0,8021.0,11632.0,11632.0,8803.0,8803.0,8803.0,9521.0,9521.0,9521.0,9521.0,9521.0,9521,9521,01/03/2021 00:00
Düsseldorf,5111,14343.0,,,,14343.0,16718.0,16718.0,18455.0,19184.0,20145.0,20145.0,21974.0,21974.0,21974.0,21974.0,21974.0,26993.0,26993.0,26993.0,31543.0,31543.0,32825.0,32825.0,32825.0,32825.0,32825.0,32825.0,32825.0,32825.0,32825.0,32825.0,32825.0,32825.0,32825.0,32825.0,49196.0,51514,51514,02/03/2021 00:00
Duisburg,5112,,,,,,,,,,,,,,,,,,,,,,,,,,,,,,,,,,,,,,,02/03/2021 00:00
Essen,5113,10421.0,,,,11675.0,11733.0,11733.0,11733.0,11733.0,11733.0,11733.0,11733.0,12132.0,12132.0,12132.0,12132.0,12132.0,12132.0,12132.0,12132.0,12132.0,23865.0,23865.0,23865.0,23865.0,23865.0,23865.0,23865.0,23865.0,23865.0,23865.0,32268.0,32268.0,32268.0,34317.0,34317.0,34317,34317,01/03/2021 00:00
Krefeld,5114,,,,,,,,,,,,,,,,,,,,,,,,,,,,,,,,,,,,,,,01/03/2021 00:00
Mönchengladbach,5116,,,,,,,,,,,,,,,,,,,,,,,,,,,,,,,,,,,,,,,02/03/2021 00:00
Mülheim an der Ruhr,5117,,,,,,,,,,,,,,,,,,,,,,,,,,,,,,,,,,,,,,,02/03/2021 00:00
Oberhausen,5119,4925.0,,,,5332.0,5332.0,5332.0,5332.0,5332.0,7749.0,8259.0,8259.0,9470.0,9470.0,9470.0,9470.0,9470.0,9470.0,9470.0,9470.0,9470.0,9470.0,9470.0,9470.0,9470.0,9470.0,13492.0,13492.0,13492.0,13492.0,13492.0,13492.0,13492.0,13492.0,13492.0,13492.0,18038,18038,02/03/2021 00:00
Remscheid,5120,,,,,,,,,,,,,,,,,,,,,,,,,,,,,,,,,,,,,,,02/03/2021 00:00
Solingen,5122,,,,,,,,,,,,,,,,,,,,,,,,,,,,,,,,,,,,,,,01/03/2021 00:00
Wuppertal,5124,,,,,,,,,,,,,,,,,,,,,,,,,,,,,,,,,,,,,,,01/03/2021 18:20
Kleve,5154,,,,,,,,,,,,,,,,,,,,,,,,11526.0,11526.0,11526.0,11526.0,11526.0,11526.0,11526.0,11526.0,11526.0,11526.0,11526.0,11526.0,11526.0,11526,11526,01/03/2021 00:00
Mettmann,5158,,,,,,,,,,,,,,,,,,,,,,,,,,,,,,,,,,,,,,,02/03/2021 00:00
Rhein-Kreis Neuss,5162,5437.0,,,,7790.0,7790.0,7790.0,7790.0,7790.0,7790.0,7790.0,7790.0,7790.0,7790.0,7790.0,7790.0,7790.0,7790.0,7790.0,7790.0,7790.0,7790.0,7790.0,7790.0,7790.0,7790.0,7790.0,7790.0,7790.0,7790.0,7790.0,7790.0,7790.0,7790.0,7790.0,7790.0,7790,7790,01/03/2021 00:00
Viersen,5166,,,,,,,,,,,,,,,,,,,,,,,,,,,,,,,,,,,,,,,01/03/2021 00:00
Wesel,5170,,,,,,,,,,,,,,,,,,,,,,,,,,,,,,,,,,,,,,,02/03/2021 00:00
Bonn,5314,,,,,,,,,,,,,,,,,,,,,,,,,21360.0,21360.0,21360.0,21360.0,21360.0,21360.0,21360.0,21360.0,21360.0,21360.0,21360.0,21360.0,26458,26458,02/03/2021 00:00
Köln,5315,,,,,,,,,,,,,,,,,,,,,,,,,,,,,,,,,,,,,,,01/03/2021 00:00
Leverkusen,5316,,,,,,,,,,,,,,,,,,,,,,,,,,,,,,,,,,,,,,,02/03/2021 00:00
Städteregion Aachen,5334,,,,,,,,,,,,,,,,,,,,,,,,,,,,,,,,,,,,,,,01/03/2021 00:00
Düren,5358,,,,,,,,,,,,,,,,,,,,,,,,,,,,,,,,,,,,,,,01/03/2021 00:00
Rhein-Erft-Kreis,5362,8992.0,,,,8992.0,8992.0,8992.0,8992.0,11354.0,11354.0,11354.0,11354.0,11354.0,11354.0,11354.0,14294.0,14294.0,14294.0,14294.0,14294.0,19325.0,19325.0,19325.0,20336.0,20336.0,20336.0,21699.0,21699.0,21699.0,21699.0,21699.0,24161.0,26052.0,26052.0,26052.0,26052.0,26052,26052,01/03/2021 00:00
Euskirchen,5366,,,,,,,,,,,,,,,,,,,,,,,,,,,,,,,,,,,,,,,01/03/2021 00:00
Heinsberg,5370,,,,,,,,,,,,,,,,,,,,,,,,,,,,,,,,,,,,,,,02/03/2021 00:00
Oberbergischer Kreis,5374,,,,,,,,,,,,,,,,,,,,,,,,,,,,,,,,,,,,,,,02/03/2021 00:00
Rheinisch-Bergischer Kreis,5378,,,,,,,,,,,,,,,,,,,,,,,,,,,,,,,,,,,,,,,02/03/2021 00:00
Rhein-Sieg-Kreis,5382,,,,,,,,,,,,,,,,,,,,,,,,,,,,,,,,,,,,,,,01/03/2021 00:00
Bottrop,5512,,,,,,,,,,,,,,,,,,,,,,,,,6622.0,6622.0,6622.0,6622.0,6622.0,6622.0,6622.0,6622.0,6622.0,6622.0,6622.0,6622.0,6622,6622,02/03/2021 00:00
Gelsenkirchen,5513,2408.0,,,,2408.0,2408.0,2408.0,2408.0,2408.0,2408.0,2408.0,2408.0,2408.0,2408.0,2408.0,2408.0,2408.0,2408.0,2408.0,2408.0,2408.0,2408.0,2408.0,2408.0,12564.0,12564.0,12564.0,12564.0,12564.0,12564.0,12564.0,12564.0,12564.0,12564.0,12564.0,12564.0,12564,12564,02/03/2021 00:00
Münster,5515,4307.0,,,,4307.0,4307.0,4307.0,4307.0,4307.0,4307.0,4307.0,4307.0,4307.0,4307.0,4307.0,4307.0,4307.0,4307.0,4307.0,4307.0,4307.0,4307.0,4307.0,4307.0,17331.0,17331.0,17331.0,17331.0,17331.0,17331.0,17331.0,17331.0,17331.0,17331.0,17331.0,17331.0,17331,17331,02/03/2021 00:00
Borken,5554,3555.0,,,,3555.0,3555.0,3555.0,3555.0,12342.0,12342.0,12342.0,12342.0,12342.0,12342.0,12342.0,12342.0,12342.0,12342.0,12342.0,12342.0,12342.0,12342.0,12342.0,21360.0,23253.0,23253.0,23253.0,23253.0,23253.0,23253.0,23253.0,23253.0,23253.0,23253.0,23253.0,23253.0,23253,23253,02/03/2021 00:00
Coesfeld,5558,3085.0,,,,3085.0,3085.0,3085.0,3085.0,3085.0,3085.0,3085.0,3085.0,3085.0,3085.0,3085.0,3085.0,3085.0,3085.0,3085.0,3085.0,3085.0,3085.0,3085.0,3085.0,12774.0,12774.0,12774.0,12774.0,12774.0,12774.0,12774.0,12774.0,12774.0,12774.0,12774.0,12774.0,12774,12774,01/03/2021 00:00
Recklinghausen,5562,9376.0,,,,9376.0,9376.0,9376.0,9376.0,9376.0,9376.0,9376.0,9376.0,9376.0,9376.0,9376.0,9376.0,9376.0,9376.0,9376.0,9376.0,9376.0,9376.0,9376.0,9376.0,29641.0,29641.0,29641.0,29641.0,29641.0,29641.0,29641.0,29641.0,29641.0,29641.0,29641.0,29641.0,45929,45929,02/03/2021 00:00
Steinfurt,5566,8936.0,,,,8936.0,8936.0,8936.0,8936.0,8936.0,8936.0,8936.0,8936.0,8936.0,8936.0,8936.0,8936.0,8936.0,8936.0,8936.0,8936.0,8936.0,8936.0,8936.0,8936.0,23198.0,23198.0,23198.0,23198.0,23198.0,23198.0,23198.0,23198.0,23198.0,23198.0,23198.0,23198.0,23198,23198,02/03/2021 00:00
Warendorf,5570,6000.0,,,,6000.0,6000.0,6000.0,6000.0,6000.0,6000.0,6000.0,6000.0,6000.0,6000.0,6000.0,6000.0,6000.0,6000.0,6000.0,6000.0,6000.0,6000.0,6000.0,6000.0,15670.0,15670.0,15670.0,15670.0,15670.0,15670.0,15670.0,15670.0,15670.0,15670.0,15670.0,15670.0,15670,15670,01/03/2021 00:00
Bielefeld,5711,3013.0,,,,3013.0,3013.0,3013.0,3013.0,3013.0,3013.0,3013.0,3013.0,3013.0,3013.0,3013.0,3013.0,3013.0,3013.0,3013.0,3013.0,3013.0,3013.0,3013.0,3013.0,12181.0,12181.0,12181.0,12181.0,12181.0,12181.0,12181.0,12181.0,12181.0,12181.0,12181.0,12181.0,12181,12181,01/03/2021 00:00
Gütersloh,5754,3075.0,,,,3075.0,3075.0,3075.0,3075.0,3075.0,3075.0,3075.0,3075.0,3075.0,3075.0,3075.0,3075.0,3075.0,3075.0,3075.0,3075.0,3075.0,3075.0,3075.0,3075.0,13041.0,13041.0,13041.0,13041.0,13041.0,13041.0,13041.0,13041.0,13041.0,13041.0,13041.0,13041.0,13041,13041,02/03/2021 00:00
Herford,5758,2908.0,,,,2908.0,2908.0,2908.0,2908.0,2908.0,2908.0,2908.0,2908.0,2908.0,2908.0,2908.0,2908.0,2908.0,2908.0,2908.0,2908.0,2908.0,2908.0,2908.0,2908.0,9898.0,9898.0,9898.0,9898.0,9898.0,9898.0,9898.0,9898.0,9898.0,9898.0,9898.0,9898.0,9898,9898,02/03/2021 00:00
Höxter,5762,3194.0,,,,3194.0,3194.0,3194.0,3194.0,3194.0,3194.0,3194.0,3194.0,3194.0,3194.0,3194.0,3194.0,3194.0,3194.0,3194.0,3194.0,3194.0,3194.0,3194.0,3194.0,8652.0,8652.0,8652.0,8652.0,8652.0,8652.0,8652.0,8652.0,8652.0,8652.0,8652.0,8652.0,8652,8652,02/03/2021 00:00
Lippe,5766,5186.0,,,,5186.0,5186.0,5186.0,5186.0,5186.0,5186.0,5186.0,5186.0,5186.0,5186.0,5186.0,5186.0,5186.0,5186.0,5186.0,5186.0,5186.0,5186.0,5186.0,5186.0,13677.0,13677.0,13677.0,13677.0,13677.0,13677.0,13677.0,13677.0,13677.0,13677.0,13677.0,13677.0,13677,13677,02/03/2021 00:00
Minden-Lübbecke,5770,1553.0,,,,1553.0,1553.0,1553.0,1553.0,1553.0,1553.0,1553.0,1553.0,1553.0,1553.0,1553.0,1553.0,1553.0,1553.0,1553.0,1553.0,1553.0,1553.0,1553.0,1553.0,13344.0,13344.0,13344.0,13344.0,13344.0,13344.0,13344.0,13344.0,13344.0,13344.0,13344.0,13344.0,13344,13344,01/03/2021 00:00
Paderborn,5774,3837.0,,,,3837.0,3837.0,3837.0,3837.0,3837.0,3837.0,3837.0,3837.0,3837.0,3837.0,3837.0,3837.0,3837.0,3837.0,3837.0,3837.0,3837.0,3837.0,3837.0,3837.0,14119.0,14119.0,14119.0,14119.0,14119.0,14119.0,14119.0,14119.0,14119.0,14119.0,14119.0,14119.0,14119,14119,01/03/2021 00:00
Bochum,5911,10295.0,,,,10295.0,10295.0,10295.0,10295.0,10295.0,10295.0,10295.0,10295.0,19503.0,19503.0,19503.0,19503.0,20890.0,20890.0,20890.0,20890.0,20890.0,25254.0,25254.0,25254.0,16037.0,16037.0,27428.0,27428.0,27428.0,29315.0,29315.0,31417.0,31417.0,34514.0,34514.0,34514.0,34514,34514,01/03/2021 00:00
Dortmund,5913,5254.0,,,,5254.0,5254.0,5254.0,5254.0,5254.0,5254.0,5254.0,5254.0,5254.0,5254.0,5254.0,5254.0,5254.0,5254.0,5254.0,5254.0,5254.0,5254.0,5254.0,5254.0,20134.0,20134.0,20134.0,20134.0,23191.0,23191.0,23191.0,23191.0,23191.0,26806.0,26806.0,26806.0,26806,26806,01/03/2021 00:00
Hagen,5914,2911.0,,,,2911.0,2911.0,2911.0,2911.0,2911.0,2911.0,2911.0,2911.0,2911.0,2911.0,2911.0,2911.0,2911.0,2911.0,2911.0,2911.0,2911.0,2911.0,2911.0,2911.0,8234.0,8234.0,8234.0,8234.0,8234.0,8234.0,8234.0,8234.0,8234.0,8234.0,8234.0,8234.0,8234,8234,02/03/2021 00:00
Hamm,5915,2167.0,,,,2167.0,2167.0,2167.0,2167.0,2167.0,2167.0,2167.0,2167.0,2167.0,2167.0,2167.0,2167.0,2167.0,2167.0,2167.0,2167.0,2167.0,2167.0,2167.0,2167.0,9486.0,9486.0,9486.0,9486.0,9486.0,9486.0,9486.0,9486.0,9486.0,9486.0,9486.0,9486.0,9486,9486,01/03/2021 00:00
Herne,5916,3033.0,,,,3033.0,3033.0,3033.0,3033.0,3033.0,3033.0,3033.0,3033.0,3033.0,3033.0,3033.0,3033.0,3033.0,3033.0,3033.0,3033.0,3033.0,3033.0,3033.0,3033.0,7205.0,7205.0,7205.0,7205.0,7205.0,7205.0,7205.0,7205.0,7205.0,7205.0,7205.0,7205.0,7205,7205,02/03/2021 00:00
Ennepe-Ruhr-Kreis,5954,3158.0,,,,3158.0,3158.0,3158.0,3158.0,3158.0,3158.0,3158.0,3158.0,3158.0,3158.0,3158.0,3158.0,3158.0,3158.0,3158.0,3158.0,3158.0,3158.0,3158.0,3158.0,13641.0,13641.0,13641.0,13641.0,13641.0,13641.0,13641.0,13641.0,13641.0,13641.0,13641.0,13641.0,13641,13641,02/03/2021 00:00
Hochsauerlandkreis,5958,1838.0,,,,1838.0,1838.0,1838.0,1838.0,1838.0,1838.0,1838.0,1838.0,1838.0,1838.0,1838.0,1838.0,1838.0,1838.0,1838.0,1838.0,1838.0,1838.0,1838.0,1838.0,13118.0,13118.0,13118.0,13118.0,13118.0,13118.0,13118.0,13118.0,13118.0,13118.0,13118.0,13118.0,13118,13118,02/03/2021 00:00
Märkischer Kreis,5962,1708.0,,,,1708.0,1708.0,1708.0,1708.0,1708.0,1708.0,1708.0,1708.0,1708.0,1708.0,1708.0,1708.0,1708.0,1708.0,1708.0,1708.0,1708.0,1708.0,1708.0,1708.0,16279.0,16279.0,16279.0,16279.0,16279.0,16279.0,16279.0,16279.0,16279.0,16279.0,16279.0,16279.0,16279,16279,02/03/2021 00:00
Olpe,5966,2528.0,,,,2528.0,2528.0,2528.0,2528.0,2528.0,2528.0,2528.0,2528.0,2528.0,2528.0,2528.0,2528.0,2528.0,2528.0,2528.0,2528.0,2528.0,2528.0,2528.0,2528.0,7400.0,7400.0,7400.0,7400.0,7400.0,7400.0,7400.0,7400.0,7400.0,7400.0,7400.0,7400.0,7400,7400,01/03/2021 00:00
Siegen-Wittgenstein,5970,1204.0,,,,1204.0,1204.0,1204.0,1204.0,1204.0,1204.0,1204.0,1204.0,1204.0,1204.0,7000.0,7000.0,7000.0,7000.0,7000.0,7000.0,7000.0,7000.0,7000.0,7000.0,8849.0,8849.0,8849.0,8849.0,8849.0,8849.0,8849.0,8849.0,8849.0,8849.0,8849.0,8849.0,8849,8849,02/03/2021 00:00
Soest,5974,3699.0,,,,3699.0,3699.0,3699.0,3699.0,3699.0,3699.0,3699.0,3699.0,3699.0,3699.0,3699.0,3699.0,3699.0,3699.0,3699.0,3699.0,3699.0,3699.0,3699.0,3699.0,15099.0,15099.0,15099.0,15099.0,15099.0,15099.0,15099.0,15099.0,15099.0,15099.0,15099.0,15099.0,15099,15099,01/03/2021 00:00
Unna,5978,2785.0,,,,2785.0,2785.0,2785.0,2785.0,2785.0,2785.0,2785.0,2785.0,2785.0,2785.0,2785.0,2785.0,2785.0,2785.0,2785.0,2785.0,2785.0,2785.0,2785.0,14525.0,17173.0,17173.0,17173.0,17173.0,17173.0,17173.0,17173.0,17173.0,17173.0,17173.0,17173.0,17173.0,17173,17173,01/03/2021 00:00
Darmstadt,6411,3524.0,,,,3524.0,3524.0,3524.0,3524.0,3524.0,3524.0,3524.0,3524.0,3524.0,3524.0,3524.0,3524.0,3524.0,3524.0,3524.0,3524.0,3524.0,3524.0,3524.0,18774.0,18774.0,18774.0,18774.0,18774.0,18774.0,18774.0,18774.0,18774.0,18774.0,18774.0,18774.0,18774.0,18774,18774,01/03/2021 00:00
Frankfurt am Main,6412,4500.0,,,,4500.0,4500.0,4500.0,4500.0,4500.0,4500.0,4500.0,4500.0,4500.0,4500.0,4500.0,4500.0,4500.0,4500.0,4500.0,4500.0,4500.0,4500.0,4500.0,4500.0,4500.0,4500.0,4500.0,4500.0,4500.0,4500.0,4500.0,4500.0,4500.0,4500.0,4500.0,4500.0,4500,4500,02/03/2021 00:00
Offenbach am Main,6413,,,,,,,,,,,,,,,,,2363.0,2363.0,2363.0,2363.0,2363.0,2363.0,2363.0,2363.0,2363.0,2363.0,2363.0,2363.0,2363.0,2363.0,2363.0,2363.0,2363.0,2363.0,2363.0,2363.0,2363,2363,02/03/2021 00:00
Wiesbaden,6414,6887.0,,,,7450.0,7450.0,7450.0,7450.0,7450.0,7450.0,7450.0,7450.0,13236.0,13236.0,13236.0,13236.0,14804.0,14804.0,15839.0,15839.0,15839.0,15839.0,15839.0,15839.0,15839.0,15839.0,15839.0,15839.0,15839.0,15839.0,15839.0,15839.0,15839.0,15839.0,15839.0,15839.0,27535,27535,02/03/2021 00:00
Bergstraße,6431,,,,,,,,,,,,,,,,,,,,,,,,,,,,,,,,,,,,,,,01/03/2021 00:00
Darmstadt-Dieburg,6432,2484.0,,,,2484.0,2484.0,2484.0,2484.0,2484.0,2484.0,2484.0,2484.0,2484.0,2484.0,2484.0,2484.0,2484.0,2484.0,2484.0,2484.0,2484.0,2484.0,2484.0,7784.0,7784.0,7784.0,7784.0,7784.0,7784.0,7784.0,7784.0,7784.0,7542.0,7542.0,7542.0,7542.0,7542,7542,01/03/2021 00:00
Groß-Gerau,6433,,,,,,,,,,,,,,,,,,,,,,,,,,,,,,,,,,,,,,,02/03/2021 00:00
Hochtaunuskreis,6434,,,,,,,,,,,,,,,,,,,,,,,,10326.0,10326.0,10573.0,10573.0,10573.0,10573.0,11509.0,11509.0,12200.0,12412.0,12412.0,12412.0,12412.0,12412,12412,01/03/2021 00:00
Main-Kinzig-Kreis,6435,,,,,,,,,,,,,,,,,,,,,,,,,,,,,,,,,,,,,,,01/03/2021 00:00
Main-Taunus-Kreis,6436,1032.0,,,,1032.0,1032.0,1032.0,1032.0,1032.0,1032.0,1032.0,1032.0,1032.0,1032.0,1032.0,1032.0,1032.0,1032.0,1032.0,1032.0,1032.0,1032.0,1032.0,1032.0,1032.0,1032.0,1032.0,1032.0,1032.0,7044.0,7044.0,7044.0,7044.0,7044.0,7044.0,7044.0,7044,7044,01/03/2021 00:00
Odenwaldkreis,6437,1422.0,,,,1422.0,1422.0,1422.0,1422.0,1422.0,1422.0,1422.0,1422.0,1422.0,1422.0,3599.0,3599.0,3599.0,3599.0,3599.0,3599.0,3599.0,3599.0,3599.0,3599.0,3599.0,3599.0,3599.0,3599.0,3599.0,3599.0,3599.0,3599.0,3599.0,3599.0,3599.0,3599.0,3599,3599,02/03/2021 00:00
Offenbach,6438,,,,,5200.0,5200.0,5200.0,5200.0,5200.0,5200.0,5200.0,5200.0,5200.0,5200.0,5200.0,5200.0,5200.0,5200.0,5200.0,5200.0,5200.0,5200.0,5200.0,5200.0,5200.0,5200.0,5200.0,5200.0,5200.0,5200.0,5200.0,5200.0,5200.0,5200.0,5200.0,5200.0,5200,5200,01/03/2021 00:00
Rheingau-Taunus-Kreis,6439,,,,,,,,,,,,,,,,,,,,,,,,,,,,,,,,,,,,7709.0,7709,7709,28/02/2021 23:59
Wetteraukreis,6440,,,,,,,,,,,,,,,,,,,,,,,,,,,,,,,,,,,,,,,02/03/2021 00:00
Gießen,6531,,,,,,,,,,,,,,,,,,,,,,,,,,,,,,,,,,,,,,,01/03/2021 00:00
Lahn-Dill-Kreis,6532,3692.0,,,,6276.0,6276.0,6276.0,6801.0,6801.0,6801.0,6801.0,6801.0,7101.0,7178.0,7178.0,7444.0,7444.0,8719.0,8719.0,8719.0,8719.0,8719.0,8719.0,8719.0,8719.0,8719.0,11633.0,11633.0,11633.0,12075.0,12375.0,12375.0,12375.0,12375.0,12375.0,12375.0,14186,14186,02/03/2021 00:00
Limburg-Weilburg,6533,,,,,2262.0,2724.0,2724.0,2724.0,2724.0,2828.0,2828.0,2828.0,2973.0,2973.0,2973.0,2973.0,2973.0,2973.0,2973.0,3669.0,3669.0,3669.0,3669.0,3669.0,3669.0,3669.0,3669.0,3669.0,3669.0,3669.0,5264.0,5264.0,5264.0,5437.0,5437.0,5437.0,5437,5437,01/03/2021 00:00
Marburg-Biedenkopf,6534,,,,,,,,,,,,,,,,,,,,,,,,,,,,,,,11134.0,11134.0,11134.0,11134.0,11134.0,11134.0,11134,11134,01/03/2021 00:00
Vogelsbergkreis,6535,,,,,,,,,,,,,,,,,,,,,,,,,,,,,,,,,,,,,,,01/03/2021 00:00
Kassel,6611,3055.0,,,,3055.0,3055.0,3055.0,3055.0,3055.0,3055.0,3055.0,3055.0,3055.0,3055.0,3055.0,3055.0,3055.0,3055.0,3055.0,3055.0,3055.0,3055.0,17069.0,17069.0,17069.0,17069.0,17069.0,17069.0,17069.0,17069.0,17069.0,17069.0,17069.0,17069.0,17069.0,17069.0,17069,17069,01/03/2021 00:00
Fulda,6631,,,,,,,,,,,,,,,,,,,,,,,,,,,,,,,,,,,,,,,01/03/2021 00:00
Hersfeld-Rotenburg,6632,,,,,,,,,,,,,,,,,,,,,,,,,,,,,,,,,,,,,,,02/03/2021 00:00
Kassel,6633,,,,,,,,,,,,,,,,,,,,,,,,,,,,,,,,,,,,,,,01/03/2021 00:00
Schwalm-Eder-Kreis,6634,,,,,4386.0,4386.0,4386.0,4875.0,4875.0,4875.0,4875.0,4875.0,5564.0,5564.0,5995.0,5995.0,6166.0,6166.0,6166.0,6166.0,6166.0,6166.0,6166.0,6166.0,6166.0,6166.0,8089.0,8089.0,8089.0,8624.0,8624.0,8624.0,8624.0,8624.0,8624.0,8624.0,8624,8624,01/03/2021 00:00
Waldeck-Frankenberg,6635,,,,,,,,,,,,,,,,,,,,,,,,,,,,,,,,,,,,,,,01/03/2021 00:00
Werra-Meißner-Kreis,6636,2445.0,,,,3904.0,3904.0,3904.0,3904.0,3904.0,4206.0,4374.0,4374.0,4638.0,4638.0,4638.0,4638.0,4638.0,4638.0,4638.0,4638.0,6034.0,6034.0,6034.0,6034.0,6034.0,7046.0,7046.0,7046.0,7046.0,7046.0,7665.0,7665.0,7665.0,7665.0,7665.0,7665.0,9177,9177,02/03/2021 00:00
Koblenz,7111,,,,,,,,,,,,,,,,,,,,,,,,,,,,,,,,,,,,,,,01/03/2021 00:00
Ahrweiler,7131,,,,,,,,,,,,,,,,,,,,,,,,,,,,,,,,,,,,,,,01/03/2021 00:00
Altenkirchen (Westerwald),7132,1680.0,,,,1680.0,1680.0,1680.0,1680.0,1680.0,1680.0,1680.0,1680.0,1680.0,1680.0,1680.0,1680.0,1680.0,1680.0,3540.0,3540.0,3540.0,3540.0,3540.0,3540.0,3540.0,3540.0,3540.0,3540.0,3540.0,3540.0,3540.0,3540.0,3540.0,3540.0,3540.0,3540.0,3540,3540,01/03/2021 00:00
Bad Kreuznach,7133,,,,,,,,,,,,,,,,,,,,,,,,,,,,,,,,,,,,,,,02/03/2021 00:00
Birkenfeld,7134,,,,,,,,,,,,,,,,,,,,,,,,,,,,,,,,,,,,,,,01/03/2021 00:00
Cochem-Zell,7135,,,,,,,,,,,,,,,,,,,,,,,,,,,,,,,,,,,,,,,01/03/2021 00:00
Mayen-Koblenz,7137,,,,,,,,,,,,,,,,,,,,,,,,,,,,,,,,,,,,,,,01/03/2021 00:00
Neuwied,7138,6465.0,,,,6465.0,6465.0,6465.0,6465.0,6465.0,6465.0,6465.0,6465.0,6465.0,6465.0,6465.0,6465.0,6465.0,6465.0,6465.0,6465.0,6465.0,6465.0,6465.0,6465.0,6465.0,6465.0,6465.0,6465.0,6465.0,6465.0,6465.0,6465.0,6465.0,6465.0,6465.0,6465.0,6465,6465,01/03/2021 00:00
Rhein-Hunsrück-Kreis,7140,,,,,,,,,,,,,,,,,,,,,,,,,,,,,,,,,,,,,,,01/03/2021 00:00
Rhein-Lahn-Kreis,7141,3321.0,,,,3799.0,3799.0,3799.0,3799.0,3799.0,3799.0,3799.0,3799.0,3939.0,3939.0,3939.0,3939.0,3939.0,3939.0,3939.0,3939.0,3939.0,3939.0,4064.0,4064.0,4064.0,4064.0,4064.0,4064.0,5037.0,5548.0,5548.0,5548.0,5548.0,5548.0,5548.0,5548.0,5548,5548,01/03/2021 00:00
Westerwaldkreis,7143,2021.0,,,,6787.0,6787.0,6787.0,6787.0,6787.0,6787.0,6787.0,6787.0,6787.0,6787.0,6787.0,6787.0,6787.0,6787.0,6787.0,6787.0,5343.0,5343.0,5343.0,5343.0,5343.0,5343.0,5343.0,5343.0,5343.0,5343.0,7985.0,7985.0,15964.0,15964.0,8979.0,8979.0,8979,8979,01/03/2021 00:00
Trier,7211,,,,,,,,,,,,,,,,,,,,,,,,,,,,,,,,,,,,,,,01/03/2021 00:00
Bernkastel-Wittlich,7231,2727.0,,,,2727.0,2727.0,2727.0,2727.0,2727.0,2727.0,2727.0,2727.0,2727.0,2727.0,2727.0,2727.0,2727.0,2727.0,2727.0,2727.0,2727.0,2727.0,2727.0,2727.0,2727.0,2727.0,2727.0,2727.0,2727.0,2727.0,2727.0,2727.0,2727.0,2727.0,2727.0,2727.0,2727,2727,01/03/2021 00:00
Eifelkreis Bitburg-Prüm,7232,,,,,,,,,,,,,,,,,,,,,,,,,,,,,,,,,,,,,,,01/03/2021 00:00
Vulkaneifel,7233,2304.0,,,,2304.0,2304.0,2304.0,2304.0,2304.0,2304.0,2304.0,2304.0,5237.0,5237.0,4153.0,4153.0,5237.0,5237.0,5237.0,5237.0,5237.0,5237.0,5237.0,5237.0,5237.0,5237.0,5237.0,5237.0,5237.0,5237.0,5237.0,5237.0,5237.0,5237.0,5237.0,5237.0,5237,5237,01/03/2021 00:00
Trier-Saarburg,7235,8600.0,,,,8600.0,8600.0,8600.0,8600.0,8600.0,8600.0,8600.0,8600.0,8600.0,8600.0,8600.0,8600.0,8600.0,8600.0,8600.0,8600.0,8600.0,8600.0,8600.0,8600.0,8600.0,8600.0,8600.0,8600.0,8600.0,8600.0,8600.0,8600.0,8600.0,8600.0,8600.0,8600.0,8600,8600,01/03/2021 00:00
Frankenthal (Pfalz),7311,,,,,,,,,,,,,,,,,,,,,,,,,,,,,,,,,,,,,,,01/03/2021 00:00
Kaiserslautern,7312,,,,,,,,,,,,,,,,,,,,,,,,,,,,,,,,,,,,,,,01/03/2021 00:00
Landau in der Pfalz,7313,,,,,,,,,,,,,,,,,,,,,,,,,,,,,,,,,,,,,,,01/03/2021 00:00
Ludwigshafen am Rhein,7314,,,,,,,,,,,,,,,,,,,,,,,,,,,,,,,,,,,,,,,01/03/2021 00:00
Mainz,7315,,,,,,,,,,,,,,,,,,,,,,,,,,,,,,,,,,,,,,,01/03/2021 00:00
Neustadt an der Weinstraße,7316,,,,,,,,,,,,,,,,,,,,,,,,,,,,,,,,,,,,,,,01/03/2021 00:00
Pirmasens,7317,,,,,,,,,,,,,,,,,,,,,,,,,,,,,,,,,,,,,,,01/03/2021 00:00
Speyer,7318,,,,,,,,,,,,,,,,,,,,,,,,,,,,,,,,,,,,,,,01/03/2021 00:00
Worms,7319,,,,,,,,,,,,,,,,,,,,,,,,,,,,,,,,,,,,,,,01/03/2021 00:00
Zweibrücken,7320,,,,,,,,,,,,,,,,,,,,,,,,,,,,,,,,,,,,,,,01/03/2021 00:00
Alzey-Worms,7331,995.0,,,,995.0,995.0,995.0,995.0,995.0,995.0,995.0,995.0,995.0,995.0,995.0,995.0,995.0,995.0,995.0,995.0,995.0,995.0,995.0,995.0,995.0,995.0,995.0,995.0,995.0,995.0,995.0,995.0,995.0,995.0,995.0,995.0,995,995,01/03/2021 00:00
Bad Dürkheim,7332,,,,,,,,,,,,,,,,,,,,,,,,,,,,,,,,,,,,,,,01/03/2021 00:00
Donnersbergkreis,7333,,,,,,,,,,,,,,,,,,,,,,,,,,,,,,,,,,,,,,,01/03/2021 00:00
Germersheim,7334,,,,,,,,,,,,,,,,,,,,,,,,,,,,,,,,,,,,,,,02/03/2021 00:00
Kaiserslautern,7335,,,,,,,,,,,,,,,,,,,,,,,,5891.0,5891.0,5891.0,5891.0,5891.0,5891.0,5891.0,5891.0,5891.0,5891.0,5891.0,5891.0,5891.0,5891,5891,01/03/2021 00:00
Kusel,7336,,,,,,,,,,,,,,,,,,,,,,,,,,,,,,,,,,,,,,,01/03/2021 00:00
Südliche Weinstraße,7337,,,,,,,,,,,,,,,,,,,,,,,,,,,,,,,,,,,,,,,01/03/2021 00:00
Rhein-Pfalz-Kreis,7338,,,,,,,,,,,,,,,,,,,,,,,,,,,,,,,,,,,,,,,01/03/2021 00:00
Mainz-Bingen,7339,2689.0,,,,2689.0,2689.0,2689.0,2689.0,5476.0,5476.0,5476.0,5476.0,5476.0,5476.0,6565.0,6565.0,6565.0,6565.0,6565.0,6565.0,6565.0,8266.0,8266.0,8266.0,8266.0,8266.0,8266.0,8266.0,8266.0,8266.0,8266.0,8266.0,8266.0,8266.0,8266.0,8266.0,8266,8266,01/03/2021 00:00
Südwestpfalz,7340,,,,,,,,,,,,,,,,,,,,,,,,,,,,,,,,,,,,,,,01/03/2021 00:00
Stuttgart,8111,,,,,,,,,,,,,,,,,,,,,,,,,,,,,,,,,,,,,,,01/03/2021 00:00
Böblingen,8115,,,,,,,,,,,,,,,,,,,,,,,,,,,,,,,,,,,,,,,02/03/2021 00:00
Esslingen,8116,,,,,,,,557.0,557.0,557.0,557.0,557.0,557.0,557.0,557.0,557.0,2340.0,2340.0,2340.0,2340.0,2340.0,2340.0,2340.0,2340.0,2340.0,2340.0,2340.0,2340.0,2340.0,2340.0,2340.0,2340.0,2340.0,2340.0,2340.0,2340.0,2340,2340,02/03/2021 00:00
Göppingen,8117,,,,,,,,,,,,,,,,,,,,,,,,,,,,,,,,,,,,,,,01/03/2021 00:00
Ludwigsburg,8118,,,,,,,,,,,,,,,,,,,,,,,,,,,,,,,,,,,,,,,01/03/2021 00:00
Rems-Murr-Kreis,8119,2695.0,,,,3520.0,3757.0,3757.0,3757.0,3757.0,3757.0,3775.0,3775.0,4301.0,4544.0,4544.0,4544.0,4544.0,4544.0,5048.0,5184.0,5184.0,5184.0,5184.0,5184.0,5184.0,6469.0,6469.0,6673.0,6673.0,6673.0,7546.0,7546.0,7546.0,7546.0,8593.0,8981.0,8981,8981,01/03/2021 00:00
Heilbronn,8121,,,,,,,,,,,,,,,,,,,,,,,,,,,,,,,,,,,,,,,01/03/2021 00:00
Heilbronn,8125,,,,,,,,,,,,,,,,,,,,,,,,,,,,,,,,,,,,,,,01/03/2021 00:00
Hohenlohekreis,8126,,,,,,,,,,,,,,,,,,,,,,,,,,,,,,,,,,,,,,,01/03/2021 00:00
Schwäbisch Hall,8127,,,,,,,,,,,,,,,,,,,,,,,,,,,,,,,,,,,,,,,01/03/2021 00:00
Main-Tauber-Kreis,8128,,,,,,,,,,,,,,,,,,,,,,,,,,,,,,,,,,,,,,,01/03/2021 00:00
Heidenheim,8135,,,,,,,,,,,,,,,,,,,,,,,,,,2535.0,2535.0,2535.0,2535.0,2535.0,2535.0,2535.0,2535.0,2535.0,2535.0,2535.0,2535,2535,01/03/2021 00:00
Ostalbkreis,8136,,,,,,,,,,,,,3469.0,3469.0,3469.0,3469.0,3469.0,4356.0,4356.0,4356.0,4356.0,4356.0,4356.0,6218.0,6218.0,6218.0,6218.0,6218.0,6218.0,6218.0,6218.0,8636.0,8636.0,8636.0,8636.0,8636.0,8636,8636,01/03/2021 00:00
Baden-Baden,8211,,,,,,,,,,,,,,,,,,,,,,,,,,,,,,,,,,,,,,,01/03/2021 00:00
Karlsruhe,8212,,,,,,,,,,,,,,,,,,,,,,,,35812.0,35812.0,35812.0,35812.0,35812.0,35812.0,35812.0,35812.0,35812.0,35812.0,35812.0,35812.0,35812.0,35812,35812,01/03/2021 00:00
Karlsruhe,8215,,,,,,,,,,,,,,,,,,,,,,,,,,,,,,,,,,,,,,,01/03/2021 00:00
Rastatt,8216,,,,,,,,,,,,,,,,,,,,,,,,,,,,,,,,,,,,,,,01/03/2021 00:00
Heidelberg,8221,,,,,,,,,,,,,,,,,,,,,,,,,,,,,,,,,,,,,,,02/03/2021 00:00
Mannheim,8222,15629.0,,,,15629.0,15629.0,15629.0,15629.0,15629.0,15629.0,15629.0,27173.0,27173.0,27173.0,27173.0,27173.0,27173.0,27173.0,27173.0,27173.0,27173.0,27173.0,27173.0,27173.0,27173.0,27173.0,37555.0,37555.0,37555.0,37555.0,37555.0,37555.0,37555.0,37555.0,37555.0,37555.0,37555,37555,01/03/2021 00:00
Neckar-Odenwald-Kreis,8225,,,,,,,,,,,,,,,,,,,,,,,,,,,,,,,,,,,,,,,01/03/2021 00:00
Rhein-Neckar-Kreis,8226,,,,,,,,,,,,,,,,,,,,,,,,43034.0,43034.0,43034.0,43034.0,43034.0,43034.0,43034.0,43034.0,43034.0,43034.0,43034.0,43034.0,43034.0,43034,43034,02/03/2021 00:00
Pforzheim,8231,,,,,,,,846.0,846.0,846.0,846.0,846.0,846.0,846.0,846.0,846.0,846.0,846.0,846.0,846.0,846.0,846.0,846.0,846.0,846.0,846.0,846.0,846.0,846.0,846.0,846.0,846.0,846.0,846.0,846.0,846.0,846,846,01/03/2021 00:00
Calw,8235,,,,,,,,,,,,,,,,,,,,,,,,,,,,,,,,,,,,,,,01/03/2021 00:00
Enzkreis,8236,,,,,,,,,,,,,,,,,,,,,,,,,,,,,,2707.0,2707.0,2707.0,2707.0,2707.0,2707.0,2707.0,2707,2707,01/03/2021 00:00
Freudenstadt,8237,,,,,,,,,,,,,,,,,,,,,,,,,,,,,,,,,,,,4000.0,4000,4000,01/03/2021 00:00
Freiburg im Breisgau,8311,,,,,,,,,,,,,,,,,,,,,,,,,,,,,,,,,,,,,,,01/03/2021 00:00
Breisgau-Hochschwarzwald,8315,,,,,,,,,,,,,,,,,,,,,,,,,,,,,,,,,,,,,,,01/03/2021 00:00
Emmendingen,8316,,,,,,,,,,,,,,,,,,,,,,,,,,,,,,,,,,,,,,,01/03/2021 00:00
Ortenaukreis,8317,,,,,,,,,,,,,,,,,,,,,,,,,,,,,,,,,,,,,,,01/03/2021 00:00
Rottweil,8325,,,,,,,,,,,,,,,,,,,,,,,,,,,,,,,,,,,,,,,02/03/2021 00:00
Schwarzwald-Baar-Kreis,8326,,,,,1007.0,1007.0,1007.0,1007.0,1007.0,1007.0,1927.0,1927.0,1927.0,1927.0,1927.0,1927.0,1927.0,1927.0,1927.0,6458.0,6458.0,4518.0,4518.0,4518.0,4518.0,4518.0,9036.0,9036.0,6807.0,6807.0,6807.0,6807.0,6807.0,6807.0,6807.0,8881.0,8881,8881,02/03/2021 00:00
Tuttlingen,8327,,,,,,,,,,,,,,,,,,,,,,,,,,,,,,,,,,,,,,,01/03/2021 00:00
Konstanz,8335,,,,,,,,,,,,,,,,,,,3274.0,3274.0,3274.0,3274.0,3274.0,4606.0,4606.0,4606.0,4606.0,4606.0,4606.0,5831.0,7001.0,7001.0,7001.0,7001.0,7001.0,7001.0,7001,7001,01/03/2021 00:00
Lörrach,8336,,,,,,,,,,,,,,,,,,,,,,,,,,,,,,,,,,,,,,,01/03/2021 00:00
Waldshut,8337,,,,,,,,,,,,,,,,,,,,,,,,,,,,,,,,,,,,,,,01/03/2021 00:00
Reutlingen,8415,,,,,,,,,,,,,,,,,,,,,,,,,,,,,,,,,,,,,,,01/03/2021 00:00
Tübingen,8416,,,,,,,,,,,,,,,,,,,,,,,,,,,,,,,,,,,,,,,01/03/2021 00:00
Zollernalbkreis,8417,,,,,,,,,,,,,,,,,,,,,,,,,,,,,,,,,,,,,,,01/03/2021 00:00
Ulm,8421,,,,,,,,,,,,,,,,,,,,,,,,,,,,,,,,,,,,,,,01/03/2021 00:00
Alb-Donau-Kreis,8425,,,,,,,,,,,,,,,,,,,,,,,,,,,,,,,,,,,,,,,01/03/2021 00:00
Biberach,8426,,,,,,,,,,,,,,,,,,,,,,,,,,,,,,,,,,,,,,,01/03/2021 00:00
Bodenseekreis,8435,63.0,,,,63.0,63.0,63.0,63.0,63.0,63.0,63.0,63.0,63.0,2078.0,2078.0,2078.0,2294.0,2294.0,2294.0,2294.0,2294.0,2294.0,2294.0,2294.0,2294.0,2294.0,3932.0,4103.0,4145.0,4145.0,4145.0,4145.0,5201.0,5638.0,5638.0,5638.0,5638,5638,01/03/2021 00:00
Ravensburg,8436,,,,,,,,,,,,,,,,,,,,,,,,,,,3290.0,3290.0,3290.0,3290.0,3290.0,3290.0,5134.0,5134.0,5134.0,5134.0,5134,5134,01/03/2021 00:00
Sigmaringen,8437,,,,,,,,,,,,,,,,,,,,,,,,,,,,,,,,,,,,,,,01/03/2021 00:00
Ingolstadt,9161,2660.0,,,,2660.0,2660.0,2660.0,2660.0,2660.0,2660.0,2660.0,2660.0,2660.0,2660.0,2660.0,2660.0,2660.0,2660.0,2660.0,2660.0,2660.0,2660.0,2660.0,2660.0,2660.0,2660.0,2660.0,2660.0,2660.0,2660.0,2660.0,9320.0,9320.0,9320.0,9320.0,9320.0,9320,9320,01/03/2021 00:00
München,9162,,,,,14900.0,14900.0,14900.0,14900.0,19100.0,19100.0,19100.0,19100.0,19100.0,19100.0,19100.0,19100.0,19100.0,19100.0,19100.0,19100.0,19100.0,19100.0,42500.0,42500.0,42500.0,42500.0,63900.0,63900.0,63900.0,63900.0,63900.0,63900.0,63700.0,63700.0,79900.0,79900.0,79900,79900,02/03/2021 00:00
Rosenheim,9163,,,,,,,,,,,,,,,,,,,,,,,,,,,,,,,,,,,,,,,02/03/2021 00:00
Altötting,9171,,,,,,,,,,,,4858.0,4858.0,4858.0,5300.0,5300.0,5300.0,5300.0,5300.0,5300.0,5300.0,5300.0,7265.0,7265.0,7265.0,7265.0,7265.0,7265.0,7265.0,7265.0,10343.0,10343.0,10343.0,10343.0,10343.0,12304.0,12304,12304,01/03/2021 00:00
Berchtesgadener Land,9172,1525.0,,,,1525.0,1525.0,1525.0,1525.0,1525.0,1525.0,1525.0,1525.0,1525.0,1525.0,1525.0,1525.0,1525.0,1525.0,1525.0,1525.0,1525.0,1525.0,1525.0,1525.0,1525.0,1525.0,1525.0,1525.0,1525.0,1525.0,1525.0,1525.0,1525.0,1525.0,1525.0,1525.0,1525,1525,01/03/2021 00:00
Bad Tölz-Wolfratshausen,9173,,,,,,,,,,,,,,,,,,,,,,,,,,,,,,,,,,,,,,,01/03/2021 00:00
Dachau,9174,,,,,,,,,,,,,,,,,,,,,,,,,,,,,,,,,,,,,,,01/03/2021 00:00
Ebersberg,9175,,,,,4196.0,4196.0,4196.0,4196.0,4196.0,4196.0,4196.0,4196.0,4196.0,4196.0,4196.0,4196.0,4196.0,4196.0,4196.0,4196.0,4196.0,6731.0,6731.0,6731.0,6731.0,6731.0,6731.0,6731.0,6731.0,6731.0,6731.0,6731.0,6731.0,6731.0,6731.0,7974.0,11493,11493,01/03/2021 00:00
Eichstätt,9176,,,,,,,,,,,,,,,,,,,,,,,,,,,,,,,,,,,,,,,01/03/2021 00:00
Erding,9177,3043.0,,,,3277.0,3277.0,3277.0,4511.0,4511.0,4511.0,7134.0,7134.0,7134.0,7134.0,5780.0,5780.0,5780.0,5780.0,5780.0,5780.0,5780.0,5780.0,5780.0,7807.0,7807.0,7807.0,7807.0,7807.0,8579.0,8579.0,8579.0,9444.0,9648.0,9648.0,9648.0,10152.0,10152,10152,01/03/2021 00:00
Freising,9178,,,,,4724.0,4724.0,4724.0,5687.0,5817.0,5817.0,6382.0,6382.0,6382.0,6382.0,7074.0,7074.0,7074.0,7519.0,7519.0,7707.0,7707.0,7707.0,7707.0,8890.0,9172.0,9308.0,9308.0,9308.0,10064.0,10064.0,10064.0,11361.0,11694.0,11694.0,11694.0,13113.0,13113,13113,01/03/2021 00:00
Fürstenfeldbruck,9179,5568.0,,,,6644.0,6644.0,6644.0,6644.0,7581.0,7816.0,7816.0,7816.0,7816.0,7816.0,7816.0,7816.0,7816.0,9561.0,9561.0,9561.0,9561.0,9561.0,9561.0,11635.0,11635.0,11635.0,11635.0,11635.0,11635.0,14332.0,14332.0,14332.0,14332.0,14332.0,14332.0,14332.0,14332,14332,01/03/2021 00:00
Garmisch-Partenkirchen,9180,,,,,,,,,,,,,,,,,,,,,,,,,,,,,,,,,,,,,,,01/03/2021 00:00
Landsberg am Lech,9181,,,,,2531.0,2531.0,2531.0,3062.0,3062.0,3062.0,3062.0,4040.0,4040.0,4040.0,4040.0,4040.0,4040.0,4040.0,4040.0,4040.0,4040.0,4903.0,4903.0,4903.0,5737.0,5737.0,5737.0,5737.0,5737.0,5737.0,5737.0,6642.0,6642.0,6642.0,6642.0,6642.0,6642,6642,01/03/2021 00:00
Miesbach,9182,,,,,,,,,,,107.0,107.0,107.0,107.0,107.0,107.0,107.0,107.0,107.0,107.0,107.0,107.0,5977.0,5977.0,5977.0,5977.0,5977.0,5977.0,5977.0,5977.0,5977.0,5977.0,5977.0,5977.0,5977.0,5977.0,5977,5977,01/03/2021 00:00
Mühldorf a. Inn,9183,,,,,4055.0,4055.0,4055.0,4055.0,4055.0,4055.0,4055.0,5384.0,5384.0,5384.0,5384.0,5384.0,5384.0,5384.0,6257.0,6257.0,6257.0,6257.0,6257.0,6257.0,6257.0,7696.0,7696.0,7696.0,7696.0,7696.0,7696.0,7696.0,7696.0,7696.0,7696.0,7696.0,7696,7696,01/03/2021 00:00
München,9184,,,,,,,,,,,,,,,,,16707.0,16707.0,16707.0,16707.0,16707.0,16707.0,16707.0,20285.0,21087.0,21087.0,22354.0,23140.0,23140.0,24781.0,25727.0,26856.0,26856.0,26856.0,30057.0,30057.0,30935,30935,01/03/2021 00:00
Neuburg-Schrobenhausen,9185,,,,,,,,,,,,,,,,,,,,,,,,,,,,,,,,,,,,,,,01/03/2021 00:00
Pfaffenhofen a.d. Ilm,9186,1756.0,,,,1756.0,1756.0,1756.0,1756.0,1756.0,1756.0,1756.0,1756.0,1756.0,1756.0,1756.0,1756.0,1756.0,1756.0,1756.0,1756.0,1756.0,1756.0,1756.0,1756.0,1756.0,1756.0,1756.0,1756.0,1756.0,1756.0,1756.0,1756.0,1756.0,1756.0,1756.0,1756.0,1756,1756,01/03/2021 00:00
Rosenheim,9187,,,,,,,,,,,,,,,,,,,,,,,,,,,,,,,,,,,,,,,02/03/2021 00:00
Starnberg,9188,,,,,,,,,,,,,,,,,,,,,,,,,,,,,,,,,,,,,,,01/03/2021 00:00
Traunstein,9189,,,,,,,,,,,,,,,,,,,,,,,,,,,,,,,,,,,,,,,01/03/2021 00:00
Weilheim-Schongau,9190,,,,,,,,,,3752.0,3752.0,3752.0,3752.0,3752.0,3752.0,3752.0,3752.0,3752.0,3752.0,3752.0,3752.0,3752.0,3752.0,3752.0,6526.0,6526.0,6526.0,6526.0,6526.0,6526.0,6526.0,6526.0,6526.0,6526.0,6526.0,6526.0,9930,9930,02/03/2021 00:00
Landshut,9261,,,,,,,,,,,,,,,,,,,,,,,,4109.0,4109.0,4109.0,4109.0,4109.0,4109.0,4109.0,4109.0,4109.0,4109.0,4109.0,4109.0,4109.0,4109,4109,02/03/2021 00:00
Passau,9262,2730.0,,,,2730.0,2730.0,2730.0,3800.0,3800.0,3800.0,3800.0,3800.0,3800.0,3800.0,3800.0,3800.0,3800.0,3800.0,3800.0,3800.0,3800.0,5400.0,5400.0,5400.0,5400.0,5400.0,5400.0,5400.0,5400.0,5400.0,5400.0,5400.0,5400.0,5400.0,5400.0,8100.0,8100,8100,01/03/2021 00:00
Straubing,9263,,,,,,,,,,,,,,,,,,,,,,,,,,,,,,,,,,,,,,,01/03/2021 00:00
Deggendorf,9271,,,,,,,,,,,,,,,,,5732.0,5812.0,5812.0,5812.0,5812.0,5812.0,5812.0,5812.0,6745.0,6745.0,6745.0,6745.0,7805.0,7805.0,7805.0,8874.0,9129.0,9129.0,9129.0,9517.0,9517,9517,01/03/2021 00:00
Freyung-Grafenau,9272,,,,,,,,,,,,,,,,,,,,,,,,4949.0,4949.0,4949.0,4949.0,4949.0,4949.0,4949.0,4949.0,4949.0,4949.0,4949.0,4949.0,4949.0,4949,4949,01/03/2021 00:00
Kelheim,9273,,,,,,,,,,,,,,,3500.0,3500.0,3500.0,3500.0,3500.0,3500.0,3500.0,3500.0,3500.0,3500.0,3500.0,3500.0,3500.0,3500.0,3500.0,3500.0,3500.0,3500.0,3500.0,3500.0,3500.0,3500.0,3500,3500,01/03/2021 00:00
Landshut,9274,,,,,,,,,,,,,,,,,,,,,,,,,,,,,,,,,,,,,,,02/03/2021 00:00
Passau,9275,3000.0,,,,3000.0,3000.0,3000.0,3000.0,3000.0,3000.0,3000.0,3000.0,3000.0,3000.0,3000.0,3000.0,3000.0,3000.0,3000.0,3000.0,3000.0,3000.0,3000.0,3000.0,3000.0,3000.0,3000.0,3000.0,3000.0,3000.0,3000.0,3000.0,3000.0,3000.0,3000.0,3000.0,3000,3000,01/03/2021 00:00
Regen,9276,2098.0,,,,2098.0,2098.0,2098.0,2604.0,2657.0,2831.0,2831.0,2831.0,3253.0,3433.0,3433.0,3433.0,3433.0,3571.0,3571.0,3571.0,3571.0,3571.0,3571.0,3571.0,3571.0,3571.0,3571.0,3571.0,4756.0,4756.0,4756.0,5244.0,5244.0,5244.0,5244.0,5244.0,5244,5244,01/03/2021 00:00
Rottal-Inn,9277,,,,,,,,,,,,,,,,,,,,,,,,,,,,,,,,,,,,,,,02/03/2021 00:00
Straubing-Bogen,9278,,,,,,,,,,,,,,,,,,,,,,,,9600.0,9600.0,9600.0,9600.0,9600.0,9600.0,9600.0,9600.0,9600.0,9600.0,9600.0,9600.0,9600.0,9600,9600,02/03/2021 00:00
Dingolfing-Landau,9279,2550.0,,,,2550.0,2550.0,2550.0,2550.0,2550.0,2550.0,3800.0,3800.0,3800.0,3800.0,3800.0,3800.0,3800.0,3800.0,3800.0,3800.0,3800.0,3800.0,3800.0,3800.0,3800.0,3800.0,3800.0,3800.0,3800.0,3800.0,3800.0,3800.0,3800.0,3800.0,3800.0,3800.0,3800,3800,01/03/2021 00:00
Amberg,9361,,,,,,,,,,,,,,,,,,,,,,,,,,,,,,,,,,,,,,,02/03/2021 00:00
Regensburg,9362,,,,,,,,,,,,,,,,,,,,,,,,,,,,,,,,,,,,,,,02/03/2021 00:00
Weiden i.d. OPf.,9363,,,,,,,,,,,,,,,,,,,,,,,,,,,,,,,,,,,,,,,02/03/2021 00:00
Amberg-Sulzbach,9371,,,,,,,,,,,,,,,,,,,,,,,,,10390.0,10390.0,10390.0,10390.0,10390.0,10390.0,10390.0,10390.0,10390.0,10390.0,10390.0,10390.0,10390,10390,02/03/2021 00:00
Cham,9372,,,,,4925.0,4925.0,4925.0,4925.0,4925.0,4925.0,4925.0,5574.0,5574.0,5574.0,5574.0,5574.0,5574.0,5574.0,5574.0,5574.0,5574.0,5574.0,5574.0,5574.0,5574.0,5574.0,5574.0,5574.0,5574.0,5574.0,5574.0,5574.0,5574.0,5574.0,5574.0,5574.0,5574,5574,01/03/2021 00:00
Neumarkt i.d. OPf.,9373,3040.0,,,,3040.0,4300.0,4300.0,4300.0,4300.0,4300.0,4300.0,4300.0,4300.0,4300.0,5400.0,5400.0,5400.0,5400.0,5400.0,5400.0,5400.0,5400.0,5400.0,5400.0,5400.0,5400.0,5400.0,5400.0,5400.0,9650.0,9650.0,9650.0,9650.0,9650.0,9650.0,9650.0,9650,9650,01/03/2021 00:00
Neustadt a.d. Waldnaab,9374,,,,,,,,,,,,,,,,,,,,,,,,8109.0,8109.0,8109.0,8109.0,8109.0,8109.0,8109.0,8109.0,8109.0,8109.0,8109.0,8109.0,8109.0,8109,8109,02/03/2021 00:00
Regensburg,9375,,,,,,,,,,,,,,,,,,,,,,,,,,,,,,,,,,,,,,,02/03/2021 00:00
Schwandorf,9376,3240.0,,,,3240.0,3240.0,3240.0,3240.0,3240.0,5980.0,5980.0,5980.0,5980.0,5980.0,5980.0,5980.0,7530.0,7530.0,7530.0,7530.0,7530.0,7530.0,7530.0,7530.0,7530.0,7530.0,7530.0,7530.0,7530.0,7530.0,7530.0,7530.0,7530.0,7530.0,7530.0,7530.0,7530,7530,01/03/2021 00:00
Tirschenreuth,9377,800.0,,,,800.0,800.0,800.0,800.0,800.0,800.0,800.0,800.0,800.0,800.0,800.0,800.0,800.0,800.0,800.0,800.0,800.0,800.0,800.0,800.0,800.0,800.0,800.0,800.0,800.0,800.0,800.0,800.0,800.0,800.0,800.0,800.0,800,800,01/03/2021 00:00
Bamberg,9461,3194.0,,,,3194.0,3194.0,3194.0,3194.0,3194.0,3194.0,3194.0,3194.0,3194.0,3194.0,3194.0,3194.0,3194.0,3194.0,,,,,,13386.0,13926.0,14418.0,14427.0,14427.0,14427.0,14427.0,16357.0,16357.0,16357.0,16357.0,16357.0,16357.0,16357,16357,01/03/2021 00:00
Bayreuth,9462,,,,,,,,,,,,,,,,,,,,,,,,,,,,,,,,,,,,,,,02/03/2021 00:00
Coburg,9463,,,,,,,,,,,,,,,,,,,,,,,,,,,,,,,,,,,,,,,01/03/2021 00:00
Hof,9464,,,,,,,,,,,,,,,,,,,,,,,,,,,,,,,,,,,,,,,02/03/2021 00:00
Bamberg,9471,,,,,,,,,,,,,,,,,,,,,,,,,,,,,,,,,,,,,,,01/03/2021 00:00
Bayreuth,9472,,,,,,,,,,,,,,,,,,,,,,,,,,,,,,,,,,,,,,,02/03/2021 00:00
Coburg,9473,,,,,,,,,,,,,,,,,,,,,,,,,,,,,,,,,,,,,,,01/03/2021 00:00
Forchheim,9474,,,,,,,,,,,,,,,,,,,,,,,,,,,,,,,,,,,,,,,01/03/2021 00:00
Hof,9475,,,,,,,,,,,,,,,,,,,,,,,,,,,,,,,,,,,,,,,02/03/2021 00:00
Kronach,9476,,,,,,,,,,,,,,,,,,,,,,,,,,,,,,,,,,,,,,,01/03/2021 00:00
Kulmbach,9477,,,,,,,,,,,,,,,,,,,,,,,,5644.0,5644.0,5644.0,5644.0,5644.0,5644.0,5644.0,5644.0,5644.0,5644.0,5644.0,5644.0,5644.0,5644,5644,01/03/2021 00:00
Lichtenfels,9478,2927.0,,,,3549.0,3549.0,3549.0,3549.0,4351.0,4473.0,4725.0,4725.0,4725.0,4725.0,5212.0,5212.0,5638.0,5638.0,5638.0,5638.0,5638.0,6078.0,6244.0,6368.0,6476.0,6476.0,6476.0,6476.0,6476.0,6984.0,6984.0,14660.0,14660.0,14976.0,14976.0,14976.0,14976,14976,01/03/2021 00:00
Wunsiedel i. Fichtelgebirge,9479,,,,,,,,,,,,,,,,,,,,,,,,,,,,,,,,,,,,,,,01/03/2021 00:00
Ansbach,9561,,,,,,,,,,,,,,,,,,,,,,,,,,,,,,,,,,,,,,,02/03/2021 00:00
Erlangen,9562,1717.0,,,,1717.0,1717.0,1717.0,1717.0,1717.0,1717.0,1717.0,1717.0,1717.0,1717.0,1717.0,1717.0,1717.0,1717.0,1717.0,1717.0,1717.0,1717.0,1717.0,1717.0,1717.0,1717.0,1717.0,1717.0,1717.0,1717.0,1717.0,1717.0,1717.0,1717.0,1717.0,1717.0,1717,1717,01/03/2021 00:00
Fürth,9563,,,,,,,,,,,,,,,,,,,,,,,,,,,,,,,,,,,,,,,01/03/2021 00:00
Nürnberg,9564,,,,,,,,,,,,,,,,,22098.0,22860.0,23773.0,23773.0,23773.0,23773.0,27795.0,28895.0,29771.0,29771.0,29771.0,29771.0,29771.0,34135.0,34962.0,36367.0,36367.0,36367.0,36367.0,40370.0,40370,40370,01/03/2021 00:00
Schwabach,9565,,,,,,,,,,,,,,,,,,,,,,,,,,,,,,,,,,,,,,,02/03/2021 00:00
Ansbach,9571,,,,,,,,,,,,,,,,,,,,,,,,,12653.0,12653.0,12653.0,12653.0,12653.0,12653.0,12653.0,12653.0,12653.0,12653.0,12653.0,12653.0,12653,12653,02/03/2021 00:00
Erlangen-Höchstadt,9572,,,,,,,,,,,,,,,,,,,,,,,,,,,,,,,,,,,,,,,01/03/2021 00:00
Fürth,9573,,,,,,,,,,,,,,,,,,,,,,,,,,,,,,,,,,,,,,,01/03/2021 00:00
Nürnberger Land,9574,,,,,,,,,,,,,,,,,,,,,,,,,,,,,,,,11202.0,11202.0,11202.0,11202.0,8037.0,8054,8054,01/03/2021 00:00
Neustadt a.d. Aisch-Bad Windsheim,9575,,,,,2905.0,2905.0,2905.0,2905.0,2905.0,2905.0,2905.0,2905.0,2905.0,2905.0,2905.0,2905.0,2905.0,2905.0,2905.0,2905.0,2905.0,2905.0,5008.0,5008.0,5008.0,5008.0,5008.0,5008.0,5008.0,5008.0,5008.0,5008.0,5008.0,5008.0,5008.0,5008.0,5008,5008,01/03/2021 00:00
Roth,9576,,,,,,,,,,,,,,,,,,,,,,,,,,,,,,,,,,,,,,,01/03/2021 00:00
Weißenburg-Gunzenhausen,9577,,,,,,,,,,,,,,,,,,,,,,,,,,,,,,,,,,,,,,,02/03/2021 00:00
Aschaffenburg,9661,,,,,,,,,,,,,,,,,,,,,,,,,15190.0,15190.0,15190.0,15190.0,15190.0,15190.0,15190.0,15190.0,15190.0,15190.0,15190.0,15190.0,15190,15190,02/03/2021 00:00
Schweinfurt,9662,,,,,,,,,,,,,,,,,,,,,,,,,,,,,,,,,,,,,,,02/03/2021 00:00
Würzburg,9663,,,,,,,,,,,,,,,,,,,,,,,,,,,,,,,,,,,,,,,01/03/2021 00:00
Aschaffenburg,9671,,,,,,,,,,,,,,,,,,,,,,,,,,,,,,,,,,,,,,,02/03/2021 00:00
Bad Kissingen,9672,1802.0,,,,1802.0,1802.0,1802.0,1802.0,1802.0,1802.0,4077.0,4077.0,4077.0,4077.0,4077.0,4077.0,4077.0,4077.0,4077.0,4077.0,4077.0,4077.0,5766.0,6148.0,6148.0,6148.0,6701.0,6701.0,6701.0,6701.0,6701.0,8073.0,8073.0,8073.0,8073.0,8073.0,8073,8073,01/03/2021 00:00
Rhön-Grabfeld,9673,,,,,,,,,,,,,,,,,,,,,,,,,,,,,,,,,,,,7151.0,7151,7151,01/03/2021 00:00
Haßberge,9674,,,,,,,,,,,,,,,,,,,,,,,,,,,,,,,,,,,,,,,01/03/2021 00:00
Kitzingen,9675,,,,,,,,,,,,,,,,,,,,,,,,,,,,,,,,,,,,,,,01/03/2021 00:00
Miltenberg,9676,3100.0,,,,3100.0,3100.0,3100.0,3100.0,3100.0,3100.0,3100.0,3100.0,3100.0,3100.0,3100.0,3100.0,3100.0,3100.0,3100.0,3100.0,3100.0,3100.0,3100.0,3916.0,3916.0,3916.0,3916.0,3916.0,3916.0,3916.0,3916.0,3916.0,3916.0,3916.0,3916.0,3916.0,3916,3916,01/03/2021 00:00
Main-Spessart,9677,,,,,,,,,,,,,,,,,,,,,,,,5271.0,5271.0,5271.0,5271.0,5271.0,5271.0,5271.0,5271.0,5271.0,5271.0,5271.0,5271.0,5271.0,5271,5271,01/03/2021 00:00
Schweinfurt,9678,,,,,,,,,,,,,,,,,,,,,,,,,,,,,,,,,,,,,,,02/03/2021 00:00
Würzburg,9679,,,,,,,,,,,,,,,,,,,,,,,,,,,,,,,,,,,,,,,01/03/2021 00:00
Augsburg,9761,,,,,6365.0,6365.0,6365.0,6365.0,6365.0,6365.0,6365.0,6365.0,6365.0,6365.0,6365.0,6365.0,6365.0,6365.0,6365.0,6365.0,6365.0,6365.0,6365.0,6365.0,6365.0,6365.0,6365.0,6365.0,6365.0,6365.0,6365.0,6365.0,6365.0,6365.0,6365.0,6365.0,6365,6365,02/03/2021 00:00
Kaufbeuren,9762,,,,,,,,,,,,,,,,,,,,,,,,,,,,,,,,,,,,,,,01/03/2021 19:45
Kempten (Allgäu),9763,,,,,,,,,,,,,,,,,,,,,,,,,,,,,,,,,11202.0,11202.0,11202.0,11202.0,11202,11202,01/03/2021 00:00
Memmingen,9764,,,,,,,,,,,,,,,,,,,,,,,,,,,,,,,,,,,,,,,02/03/2021 00:00
Aichach-Friedberg,9771,1233.0,,,,1233.0,1233.0,1233.0,1233.0,1233.0,1233.0,1233.0,1233.0,1233.0,1233.0,1233.0,5000.0,5000.0,5000.0,5000.0,5000.0,5000.0,6155.0,6155.0,6155.0,6155.0,6155.0,6155.0,6155.0,7670.0,7670.0,7670.0,7670.0,7670.0,7670.0,7670.0,7670.0,7670,7670,01/03/2021 00:00
Augsburg,9772,,,,,,,,,,,,,9823.0,9823.0,10455.0,10455.0,10455.0,10455.0,10455.0,10455.0,10455.0,10455.0,10455.0,10455.0,13563.0,13563.0,13563.0,13563.0,13563.0,13563.0,13563.0,13563.0,13563.0,13563.0,13563.0,13563.0,13563,13563,01/03/2021 00:00
Dillingen a.d. Donau,9773,,,,,,,,,,,,,,,,,,,,,,,,,,,,,,,,,,,,,,,01/03/2021 00:00
Günzburg,9774,,,,,,,,,,,,,,,,,,,,,,,,,,,,,,,,,,,,,,,02/03/2021 00:00
Neu-Ulm,9775,,,,,,,,,,,,,,,,,,,,,,,,,,,,,,,,,,,,,,,01/03/2021 00:00
Lindau (Bodensee),9776,,,,,,,,,,,,,,,,,,,,,,,,,,,,,,,,,,,,,,,02/03/2021 00:00
Ostallgäu,9777,,,,,,,,,,,,,,,,,,,,,,,,,,,,,,,,,,,,,,,01/03/2021 19:45
Unterallgäu,9778,1500.0,,,,1500.0,1500.0,1500.0,1500.0,1500.0,1500.0,1500.0,1500.0,1500.0,1500.0,1500.0,1500.0,1500.0,1500.0,1500.0,1500.0,1500.0,1500.0,1500.0,1500.0,1500.0,1500.0,1500.0,1500.0,1500.0,1500.0,1500.0,1500.0,1500.0,1500.0,1500.0,1500.0,1500,1500,01/03/2021 00:00
Donau-Ries,9779,,,,,,,,,,,,,,,,,,,,,,,,,,,,,,,,,,,,,,,01/03/2021 00:00
Oberallgäu,9780,,,,,,,,,,,,,,,,,,,,,,,,,,,,,,,,,11202.0,11202.0,11202.0,11202.0,11202,11202,01/03/2021 00:00
"Saarbrücken, Regionalverband",10041,,,,,,,,,,,,,,,,,,,,,,,,,,,,,,,,,,,,,,,01/03/2021 00:00
Merzig-Wadern,10042,,,,,,,,,,,,,,,,,,,,,,,,,,,,,,,,,,,,,,,01/03/2021 00:00
Neunkirchen,10043,,,,,,,,,,,,,,,,,,,,,,,,,,,,,,,,,,,,,,,01/03/2021 00:00
Saarlouis,10044,,,,,,,,,,,,,,,,,,,,,,,,,,,,,,,,,,,,,,,01/03/2021 00:00
Saarpfalz-Kreis,10045,,,,,,,,,,,,,,,,,,,,,,,,,,,,,,,,,,,,,,,01/03/2021 00:00
St. Wendel,10046,,,,,,,,,,,,,,,,,,,,,,,,,,,,,,,,,,,,,,,01/03/2021 00:00
Berlin,11000,57184.0,,,,57184.0,57184.0,57184.0,130266.0,130266.0,134937.0,134937.0,134937.0,134937.0,134937.0,134937.0,134937.0,134937.0,134937.0,134937.0,134937.0,134937.0,204039.0,209500.0,219549.0,219549.0,219549.0,235336.0,235336.0,235336.0,235336.0,235336.0,266530.0,278242.0,278242.0,292888.0,292888.0,311102,311102,02/03/2021 00:00
Brandenburg an der Havel,12051,,,,,,,,,,,,,,,,,,,,,,,,,,,,,,,,,,,,,,,01/03/2021 00:00
Cottbus,12052,,,,,,,,,,,,,,,,,,,,,,,,,,,,,,,,,,,,,,,02/03/2021 00:00
Frankfurt (Oder),12053,,,,,,,,,,,,,,,,,,,,,,,,,,,,,,,,,,,,,,,02/03/2021 00:00
Potsdam,12054,,,,,,,,,,,,,,,,,,,,,,,,,,,,,,,,,,,,,,,01/03/2021 00:00
Barnim,12060,,,,,,,,,,,,,,,,,,,,,,,,,,,,,,,,,,,,,,,01/03/2021 00:00
Dahme-Spreewald,12061,,,,,,,,,,,,,,,,,,,,,,,,,,,,,,,,,,,,,,,02/03/2021 00:00
Elbe-Elster,12062,,,,,,,,,,,,,,,,,,,,,,,,,,,,,,,,,,,,,,,02/03/2021 00:00
Havelland,12063,,,,,,,,,,,,,,,,,,,,,,,,,,,,,,,,,,,,,,,02/03/2021 00:00
Märkisch-Oderland,12064,,,,,,,,,,,,,,,,,,,,,,,,,,,,,,,,,,,,,,,01/03/2021 00:00
Oberhavel,12065,180.0,,,,180.0,180.0,180.0,180.0,180.0,180.0,180.0,180.0,180.0,180.0,180.0,180.0,180.0,180.0,180.0,180.0,180.0,180.0,180.0,180.0,180.0,180.0,180.0,180.0,180.0,180.0,180.0,180.0,180.0,180.0,180.0,180.0,180,180,01/03/2021 00:00
Oberspreewald-Lausitz,12066,,,,,,,,,,,,,,,,,,,,,,,,,,,,,,,,,,,,,,,01/03/2021 00:00
Oder-Spree,12067,,,,,,,,,,,,,,,,,,,,,,,,,,,,,,,,,,,,,,,01/03/2021 00:00
Ostprignitz-Ruppin,12068,,,,,,,,,,,,,,,,,,,,,,,,,,,,,,,,,,,,,,,01/03/2021 00:00
Potsdam-Mittelmark,12069,,,,,,,,,,,,,,,,,,,,,,,,,,,,,,,,,,,,,,,01/03/2021 00:00
Prignitz,12070,,,,,,,,,,,,,,,,,,,,,,,,,,,,,,,,,,,,,,,02/03/2021 00:00
Spree-Neiße,12071,,,,,,,,,,,,,,,,,,,,,,,,,,,,,,,,,,,,,,,02/03/2021 00:00
Teltow-Fläming,12072,,,,,,,,,,,,,,,,,,,,,,,,,,,,,,,,,,,,,,,01/03/2021 00:00
Uckermark,12073,,,,,,,,,,,,,,,,,,,,,,,,,,,,,,,,,,,,,,,01/03/2021 00:00
Rostock,13003,,,,,,,,,,,,,,,,,,,,,,,,,,,,,,,,,,,,,,,01/03/2021 00:00
Schwerin,13004,,,,,,,,,,,,,,,,,,,,,,,,,,,,,,,,,,,,,,,01/03/2021 00:00
Mecklenburgische Seenplatte,13071,,,,,,,,,,,,,,,,,,,,,,,,,,,,,,,,,,,,,,,01/03/2021 00:00
Rostock,13072,,,,,,,,,,,,,,,,,,,,,,,,,,,,,,,,,,,,,,,01/03/2021 00:00
Vorpommern-Rügen,13073,,,,,,,,,,,,,,,,,,,,,,,,,,,,,,,,,,,,,,,01/03/2021 00:00
Nordwestmecklenburg,13074,,,,,,,,,,,,,,,,,,,,,,,,,,,,,,,,,,,,,,,01/03/2021 00:00
Vorpommern-Greifswald,13075,,,,,,,,,,,,,,,,,,,,,,,,,,11647.0,11647.0,11647.0,11647.0,11647.0,11647.0,11647.0,11647.0,11647.0,11647.0,11647.0,11647,11647,01/03/2021 00:00
Ludwigslust-Parchim,13076,,,,,,,,,,,,,,,,,,,,,,,,,,,,,,,,,,,,,,,01/03/2021 00:00
Chemnitz,14511,,,,,,,,,,,,,,,,,,,,,,,,10433.0,10433.0,10433.0,10433.0,10433.0,10433.0,14028.0,14028.0,14028.0,14028.0,14028.0,15676.0,15676.0,15676,15676,01/03/2021 00:00
Erzgebirgskreis,14521,,,,,,,,,,,,,,,,,,,,,,,,12188.0,12188.0,12188.0,12188.0,12188.0,12188.0,16148.0,16148.0,16148.0,16148.0,16148.0,17828.0,17828.0,17828,17828,02/03/2021 00:00
Mittelsachsen,14522,,,,,,,,,,,,,,,,,,,,,,,,11104.0,11104.0,11104.0,11104.0,11104.0,11104.0,15321.0,15321.0,15321.0,15321.0,15321.0,17646.0,17646.0,17646,17646,02/03/2021 00:00
Vogtlandkreis,14523,,,,,,,,,,,,,,,,,,,,,,,,10195.0,10195.0,10195.0,10195.0,10195.0,10195.0,13822.0,13822.0,13822.0,13822.0,13822.0,15646.0,15646.0,15646,15646,01/03/2021 00:00
Zwickau,14524,,,,,,,,,,,,,,,,,,,,,,,,11168.0,11168.0,11168.0,11168.0,11168.0,11168.0,15340.0,15340.0,15340.0,15340.0,15340.0,17459.0,17459.0,17459,17459,02/03/2021 00:00
Dresden,14612,,,,,,,,,,,,,,,,,,,,,,,,22152.0,22152.0,22152.0,22152.0,22152.0,22152.0,29119.0,29119.0,29119.0,29119.0,29119.0,32566.0,32566.0,32566,32566,02/03/2021 00:00
Bautzen,14625,,,,,,,,,,,,,,,,,,,,,,,,10213.0,10213.0,10213.0,10213.0,10213.0,10213.0,13847.0,13847.0,13847.0,13847.0,13847.0,15636.0,15636.0,15636,15636,02/03/2021 00:00
Görlitz,14626,,,,,,,,,,,,,,,,,,,,,,,,9596.0,9596.0,9596.0,9596.0,9596.0,9596.0,13258.0,13258.0,13258.0,13258.0,13258.0,15134.0,15134.0,15134,15134,02/03/2021 00:00
Meißen,14627,,,,,,,,,,,,,,,,,,,,,,,,9055.0,9055.0,9055.0,9055.0,9055.0,9055.0,12674.0,12674.0,12674.0,12674.0,12674.0,14082.0,14082.0,14082,14082,02/03/2021 00:00
Sächsische Schweiz-Osterzgebirge,14628,,,,,,,,,,,,,,,,,,,,,,,,8703.0,8703.0,8703.0,8703.0,8703.0,8703.0,12869.0,12869.0,12869.0,12869.0,12869.0,14799.0,14799.0,14799,14799,01/03/2021 00:00
Leipzig,14713,,,,,,,,,,,,,,,,,,,,,,,,27837.0,27837.0,27837.0,27837.0,27837.0,27837.0,35726.0,35726.0,35726.0,35726.0,35726.0,39034.0,39034.0,39034,39034,02/03/2021 00:00
Leipzig,14729,,,,,,,,,,,,,,,,,,,,,,,,9974.0,9974.0,9974.0,9974.0,9974.0,9974.0,13829.0,13829.0,13829.0,13829.0,13829.0,15579.0,15579.0,15579,15579,02/03/2021 00:00
Nordsachsen,14730,,,,,,,,,,,,,,,,,,,,,,,,7942.0,7942.0,7942.0,7942.0,7942.0,7942.0,11241.0,11241.0,11241.0,11241.0,11241.0,13777.0,13777.0,13777,13777,02/03/2021 00:00
Dessau-Roßlau,15001,,,,,2330.0,2330.0,2330.0,2330.0,2330.0,2330.0,2330.0,2330.0,2330.0,2330.0,2330.0,2330.0,2330.0,2330.0,2330.0,5811.0,5811.0,5811.0,5811.0,5944.0,5944.0,6418.0,6418.0,6418.0,6752.0,6752.0,6752.0,7643.0,7643.0,7643.0,7643.0,7643.0,7643,7643,01/03/2021 00:00
Halle (Saale),15002,5527.0,,,,7533.0,7533.0,8804.0,8804.0,9056.0,9266.0,9798.0,10157.0,10361.0,10361.0,10394.0,10394.0,10785.0,10785.0,10785.0,13786.0,15152.0,15152.0,15152.0,15450.0,15450.0,16833.0,17374.0,18743.0,24210.0,19363.0,19363.0,19363.0,19363.0,21183.0,22205.0,22205.0,22931,22931,02/03/2021 15:00
Magdeburg,15003,,,,,5102.0,5102.0,5102.0,5102.0,5102.0,5102.0,5102.0,5102.0,5102.0,5102.0,5102.0,5102.0,5102.0,5102.0,5102.0,11074.0,11074.0,11074.0,11074.0,11764.0,11764.0,13248.0,13248.0,13248.0,13922.0,13922.0,13922.0,15582.0,15582.0,15582.0,15582.0,15582.0,15582,15582,01/03/2021 00:00
Altmarkkreis Salzwedel,15081,,,,,2811.0,2811.0,3162.0,3162.0,3162.0,3162.0,3162.0,3162.0,3162.0,3162.0,3162.0,3162.0,3162.0,3162.0,3162.0,5182.0,5182.0,5182.0,5182.0,5647.0,5647.0,6023.0,6023.0,6023.0,6023.0,6023.0,6023.0,6447.0,6447.0,6447.0,6447.0,6447.0,6447,6447,01/03/2021 00:00
Anhalt-Bitterfeld,15082,1341.0,,,,4081.0,4081.0,5532.0,5532.0,5532.0,5532.0,5532.0,5532.0,5532.0,5532.0,5532.0,5532.0,5532.0,5532.0,5532.0,6529.0,6529.0,6529.0,6529.0,7267.0,7267.0,7714.0,7714.0,7714.0,8506.0,8506.0,8506.0,9084.0,9084.0,9084.0,9084.0,9084.0,9084,9084,01/03/2021 00:00
Börde,15083,,,,,3622.0,3622.0,3622.0,3622.0,3622.0,3622.0,3622.0,3622.0,3622.0,3622.0,3622.0,3622.0,3622.0,3622.0,3622.0,5929.0,5929.0,5929.0,5929.0,6383.0,6383.0,6914.0,6914.0,6914.0,7262.0,7262.0,7262.0,8021.0,8021.0,8021.0,8021.0,8021.0,8021,8021,01/03/2021 00:00
Burgenlandkreis,15084,,,,,4594.0,4594.0,4594.0,4594.0,4594.0,4594.0,4594.0,4594.0,4594.0,4594.0,4594.0,4594.0,4594.0,4594.0,4594.0,6731.0,6731.0,6731.0,6731.0,7024.0,7024.0,7278.0,7278.0,7278.0,7375.0,7375.0,7375.0,7717.0,7717.0,7717.0,7717.0,7717.0,7717,7717,02/03/2021 00:00
Harz,15085,5386.0,,,,5567.0,5567.0,5567.0,5567.0,7583.0,7583.0,7583.0,7583.0,7583.0,7583.0,8991.0,8991.0,8991.0,8991.0,8991.0,10602.0,10602.0,10602.0,10602.0,11277.0,11277.0,12312.0,12595.0,12595.0,12595.0,12595.0,12595.0,12595.0,12595.0,12595.0,12595.0,12595.0,15954,15954,02/03/2021 12:00
Jerichower Land,15086,,,,,2402.0,2402.0,2402.0,2402.0,2402.0,2402.0,2402.0,2402.0,2402.0,2402.0,2402.0,2402.0,2402.0,2402.0,2402.0,4356.0,4356.0,4356.0,4356.0,4600.0,4600.0,5547.0,5547.0,5547.0,5547.0,5547.0,5547.0,5547.0,5547.0,5547.0,5547.0,5547.0,5547,5547,01/03/2021 00:00
Mansfeld-Südharz,15087,2040.0,,,,3160.0,3160.0,3160.0,3160.0,3160.0,3160.0,4839.0,4839.0,4839.0,4839.0,4839.0,4839.0,4839.0,4839.0,4839.0,6182.0,6182.0,6182.0,6182.0,6756.0,6756.0,7083.0,7083.0,7083.0,7119.0,7119.0,7119.0,8083.0,8083.0,8083.0,8083.0,8083.0,8083,8083,01/03/2021 00:00
Saalekreis,15088,1916.0,,,,5911.0,5911.0,5911.0,5911.0,5911.0,5911.0,5911.0,5911.0,5911.0,5911.0,5911.0,5911.0,5911.0,5911.0,5911.0,8431.0,8431.0,8431.0,8431.0,8990.0,8990.0,9438.0,9438.0,9438.0,9698.0,9698.0,9698.0,10398.0,10398.0,10398.0,10398.0,10398.0,10398,10398,01/03/2021 00:00
Salzlandkreis,15089,,,,,4620.0,4620.0,4620.0,4620.0,4620.0,4620.0,4620.0,4620.0,4620.0,4620.0,4620.0,4620.0,4620.0,4620.0,4620.0,8250.0,8250.0,8250.0,8250.0,9146.0,9146.0,9980.0,9980.0,9980.0,10385.0,10385.0,10385.0,11709.0,11709.0,11709.0,11709.0,11709.0,11709,11709,02/03/2021 00:00
Stendal,15090,2064.0,,,,2990.0,2990.0,2990.0,3114.0,3114.0,3213.0,3213.0,3351.0,3351.0,3351.0,3351.0,3351.0,3351.0,3351.0,3351.0,5220.0,5220.0,5220.0,5220.0,5591.0,5591.0,5876.0,5876.0,5876.0,5990.0,5990.0,5990.0,6827.0,6827.0,6827.0,6827.0,6827.0,6827,6827,01/03/2021 00:00
Wittenberg,15091,,,,,2854.0,2854.0,2854.0,2854.0,2854.0,2854.0,2854.0,2854.0,2854.0,2854.0,2854.0,2854.0,2854.0,2854.0,2854.0,5501.0,5501.0,5501.0,5501.0,5722.0,5722.0,6313.0,6313.0,6313.0,6662.0,6662.0,6662.0,7539.0,7539.0,7539.0,7539.0,7539.0,7539,7539,01/03/2021 00:00
Erfurt,16051,,,,,,,,,,,,,,,,,,,,,,,,,,,,,,,,,,,,,,,02/03/2021 00:00
Gera,16052,,,,,,,,,,,,,,,,,,,,,,,,,,,,,,,,,,,,,,,02/03/2021 00:00
Jena,16053,,,,,,,,,,,,,,,,,,,,,,,,,,,,,,,,,,,,,,,02/03/2021 00:00
Suhl,16054,,,,,,,,,,,,,,,,,,,,,,,,,,,,,,,,,,,,,,,02/03/2021 00:00
Weimar,16055,,,,,,,,,,,,,,,,,,,,,,,,,,,,,,,,,,,,,,,02/03/2021 00:00
Eisenach,16056,,,,,,,,,,,,,,,,,,,,,,,,,,,,,,,,,,,,,,,02/03/2021 00:00
Eichsfeld,16061,,,,,,,,,,,,,,,,,,,,,,,,,,,,,,,,,,,,,,,02/03/2021 00:00
Nordhausen,16062,,,,,,,,,,,,,,,,,,,,,,,,,,,,,,,,,,,,,,,01/03/2021 00:00
Wartburgkreis,16063,,,,,,,,,,,,,,,,,,,,,,,,,,,,,,,,,,,,,,,02/03/2021 00:00
Unstrut-Hainich-Kreis,16064,,,,,,,,,,,,,,,,,,,,,,,,,,,,,,,,,,,,,,,02/03/2021 00:00
Kyffhäuserkreis,16065,,,,,,,,,,,,,,,,,,,,,,,,,,,,,,,,,,,,,,,02/03/2021 00:00
Schmalkalden-Meiningen,16066,,,,,,,,,,,,,,,,,,,,,,,,,,,,,,,,,,,,,,,01/03/2021 00:00
Gotha,16067,,,,,,,,,,,,,,,,,,,,,,,,,,,,,,,,,,,,,,,02/03/2021 00:00
Sömmerda,16068,,,,,,,,,,,,,,,,,,,,,,,,,,,,,,,,,,,,,,,02/03/2021 00:00
Hildburghausen,16069,,,,,,,,,,,,,,,,,,,,,,,,,,,,,,,,,,,,,,,02/03/2021 00:00
Ilm-Kreis,16070,,,,,,,,,,,,,,,,,,,,,,,,,,,,,,,,,,,,,,,01/03/2021 00:00
Weimarer Land,16071,,,,,,,,,,,,,,,,,,,,,,,,,,,,,,,,,,,,,,,01/03/2021 00:00
Sonneberg,16072,,,,,,,,,,,,,,,,,,,,,,,,,,,,,,,,,,,,,,,01/03/2021 00:00
Saalfeld-Rudolstadt,16073,,,,,,,,,,,,,,,,,,,,,,,,,,,,,,,,,,,,,,,01/03/2021 00:00
Saale-Holzland-Kreis,16074,,,,,,,,,,,,,,,,,,,,,,,,,,,,,,,,,,,,,,,02/03/2021 00:00
Saale-Orla-Kreis,16075,,,,,,,,,,,,,,,,,,,,,,,,,,,,,,,,,,,,,,,01/03/2021 00:00
Greiz,16076,,,,,,,,,,,,,,,,,,,,,,,,,,,,,,,,,,,,,,,01/03/2021 00:00
Altenburger Land,16077,,,,,,,,,,,,,,,,,,,,,,,,,,,,,,,,,,,,,,,01/03/2021 00:00
