"Datum";"Jahr";"Monat";"Tag";"Laborbestätigte Fälle (Meldedatum)";"Laborbestätigte Fälle (kumuliert)";"Laborbestätigte Fälle (übermittelt)";"Einweisung Krankenhaus";"Einweisung Krankenhaus (kumuliert)";"Sterbefälle";"Sterbefälle (kumuliert)";"Genesene (geschätzt)";"Genesene (geschätzt, kumuliert)"
"2020-03-07";"2020";"03 ";"07";2;2;2;0;0;0;0;0;0
"2020-03-08";"2020";"03 ";"08";0;2;2;0;0;0;0;0;0
"2020-03-09";"2020";"03 ";"09";1;3;2;0;0;0;0;0;0
"2020-03-10";"2020";"03 ";"10";2;5;5;0;0;0;0;0;0
"2020-03-11";"2020";"03 ";"11";4;9;5;0;0;0;0;0;0
"2020-03-12";"2020";"03 ";"12";6;15;5;0;0;0;0;0;0
"2020-03-13";"2020";"03 ";"13";7;22;11;0;0;0;0;0;0
"2020-03-14";"2020";"03 ";"14";11;33;17;0;0;0;0;0;0
"2020-03-15";"2020";"03 ";"15";4;37;17;0;0;0;0;0;0
"2020-03-16";"2020";"03 ";"16";5;42;24;0;0;0;0;0;0
"2020-03-17";"2020";"03 ";"17";17;59;34;1;1;0;0;0;0
"2020-03-18";"2020";"03 ";"18";16;75;49;2;3;0;0;0;0
"2020-03-19";"2020";"03 ";"19";28;103;59;1;4;0;0;0;0
"2020-03-20";"2020";"03 ";"20";21;124;96;1;5;0;0;0;0
"2020-03-21";"2020";"03 ";"21";35;159;114;0;5;0;0;2;2
"2020-03-22";"2020";"03 ";"22";0;159;138;1;6;0;0;0;2
"2020-03-23";"2020";"03 ";"23";17;176;153;3;9;1;1;0;2
"2020-03-24";"2020";"03 ";"24";41;217;166;4;13;1;2;1;3
"2020-03-25";"2020";"03 ";"25";13;230;215;3;16;0;2;4;7
"2020-03-26";"2020";"03 ";"26";34;264;238;3;19;0;2;6;13
"2020-03-27";"2020";"03 ";"27";36;300;286;7;26;0;2;7;20
"2020-03-28";"2020";"03 ";"28";24;324;313;1;27;1;3;11;31
"2020-03-29";"2020";"03 ";"29";9;333;319;2;29;0;3;4;35
"2020-03-30";"2020";"03 ";"30";18;351;338;6;35;1;4;4;39
"2020-03-31";"2020";"03 ";"31";19;370;357;1;36;0;4;16;55
"2020-04-01";"2020";"04";"01 ";21;391;377;2;38;0;4;13;68
"2020-04-02";"2020";"04";"02 ";10;401;397;1;39;0;4;27;95
"2020-04-03";"2020";"04";"03 ";26;427;406;7;46;0;4;20;115
"2020-04-04";"2020";"04";"04";20;447;444;2;48;1;5;34;149
"2020-04-05";"2020";"04";"05";4;451;447;1;49;0;5;-1;148
"2020-04-06";"2020";"04";"06";4;455;454;3;52;0;5;14;162
"2020-04-07";"2020";"04";"07";9;464;457;1;53;0;5;36;198
"2020-04-08";"2020";"04";"08";9;473;465;0;53;0;5;12;210
"2020-04-09";"2020";"04";"09";7;480;475;1;54;0;5;32;242
"2020-04-10";"2020";"04";"10";0;480;484;0;54;0;5;29;271
"2020-04-11";"2020";"04";"11";4;484;485;0;54;0;5;23;294
"2020-04-12";"2020";"04";"12";4;488;490;0;54;0;5;8;302
"2020-04-13";"2020";"04";"13";1;489;490;0;54;0;5;11;313
"2020-04-14";"2020";"04";"14";5;494;491;1;55;0;5;18;331
"2020-04-15";"2020";"04";"15";8;502;496;3;58;1;6;19;350
"2020-04-16";"2020";"04";"16";2;504;502;2;60;0;6;10;360
"2020-04-17";"2020";"04";"17";17;521;507;1;61;0;6;19;379
"2020-04-18";"2020";"04";"18";0;521;515;0;61;1;7;19;398
"2020-04-19";"2020";"04";"19";1;522;523;0;61;0;7;3;401
"2020-04-20";"2020";"04";"20";3;525;523;0;61;0;7;1;402
"2020-04-21";"2020";"04";"21";8;533;525;1;62;0;7;9;411
"2020-04-22";"2020";"04";"22";4;537;532;1;63;0;7;12;423
"2020-04-23";"2020";"04";"23";1;538;537;0;63;0;7;11;434
"2020-04-24";"2020";"04";"24";6;544;540;0;63;0;7;1;435
"2020-04-25";"2020";"04";"25";3;547;548;0;63;0;7;6;441
"2020-04-26";"2020";"04";"26";5;552;550;0;63;0;7;11;452
"2020-04-27";"2020";"04";"27";0;552;553;0;63;1;8;2;454
"2020-04-28";"2020";"04";"28";4;556;554;2;65;0;8;5;459
"2020-04-29";"2020";"04";"29";6;562;558;2;67;0;8;12;471
"2020-04-30";"2020";"04";"30";3;565;560;1;68;0;8;1;472
"2020-05-01";"2020";"05";"01 ";1;566;566;0;68;0;8;18;490
"2020-05-02";"2020";"05";"02 ";1;567;567;0;68;1;9;1;491
"2020-05-03";"2020";"05";"03 ";1;568;568;0;68;0;9;9;500
"2020-05-04";"2020";"05";"04";0;568;570;0;68;0;9;5;505
"2020-05-05";"2020";"05";"05";8;576;575;0;68;0;9;9;514
"2020-05-06";"2020";"05";"06";6;582;578;0;68;1;10;5;519
"2020-05-07";"2020";"05";"07";3;585;583;0;68;0;10;1;520
"2020-05-08";"2020";"05";"08";5;590;585;0;68;0;10;6;526
"2020-05-09";"2020";"05";"09";3;593;590;0;68;0;10;4;530
"2020-05-10";"2020";"05";"10";0;593;593;0;68;0;10;5;535
"2020-05-11";"2020";"05";"11";1;594;593;0;68;0;10;0;535
"2020-05-12";"2020";"05";"12";1;595;593;0;68;0;10;2;537
"2020-05-13";"2020";"05";"13";3;598;594;1;69;0;10;4;541
"2020-05-14";"2020";"05";"14";6;604;595;2;71;0;10;3;544
"2020-05-15";"2020";"05";"15";3;607;602;1;72;1;11;4;548
"2020-05-16";"2020";"05";"16";0;607;604;0;72;0;11;2;550
"2020-05-17";"2020";"05";"17";0;607;604;0;72;0;11;2;552
"2020-05-18";"2020";"05";"18";4;611;605;1;73;0;11;0;552
"2020-05-19";"2020";"05";"19";4;615;608;0;73;0;11;8;560
"2020-05-20";"2020";"05";"20";1;616;612;0;73;0;11;6;566
"2020-05-21";"2020";"05";"21";4;620;613;1;74;0;11;3;569
"2020-05-22";"2020";"05";"22";0;620;617;0;74;0;11;6;575
"2020-05-23";"2020";"05";"23";0;620;617;0;74;0;11;3;578
"2020-05-24";"2020";"05";"24";0;620;617;0;74;0;11;0;578
"2020-05-25";"2020";"05";"25";0;620;617;0;74;0;11;0;578
"2020-05-26";"2020";"05";"26";2;622;618;0;74;0;11;1;579
"2020-05-27";"2020";"05";"27";1;623;619;0;74;0;11;3;582
"2020-05-28";"2020";"05";"28";2;625;620;0;74;0;11;6;588
"2020-05-29";"2020";"05";"29";0;625;621;0;74;0;11;4;592
"2020-05-30";"2020";"05";"30";0;625;622;0;74;0;11;1;593
"2020-05-31";"2020";"05";"31";0;625;622;0;74;0;11;0;593
"2020-06-01";"2020";"06";"01 ";0;625;622;0;74;0;11;3;596
"2020-06-02";"2020";"06";"02 ";0;625;622;0;74;0;11;4;600
"2020-06-03";"2020";"06";"03 ";0;625;622;0;74;0;11;1;601
"2020-06-04";"2020";"06";"04";0;625;622;0;74;0;11;3;604
"2020-06-05";"2020";"06";"05";0;625;622;0;74;0;11;0;604
"2020-06-06";"2020";"06";"06";2;627;623;0;74;0;11;0;604
"2020-06-07";"2020";"06";"07";0;627;623;0;74;0;11;0;604
"2020-06-08";"2020";"06";"08";0;627;623;0;74;0;11;0;604
"2020-06-09";"2020";"06";"09";0;627;623;0;74;0;11;2;606
"2020-06-10";"2020";"06";"10";0;627;623;0;74;0;11;1;607
"2020-06-11";"2020";"06";"11";0;627;623;0;74;0;11;2;609
"2020-06-12";"2020";"06";"12";1;628;624;0;74;0;11;0;609
"2020-06-13";"2020";"06";"13";0;628;624;0;74;0;11;2;611
"2020-06-14";"2020";"06";"14";0;628;624;0;74;0;11;1;612
"2020-06-15";"2020";"06";"15";0;628;624;0;74;0;11;0;612
"2020-06-16";"2020";"06";"16";0;628;624;0;74;0;11;0;612
"2020-06-17";"2020";"06";"17";0;628;624;0;74;0;11;1;613
"2020-06-18";"2020";"06";"18";0;628;624;0;74;0;11;0;613
"2020-06-19";"2020";"06";"19";0;628;624;0;74;0;11;0;613
"2020-06-20";"2020";"06";"20";0;628;624;0;74;0;11;3;616
"2020-06-21";"2020";"06";"21";0;628;624;0;74;0;11;0;616
"2020-06-22";"2020";"06";"22";0;628;624;0;74;0;11;0;616
"2020-06-23";"2020";"06";"23";2;630;626;2;76;0;11;0;616
"2020-06-24";"2020";"06";"24";0;630;626;0;76;0;11;0;616
"2020-06-25";"2020";"06";"25";0;630;626;0;76;0;11;0;616
"2020-06-26";"2020";"06";"26";0;630;626;0;76;0;11;1;617
"2020-06-27";"2020";"06";"27";0;630;626;0;76;0;11;0;617
"2020-06-28";"2020";"06";"28";0;630;626;0;76;0;11;0;617
"2020-06-29";"2020";"06";"29";0;630;626;0;76;0;11;0;617
"2020-06-30";"2020";"06";"30";0;630;626;0;76;0;11;0;617
"2020-07-01";"2020";"07";"01 ";0;630;626;0;76;0;11;0;617
"2020-07-02";"2020";"07";"02 ";0;630;626;0;76;0;11;0;617
"2020-07-03";"2020";"07";"03 ";0;630;626;0;76;0;11;0;617
"2020-07-04";"2020";"07";"04";0;630;626;0;76;0;11;0;617
"2020-07-05";"2020";"07";"05";0;630;626;0;76;0;11;0;617
"2020-07-06";"2020";"07";"06";0;630;626;0;76;0;11;0;617
"2020-07-07";"2020";"07";"07";0;630;626;0;76;0;11;0;617
"2020-07-08";"2020";"07";"08";1;631;626;0;76;0;11;0;617
"2020-07-09";"2020";"07";"09";0;631;627;0;76;0;11;0;617
"2020-07-10";"2020";"07";"10";0;631;627;0;76;0;11;0;617
"2020-07-11";"2020";"07";"11";0;631;627;0;76;0;11;0;617
"2020-07-12";"2020";"07";"12";0;631;627;0;76;0;11;0;617
"2020-07-13";"2020";"07";"13";1;632;627;0;76;0;11;0;617
"2020-07-14";"2020";"07";"14";0;632;628;0;76;0;11;0;617
"2020-07-15";"2020";"07";"15";0;632;628;0;76;0;11;0;617
"2020-07-16";"2020";"07";"16";1;633;629;2;78;0;11;0;617
"2020-07-17";"2020";"07";"17";1;634;629;0;78;0;11;0;617
"2020-07-18";"2020";"07";"18";0;634;629;0;78;0;11;0;617
"2020-07-19";"2020";"07";"19";1;635;631;0;78;0;11;0;617
"2020-07-20";"2020";"07";"20";1;636;631;0;78;0;11;0;617
"2020-07-21";"2020";"07";"21";3;639;632;0;78;0;11;0;617
"2020-07-22";"2020";"07";"22";1;640;633;0;78;0;11;1;618
"2020-07-23";"2020";"07";"23";0;640;633;0;78;0;11;2;620
"2020-07-24";"2020";"07";"24";0;640;633;0;78;0;11;0;620
"2020-07-25";"2020";"07";"25";0;640;633;0;78;0;11;0;620
"2020-07-26";"2020";"07";"26";0;640;633;0;78;0;11;0;620
"2020-07-27";"2020";"07";"27";1;641;633;0;78;0;11;1;621
"2020-07-28";"2020";"07";"28";1;642;634;0;78;0;11;0;621
"2020-07-29";"2020";"07";"29";0;642;634;0;78;0;11;0;621
"2020-07-30";"2020";"07";"30";0;642;635;0;78;0;11;-1;620
"2020-07-31";"2020";"07";"31";1;643;635;0;78;0;11;1;621
"2020-08-01";"2020";"08";"01 ";0;643;635;0;78;0;11;0;621
"2020-08-02";"2020";"08";"02 ";0;643;636;0;78;0;11;1;622
"2020-08-03";"2020";"08";"03 ";0;643;636;0;78;0;11;1;623
"2020-08-04";"2020";"08";"04";2;645;637;0;78;0;11;3;626
"2020-08-05";"2020";"08";"05";0;645;638;0;78;0;11;1;627
"2020-08-06";"2020";"08";"06";1;646;639;0;78;0;11;0;627
"2020-08-07";"2020";"08";"07";1;647;641;0;78;0;11;0;627
"2020-08-08";"2020";"08";"08";0;647;641;0;78;0;11;0;627
"2020-08-09";"2020";"08";"09";0;647;641;0;78;0;11;0;627
"2020-08-10";"2020";"08";"10";0;647;641;0;78;0;11;1;628
"2020-08-11";"2020";"08";"11";4;651;643;0;78;0;11;1;629
"2020-08-12";"2020";"08";"12";7;658;648;0;78;0;11;0;629
"2020-08-13";"2020";"08";"13";0;658;649;0;78;0;11;0;629
"2020-08-14";"2020";"08";"14";1;659;649;0;78;0;11;1;630
"2020-08-15";"2020";"08";"15";0;659;653;0;78;0;11;2;632
"2020-08-16";"2020";"08";"16";1;660;653;0;78;0;11;0;632
"2020-08-17";"2020";"08";"17";1;661;654;0;78;0;11;0;632
"2020-08-18";"2020";"08";"18";0;661;655;0;78;0;11;2;634
"2020-08-19";"2020";"08";"19";3;664;656;0;78;0;11;0;634
"2020-08-20";"2020";"08";"20";4;668;661;0;78;0;11;1;635
"2020-08-21";"2020";"08";"21";3;671;662;0;78;0;11;1;636
"2020-08-22";"2020";"08";"22";3;674;666;0;78;0;11;0;636
"2020-08-23";"2020";"08";"23";3;677;668;0;78;0;11;0;636
"2020-08-24";"2020";"08";"24";2;679;668;0;78;0;11;0;636
"2020-08-25";"2020";"08";"25";3;682;671;0;78;0;11;4;640
"2020-08-26";"2020";"08";"26";6;688;678;0;78;0;11;7;647
"2020-08-27";"2020";"08";"27";7;695;682;0;78;0;11;0;647
"2020-08-28";"2020";"08";"28";0;695;684;0;78;0;11;1;648
"2020-08-29";"2020";"08";"29";1;696;686;0;78;0;11;0;648
"2020-08-30";"2020";"08";"30";2;698;688;0;78;0;11;1;649
"2020-08-31";"2020";"08";"31";6;704;690;0;78;0;11;1;650
"2020-09-01";"2020";"09";"01 ";3;707;695;0;78;0;11;0;650
"2020-09-02";"2020";"09";"02 ";5;712;700;0;78;0;11;3;653
"2020-09-03";"2020";"09";"03 ";5;717;706;0;78;0;11;4;657
"2020-09-04";"2020";"09";"04";7;724;712;1;79;0;11;3;660
"2020-09-05";"2020";"09";"05";4;728;718;0;79;0;11;3;663
"2020-09-06";"2020";"09";"06";2;730;718;1;80;0;11;3;666
"2020-09-07";"2020";"09";"07";5;735;719;0;80;0;11;2;668
"2020-09-08";"2020";"09";"08";7;742;728;0;80;0;11;3;671
"2020-09-09";"2020";"09";"09";4;746;732;0;80;0;11;6;677
"2020-09-10";"2020";"09";"10";6;752;739;1;81;0;11;7;684
"2020-09-11";"2020";"09";"11";6;758;743;0;81;0;11;0;684
"2020-09-12";"2020";"09";"12";3;761;752;0;81;0;11;1;685
"2020-09-13";"2020";"09";"13";2;763;752;0;81;0;11;2;687
"2020-09-14";"2020";"09";"14";9;772;754;0;81;0;11;6;693
"2020-09-15";"2020";"09";"15";5;777;759;0;81;0;11;3;696
"2020-09-16";"2020";"09";"16";2;779;764;1;82;0;11;5;701
"2020-09-17";"2020";"09";"17";4;783;767;0;82;0;11;5;706
"2020-09-18";"2020";"09";"18";9;792;771;0;82;0;11;6;712
"2020-09-19";"2020";"09";"19";1;793;773;0;82;0;11;4;716
"2020-09-20";"2020";"09";"20";0;793;773;0;82;0;11;2;718
"2020-09-21";"2020";"09";"21";16;809;775;1;83;0;11;5;723
"2020-09-22";"2020";"09";"22";4;813;779;1;84;0;11;7;730
"2020-09-23";"2020";"09";"23";10;823;785;0;84;0;11;4;734
"2020-09-24";"2020";"09";"24";12;835;792;2;86;0;11;5;739
"2020-09-25";"2020";"09";"25";9;844;808;1;87;0;11;7;746
"2020-09-26";"2020";"09";"26";1;845;816;2;89;0;11;3;749
"2020-09-27";"2020";"09";"27";1;846;817;0;89;0;11;2;751
"2020-09-28";"2020";"09";"28";14;860;831;2;91;0;11;10;761
"2020-09-29";"2020";"09";"29";8;868;844;1;92;2;13;3;764
"2020-09-30";"2020";"09";"30";10;878;853;0;92;0;13;-1;763
"2020-10-01";"2020";"10";"01 ";13;891;864;0;92;0;13;4;767
"2020-10-02";"2020";"10";"02 ";13;904;876;2;94;0;13;9;776
"2020-10-03";"2020";"10";"03 ";16;920;898;1;95;0;13;1;777
"2020-10-04";"2020";"10";"04";6;926;911;1;96;0;13;1;778
"2020-10-05";"2020";"10";"05";25;951;932;2;98;0;13;15;793
"2020-10-06";"2020";"10";"06";41;992;949;0;98;0;13;3;796
"2020-10-07";"2020";"10";"07";16;1008;968;1;99;0;13;10;806
"2020-10-08";"2020";"10";"08";22;1030;995;0;99;0;13;10;816
"2020-10-09";"2020";"10";"09";31;1061;1045;3;102;0;13;8;824
"2020-10-10";"2020";"10";"10";15;1076;1062;0;102;1;14;-1;823
"2020-10-11";"2020";"10";"11";9;1085;1085;0;102;0;14;1;824
"2020-10-12";"2020";"10";"12";17;1102;1089;4;106;0;14;12;836
"2020-10-13";"2020";"10";"13";41;1143;1106;3;109;1;15;6;842
"2020-10-14";"2020";"10";"14";31;1174;1133;0;109;1;16;9;851
"2020-10-15";"2020";"10";"15";65;1239;1191;4;113;0;16;13;864
"2020-10-16";"2020";"10";"16";46;1285;1230;1;114;0;16;13;877
"2020-10-17";"2020";"10";"17";40;1325;1270;0;114;0;16;15;892
"2020-10-18";"2020";"10";"18";18;1343;1288;0;114;0;16;4;896
"2020-10-19";"2020";"10";"19";45;1388;1323;2;116;1;17;23;919
"2020-10-20";"2020";"10";"20";89;1477;1406;7;123;1;18;39;958
"2020-10-21";"2020";"10";"21";73;1550;1474;2;125;0;18;16;974
"2020-10-22";"2020";"10";"22";88;1638;1558;2;127;0;18;22;996
"2020-10-23";"2020";"10";"23";42;1680;1596;7;134;1;19;28;1024
"2020-10-24";"2020";"10";"24";64;1744;1660;1;135;1;20;17;1041
"2020-10-25";"2020";"10";"25";41;1785;1702;0;135;0;20;10;1051
"2020-10-26";"2020";"10";"26";87;1872;1767;8;143;0;20;15;1066
"2020-10-27";"2020";"10";"27";100;1972;1841;7;150;1;21;36;1102
"2020-10-28";"2020";"10";"28";146;2118;1841;9;159;2;23;31;1133
"2020-10-29";"2020";"10";"29";147;2265;1919;9;168;0;23;62;1195
"2020-10-30";"2020";"10";"30";156;2421;2032;13;181;0;23;45;1240
"2020-10-31";"2020";"10";"31";71;2492;2062;0;181;1;24;39;1279
"2020-11-01";"2020";"11";"01 ";37;2529;2226;1;182;2;26;20;1299
"2020-11-02";"2020";"11";"02 ";185;2714;2316;6;188;2;28;42;1341
"2020-11-03";"2020";"11";"03 ";172;2886;2410;4;192;2;30;79;1420
"2020-11-04";"2020";"11";"04";207;3093;2509;6;198;3;33;71;1491
"2020-11-05";"2020";"11";"05";137;3230;2606;6;204;1;34;85;1576
"2020-11-06";"2020";"11";"06";151;3381;2892;11;215;1;35;35;1611
"2020-11-07";"2020";"11";"07";70;3451;3008;2;217;1;36;63;1674
"2020-11-08";"2020";"11";"08";27;3478;3071;1;218;1;37;43;1717
"2020-11-09";"2020";"11";"09";100;3578;3242;10;228;4;41;75;1792
"2020-11-10";"2020";"11";"10";123;3701;3361;10;238;2;43;92;1884
"2020-11-11";"2020";"11";"11";60;3761;3540;7;245;1;44;142;2026
"2020-11-12";"2020";"11";"12";197;3958;3615;11;256;2;46;140;2166
"2020-11-13";"2020";"11";"13";207;4165;3797;12;268;3;49;139;2305
"2020-11-14";"2020";"11";"14";87;4252;3854;2;270;3;52;72;2377
"2020-11-15";"2020";"11";"15";15;4267;3886;0;270;4;56;34;2411
"2020-11-16";"2020";"11";"16";223;4490;4014;15;285;2;58;177;2588
"2020-11-17";"2020";"11";"17";235;4725;4261;15;300;2;60;165;2753
"2020-11-18";"2020";"11";"18";105;4830;4381;4;304;4;64;200;2953
"2020-11-19";"2020";"11";"19";119;4949;4478;13;317;3;67;134;3087
"2020-11-20";"2020";"11";"20";191;5140;4707;13;330;2;69;140;3227
"2020-11-21";"2020";"11";"21";86;5226;4792;3;333;4;73;65;3292
"2020-11-22";"2020";"11";"22";30;5256;4842;2;335;1;74;32;3324
"2020-11-23";"2020";"11";"23";201;5457;5041;23;358;8;82;82;3406
"2020-11-24";"2020";"11";"24";263;5720;5227;12;370;3;85;113;3519
"2020-11-25";"2020";"11";"25";273;5993;5434;14;384;2;87;58;3577
"2020-11-26";"2020";"11";"26";279;6272;5650;13;397;4;91;186;3763
"2020-11-27";"2020";"11";"27";231;6503;5964;10;407;8;99;194;3957
"2020-11-28";"2020";"11";"28";139;6642;6091;4;411;6;105;86;4043
"2020-11-29";"2020";"11";"29";86;6728;6182;5;416;3;108;24;4067
"2020-11-30";"2020";"11";"30";201;6929;6448;39;455;2;110;205;4272
"2020-12-01";"2020";"12";"01 ";340;7269;6664;24;479;8;118;212;4484
"2020-12-02";"2020";"12";"02 ";294;7563;6952;31;510;6;124;102;4586
"2020-12-03";"2020";"12";"03 ";300;7863;7163;24;534;7;131;105;4691
"2020-12-04";"2020";"12";"04";226;8089;7392;25;559;11;142;175;4866
"2020-12-05";"2020";"12";"05";110;8199;7556;13;572;7;149;84;4950
"2020-12-06";"2020";"12";"06";161;8360;7838;10;582;3;152;35;4985
"2020-12-07";"2020";"12";"07";385;8745;8042;19;601;7;159;172;5157
"2020-12-08";"2020";"12";"08";332;9077;8283;37;638;8;167;254;5411
"2020-12-09";"2020";"12";"09";396;9473;8566;25;663;14;181;256;5667
"2020-12-10";"2020";"12";"10";462;9935;9011;32;695;12;193;262;5929
"2020-12-11";"2020";"12";"11";325;10260;9570;17;712;11;204;218;6147
"2020-12-12";"2020";"12";"12";338;10598;9771;14;726;10;214;138;6285
"2020-12-13";"2020";"12";"13";120;10718;9998;7;733;12;226;81;6366
"2020-12-14";"2020";"12";"14";428;11146;10439;27;760;10;236;163;6529
"2020-12-15";"2020";"12";"15";421;11567;10787;40;800;16;252;296;6825
"2020-12-16";"2020";"12";"16";360;11927;11113;35;835;12;264;269;7094
"2020-12-17";"2020";"12";"17";512;12439;11386;32;867;13;277;275;7369
"2020-12-18";"2020";"12";"18";446;12885;11940;26;893;21;298;182;7551
"2020-12-19";"2020";"12";"19";174;13059;12164;8;901;12;310;95;7646
"2020-12-20";"2020";"12";"20";109;13168;12303;5;906;12;322;151;7797
"2020-12-21";"2020";"12";"21";434;13602;12717;46;952;17;339;343;8140
"2020-12-22";"2020";"12";"22";477;14079;13178;29;981;15;354;279;8419
"2020-12-23";"2020";"12";"23";444;14523;13642;39;1020;12;366;385;8804
"2020-12-24";"2020";"12";"24";125;14648;13831;16;1036;12;378;435;9239
"2020-12-25";"2020";"12";"25";43;14691;13877;10;1046;11;389;307;9546
"2020-12-26";"2020";"12";"26";68;14759;13908;10;1056;10;399;326;9872
"2020-12-27";"2020";"12";"27";107;14866;14088;5;1061;23;422;100;9972
"2020-12-28";"2020";"12";"28";365;15231;14509;45;1106;14;436;391;10363
"2020-12-29";"2020";"12";"29";575;15806;15000;36;1142;13;449;366;10729
"2020-12-30";"2020";"12";"30";452;16258;15420;34;1176;21;470;337;11066
"2020-12-31";"2020";"12";"31";109;16367;15591;27;1203;15;485;490;11556
"2021-01-01";"2021";"01 ";"01 ";45;16412;15624;8;1211;14;499;445;12001
"2021-01-02";"2021";"01 ";"02 ";136;16548;15767;21;1232;15;514;165;12166
"2021-01-03";"2021";"01 ";"03 ";38;16586;16064;19;1251;19;533;103;12269
"2021-01-04";"2021";"01 ";"04";240;16826;16228;27;1278;13;546;393;12662
"2021-01-05";"2021";"01 ";"05";389;17215;16448;25;1303;16;562;442;13104
"2021-01-06";"2021";"01 ";"06";344;17559;16773;25;1328;11;573;420;13524
"2021-01-07";"2021";"01 ";"07";263;17822;17191;24;1352;13;586;138;13662
"2021-01-08";"2021";"01 ";"08";215;18037;17655;21;1373;9;595;44;13706
"2021-01-09";"2021";"01 ";"09";82;18119;17793;4;1377;7;602;81;13787
"2021-01-10";"2021";"01 ";"10";10;18129;17929;11;1388;16;618;105;13892
"2021-01-11";"2021";"01 ";"11";182;18311;17983;40;1428;18;636;317;14209
"2021-01-12";"2021";"01 ";"12";269;18580;18205;24;1452;10;646;537;14746
"2021-01-13";"2021";"01 ";"13";238;18818;18466;17;1469;7;653;436;15182
"2021-01-14";"2021";"01 ";"14";145;18963;18654;12;1481;8;661;118;15300
"2021-01-15";"2021";"01 ";"15";145;19108;18855;26;1507;17;678;57;15357
"2021-01-16";"2021";"01 ";"16";92;19200;19010;2;1509;9;687;137;15494
"2021-01-17";"2021";"01 ";"17";15;19215;19097;3;1512;3;690;42;15536
"2021-01-18";"2021";"01 ";"18";152;19367;19132;30;1542;13;703;211;15747
"2021-01-19";"2021";"01 ";"19";127;19494;19316;14;1556;6;709;364;16111
"2021-01-20";"2021";"01 ";"20";144;19638;19486;26;1582;4;713;359;16470
"2021-01-21";"2021";"01 ";"21";138;19776;19621;28;1610;13;726;258;16728
"2021-01-22";"2021";"01 ";"22";114;19890;19655;18;1628;7;733;231;16959
"2021-01-23";"2021";"01 ";"23";65;19955;19873;4;1632;12;745;85;17044
"2021-01-24";"2021";"01 ";"24";13;19968;19900;5;1637;14;759;-3;17041
"2021-01-25";"2021";"01 ";"25";117;20085;19939;34;1671;7;766;143;17184
"2021-01-26";"2021";"01 ";"26";155;20240;20104;17;1688;8;774;247;17431
"2021-01-27";"2021";"01 ";"27";149;20389;20270;18;1706;8;782;255;17686
"2021-01-28";"2021";"01 ";"28";80;20469;20368;19;1725;10;792;158;17844
"2021-01-29";"2021";"01 ";"29";70;20539;20456;19;1744;13;805;141;17985
"2021-01-30";"2021";"01 ";"30";41;20580;20530;14;1758;13;818;104;18089
"2021-01-31";"2021";"01 ";"31";15;20595;20569;1;1759;10;828;11;18100
"2021-02-01";"2021";"02 ";"01 ";75;20670;20595;14;1773;12;840;127;18227
"2021-02-02";"2021";"02 ";"02 ";104;20774;20720;9;1782;3;843;128;18355
"2021-02-03";"2021";"02 ";"03 ";87;20861;20798;13;1795;7;850;138;18493
"2021-02-04";"2021";"02 ";"04";76;20937;20890;8;1803;4;854;132;18625
"2021-02-05";"2021";"02 ";"05";77;21014;20970;17;1820;7;861;113;18738
"2021-02-06";"2021";"02 ";"06";24;21038;21032;2;1822;4;865;83;18821
"2021-02-07";"2021";"02 ";"07";11;21049;21056;6;1828;7;872;20;18841
"2021-02-08";"2021";"02 ";"08";49;21098;21065;13;1841;3;875;85;18926
"2021-02-09";"2021";"02 ";"09";85;21183;21132;9;1850;3;878;146;19072
"2021-02-10";"2021";"02 ";"10";48;21231;21200;10;1860;2;880;169;19241
"2021-02-11";"2021";"02 ";"11";43;21274;21226;7;1867;5;885;76;19317
"2021-02-12";"2021";"02 ";"12";70;21344;21287;6;1873;7;892;61;19378
"2021-02-13";"2021";"02 ";"13";20;21364;21308;4;1877;3;895;36;19414
"2021-02-14";"2021";"02 ";"14";4;21368;21344;3;1880;6;901;34;19448
"2021-02-15";"2021";"02 ";"15";74;21442;21347;12;1892;2;903;61;19509
"2021-02-16";"2021";"02 ";"16";77;21519;21427;9;1901;5;908;92;19601
"2021-02-17";"2021";"02 ";"17";49;21568;21504;5;1906;2;910;107;19708
"2021-02-18";"2021";"02 ";"18";48;21616;21554;6;1912;4;914;77;19785
"2021-02-19";"2021";"02 ";"19";69;21685;21628;8;1920;2;916;84;19869
"2021-02-20";"2021";"02 ";"20";21;21706;21681;1;1921;1;917;45;19914
"2021-02-21";"2021";"02 ";"21";16;21722;21710;8;1929;1;918;24;19938
"2021-02-22";"2021";"02 ";"22";62;21784;21725;9;1938;8;926;34;19972
"2021-02-23";"2021";"02 ";"23";67;21851;21782;8;1946;5;931;74;20046
"2021-02-24";"2021";"02 ";"24";76;21927;21861;8;1954;2;933;68;20114
"2021-02-25";"2021";"02 ";"25";68;21995;21941;3;1957;1;934;52;20166
"2021-02-26";"2021";"02 ";"26";54;22049;22007;4;1961;3;937;86;20252
"2021-02-27";"2021";"02 ";"27";26;22075;22060;2;1963;0;937;35;20287
"2021-02-28";"2021";"02 ";"28";14;22089;22083;4;1967;4;941;15;20302
"2021-03-01";"2021";"03 ";"01 ";71;22160;22101;9;1976;2;943;72;20374
"2021-03-02";"2021";"03 ";"02 ";119;22279;22198;12;1988;3;946;68;20442
"2021-03-03";"2021";"03 ";"03 ";64;22343;22303;7;1995;2;948;56;20498
"2021-03-04";"2021";"03 ";"04";59;22402;22376;4;1999;1;949;51;20549
"2021-03-05";"2021";"03 ";"05";65;22467;22428;5;2004;1;950;72;20621
"2021-03-06";"2021";"03 ";"06";25;22492;22493;4;2008;1;951;27;20648
"2021-03-07";"2021";"03 ";"07";13;22505;22509;2;2010;0;951;26;20674
"2021-03-08";"2021";"03 ";"08";102;22607;22516;17;2027;0;951;55;20729
"2021-03-09";"2021";"03 ";"09";99;22706;22626;8;2035;4;955;64;20793
"2021-03-10";"2021";"03 ";"10";80;22786;22715;13;2048;2;957;75;20868
"2021-03-11";"2021";"03 ";"11";90;22876;22774;9;2057;1;958;73;20941
"2021-03-12";"2021";"03 ";"12";87;22963;22850;7;2064;4;962;54;20995
"2021-03-13";"2021";"03 ";"13";58;23021;22947;5;2069;4;966;27;21022
"2021-03-14";"2021";"03 ";"14";16;23037;22984;2;2071;1;967;11;21033
"2021-03-15";"2021";"03 ";"15";102;23139;22990;8;2079;7;974;60;21093
"2021-03-16";"2021";"03 ";"16";120;23259;23095;5;2084;2;976;107;21200
"2021-03-17";"2021";"03 ";"17";112;23371;23221;3;2087;3;979;63;21263
"2021-03-18";"2021";"03 ";"18";105;23476;23354;10;2097;1;980;60;21323
"2021-03-19";"2021";"03 ";"19";114;23590;23450;12;2109;3;983;62;21385
"2021-03-20";"2021";"03 ";"20";62;23652;23536;4;2113;1;984;24;21409
"2021-03-21";"2021";"03 ";"21";23;23675;23611;0;2113;3;987;17;21426
"2021-03-22";"2021";"03 ";"22";131;23806;23627;16;2129;2;989;85;21511
"2021-03-23";"2021";"03 ";"23";171;23977;23772;6;2135;2;991;94;21605
"2021-03-24";"2021";"03 ";"24";109;24086;23946;11;2146;1;992;79;21684
"2021-03-25";"2021";"03 ";"25";189;24275;24079;5;2151;1;993;85;21769
"2021-03-26";"2021";"03 ";"26";143;24418;24254;7;2158;0;993;89;21858
"2021-03-27";"2021";"03 ";"27";67;24485;24346;2;2160;1;994;55;21913
"2021-03-28";"2021";"03 ";"28";15;24500;24438;0;2160;0;994;18;21931
"2021-03-29";"2021";"03 ";"29";126;24626;24465;21;2181;1;995;93;22024
"2021-03-30";"2021";"03 ";"30";221;24847;24641;14;2195;3;998;115;22139
"2021-03-31";"2021";"03 ";"31";104;24951;24844;6;2201;3;1001;115;22254
"2021-04-01";"2021";"04";"01 ";141;25092;24988;12;2213;1;1002;106;22360
"2021-04-02";"2021";"04";"02 ";49;25141;25113;5;2218;5;1007;102;22462
"2021-04-03";"2021";"04";"03 ";55;25196;25146;4;2222;1;1008;61;22523
"2021-04-04";"2021";"04";"04";15;25211;25200;2;2224;2;1010;25;22548
"2021-04-05";"2021";"04";"05";62;25273;25206;19;2243;6;1016;115;22663
"2021-04-06";"2021";"04";"06";153;25426;25286;13;2256;2;1018;164;22827
"2021-04-07";"2021";"04";"07";241;25667;25518;12;2268;4;1022;107;22934
"2021-04-08";"2021";"04";"08";145;25812;25710;9;2277;4;1026;187;23121
"2021-04-09";"2021";"04";"09";182;25994;25872;12;2289;3;1029;145;23266
"2021-04-10";"2021";"04";"10";37;26031;26001;2;2291;1;1030;72;23338
"2021-04-11";"2021";"04";"11";20;26051;26044;1;2292;2;1032;20;23358
"2021-04-12";"2021";"04";"12";178;26229;26054;9;2301;0;1032;110;23468
"2021-04-13";"2021";"04";"13";201;26430;26288;14;2315;1;1033;207;23675
"2021-04-14";"2021";"04";"14";180;26610;26508;11;2326;2;1035;104;23779
"2021-04-15";"2021";"04";"15";137;26747;26645;9;2335;4;1039;130;23909
"2021-04-16";"2021";"04";"16";81;26828;26761;8;2343;0;1039;46;23955
"2021-04-17";"2021";"04";"17";80;26908;26818;3;2346;1;1040;60;24015
"2021-04-18";"2021";"04";"18";21;26929;26935;2;2348;0;1040;27;24042
"2021-04-19";"2021";"04";"19";138;27067;26943;19;2367;1;1041;44;24086
"2021-04-20";"2021";"04";"20";229;27296;27118;17;2384;2;1043;141;24227
"2021-04-21";"2021";"04";"21";174;27470;27364;4;2388;5;1048;236;24463
"2021-04-22";"2021";"04";"22";149;27619;27501;9;2397;1;1049;144;24607
"2021-04-23";"2021";"04";"23";149;27768;27646;10;2407;0;1049;186;24793
"2021-04-24";"2021";"04";"24";58;27826;27760;2;2409;1;1050;40;24833
"2021-04-25";"2021";"04";"25";24;27850;27839;1;2410;1;1051;25;24858
"2021-04-26";"2021";"04";"26";184;28034;27864;22;2432;1;1052;168;25026
"2021-04-27";"2021";"04";"27";184;28218;28104;8;2440;2;1054;186;25212
"2021-04-28";"2021";"04";"28";151;28369;28282;8;2448;0;1054;190;25402
"2021-04-29";"2021";"04";"29";103;28472;28412;8;2456;3;1057;137;25539
"2021-04-30";"2021";"04";"30";103;28575;28515;11;2467;1;1058;79;25618
"2021-05-01";"2021";"05";"01 ";72;28647;28625;3;2470;1;1059;88;25706
"2021-05-02";"2021";"05";"02 ";14;28661;28657;2;2472;2;1061;23;25729
"2021-05-03";"2021";"05";"03 ";143;28804;28685;17;2489;2;1063;121;25850
"2021-05-04";"2021";"05";"04";173;28977;28819;7;2496;1;1064;216;26066
"2021-05-05";"2021";"05";"05";114;29091;28989;6;2502;3;1067;187;26253
"2021-05-06";"2021";"05";"06";111;29202;29112;6;2508;2;1069;152;26405
"2021-05-07";"2021";"05";"07";94;29296;29224;6;2514;1;1070;151;26556
"2021-05-08";"2021";"05";"08";56;29352;29284;2;2516;2;1072;61;26617
"2021-05-09";"2021";"05";"09";8;29360;29360;3;2519;1;1073;34;26651
"2021-05-10";"2021";"05";"10";111;29471;29379;17;2536;2;1075;163;26814
"2021-05-11";"2021";"05";"11";95;29566;29495;7;2543;1;1076;176;26990
"2021-05-12";"2021";"05";"12";94;29660;29620;5;2548;1;1077;151;27141
"2021-05-13";"2021";"05";"13";55;29715;29676;0;2548;3;1080;106;27247
"2021-05-14";"2021";"05";"14";49;29764;29718;10;2558;3;1083;107;27354
"2021-05-15";"2021";"05";"15";63;29827;29802;0;2558;0;1083;81;27435
"2021-05-16";"2021";"05";"16";5;29832;29823;3;2561;0;1083;20;27455
"2021-05-17";"2021";"05";"17";77;29909;29829;15;2576;1;1084;127;27582
"2021-05-18";"2021";"05";"18";115;30024;29963;5;2581;0;1084;169;27751
"2021-05-19";"2021";"05";"19";80;30104;30077;2;2583;0;1084;125;27876
"2021-05-20";"2021";"05";"20";50;30154;30138;4;2587;0;1084;118;27994
"2021-05-21";"2021";"05";"21";39;30193;30172;8;2595;4;1088;86;28080
"2021-05-22";"2021";"05";"22";23;30216;30209;1;2596;0;1088;63;28143
"2021-05-23";"2021";"05";"23";16;30232;30217;1;2597;2;1090;12;28155
"2021-05-24";"2021";"05";"24";17;30249;30223;2;2599;1;1091;93;28248
"2021-05-25";"2021";"05";"25";44;30293;30257;7;2606;0;1091;89;28337
"2021-05-26";"2021";"05";"26";32;30325;30307;3;2609;2;1093;108;28445
"2021-05-27";"2021";"05";"27";34;30359;30346;4;2613;0;1093;63;28508
"2021-05-28";"2021";"05";"28";25;30384;30367;1;2614;0;1093;48;28556
"2021-05-29";"2021";"05";"29";24;30408;30404;0;2614;0;1093;71;28627
"2021-05-30";"2021";"05";"30";3;30411;30410;0;2614;0;1093;12;28639
"2021-05-31";"2021";"05";"31";27;30438;30412;2;2616;1;1094;62;28701
"2021-06-01";"2021";"06";"01 ";32;30470;30455;1;2617;2;1096;108;28809
"2021-06-02";"2021";"06";"02 ";12;30482;30475;4;2621;0;1096;95;28904
"2021-06-03";"2021";"06";"03 ";15;30497;30491;1;2622;4;1100;48;28952
"2021-06-04";"2021";"06";"04";7;30504;30497;1;2623;1;1101;38;28990
"2021-06-05";"2021";"06";"05";13;30517;30510;0;2623;1;1102;27;29017
"2021-06-06";"2021";"06";"06";0;30517;30516;0;2623;0;1102;22;29039
"2021-06-07";"2021";"06";"07";9;30526;30520;2;2625;2;1104;15;29054
"2021-06-08";"2021";"06";"08";9;30535;30536;1;2626;0;1104;39;29093
"2021-06-09";"2021";"06";"09";5;30540;30542;2;2628;0;1104;49;29142
"2021-06-10";"2021";"06";"10";18;30558;30554;0;2628;1;1105;38;29180
"2021-06-11";"2021";"06";"11";4;30562;30563;1;2629;0;1105;29;29209
"2021-06-12";"2021";"06";"12";3;30565;30571;0;2629;1;1106;23;29232
"2021-06-13";"2021";"06";"13";1;30566;30571;0;2629;0;1106;12;29244
"2021-06-14";"2021";"06";"14";5;30571;30573;0;2629;0;1106;24;29268
"2021-06-15";"2021";"06";"15";7;30578;30582;0;2629;1;1107;33;29301
"2021-06-16";"2021";"06";"16";7;30585;30585;0;2629;0;1107;24;29325
"2021-06-17";"2021";"06";"17";11;30596;30585;3;2632;0;1107;20;29345
"2021-06-18";"2021";"06";"18";4;30600;30596;0;2632;1;1108;8;29353
"2021-06-19";"2021";"06";"19";3;30603;30605;0;2632;0;1108;17;29370
"2021-06-20";"2021";"06";"20";1;30604;30606;0;2632;0;1108;8;29378
"2021-06-21";"2021";"06";"21";5;30609;30608;3;2635;1;1109;6;29384
"2021-06-22";"2021";"06";"22";12;30621;30622;0;2635;0;1109;10;29394
"2021-06-23";"2021";"06";"23";5;30626;30626;0;2635;0;1109;4;29398
"2021-06-24";"2021";"06";"24";8;30634;30632;0;2635;0;1109;24;29422
"2021-06-25";"2021";"06";"25";10;30644;30646;0;2635;0;1109;7;29429
"2021-06-26";"2021";"06";"26";4;30648;30654;0;2635;0;1109;7;29436
"2021-06-27";"2021";"06";"27";1;30649;30654;0;2635;0;1109;2;29438
"2021-06-28";"2021";"06";"28";10;30659;30655;0;2635;0;1109;5;29443
"2021-06-29";"2021";"06";"29";8;30667;30667;0;2635;0;1109;7;29450
"2021-06-30";"2021";"06";"30";2;30669;30671;0;2635;0;1109;9;29459
"2021-07-01";"2021";"07";"01 ";5;30674;30676;0;2635;0;1109;9;29468
"2021-07-02";"2021";"07";"02 ";1;30675;30676;1;2636;0;1109;8;29476
"2021-07-03";"2021";"07";"03 ";1;30676;30678;0;2636;0;1109;4;29480
"2021-07-04";"2021";"07";"04";1;30677;30678;0;2636;0;1109;2;29482
"2021-07-05";"2021";"07";"05";2;30679;30679;1;2637;1;1110;2;29484
"2021-07-06";"2021";"07";"06";8;30687;30684;1;2638;0;1110;10;29494
"2021-07-07";"2021";"07";"07";6;30693;30692;0;2638;0;1110;7;29501
"2021-07-08";"2021";"07";"08";3;30696;30698;0;2638;0;1110;9;29510
"2021-07-09";"2021";"07";"09";2;30698;30699;0;2638;0;1110;13;29523
"2021-07-10";"2021";"07";"10";12;30710;30710;0;2638;0;1110;4;29527
"2021-07-11";"2021";"07";"11";0;30710;30711;0;2638;0;1110;1;29528
"2021-07-12";"2021";"07";"12";6;30716;30713;0;2638;0;1110;10;29538
"2021-07-13";"2021";"07";"13";20;30736;30727;1;2639;0;1110;8;29546
"2021-07-14";"2021";"07";"14";3;30739;30739;0;2639;0;1110;2;29548
"2021-07-15";"2021";"07";"15";7;30746;30744;2;2641;1;1111;4;29552
"2021-07-16";"2021";"07";"16";16;30762;30756;1;2642;0;1111;0;29552
"2021-07-17";"2021";"07";"17";9;30771;30764;0;2642;1;1112;3;29555
"2021-07-18";"2021";"07";"18";2;30773;30773;0;2642;0;1112;1;29556
"2021-07-19";"2021";"07";"19";5;30778;30779;2;2644;0;1112;1;29557
"2021-07-20";"2021";"07";"20";10;30788;30782;0;2644;0;1112;8;29565
"2021-07-21";"2021";"07";"21";10;30798;30794;1;2645;0;1112;8;29573
"2021-07-22";"2021";"07";"22";11;30809;30802;0;2645;1;1113;2;29575
"2021-07-23";"2021";"07";"23";22;30831;30819;2;2647;0;1113;2;29577
"2021-07-24";"2021";"07";"24";5;30836;30837;0;2647;0;1113;11;29588
"2021-07-25";"2021";"07";"25";2;30838;30841;0;2647;0;1113;0;29588
"2021-07-26";"2021";"07";"26";4;30842;30841;2;2649;0;1113;6;29594
"2021-07-27";"2021";"07";"27";20;30862;30855;1;2650;0;1113;19;29613
"2021-07-28";"2021";"07";"28";14;30876;30869;2;2652;0;1113;3;29616
"2021-07-29";"2021";"07";"29";8;30884;30878;0;2652;0;1113;5;29621
"2021-07-30";"2021";"07";"30";8;30892;30886;1;2653;1;1114;15;29636
"2021-07-31";"2021";"07";"31";6;30898;30896;0;2653;0;1114;9;29645
"2021-08-01";"2021";"08";"01 ";0;30898;30896;0;2653;0;1114;3;29648
"2021-08-02";"2021";"08";"02 ";10;30908;30896;1;2654;0;1114;3;29651
"2021-08-03";"2021";"08";"03 ";15;30923;30915;0;2654;0;1114;10;29661
"2021-08-04";"2021";"08";"04";5;30928;30923;0;2654;0;1114;10;29671
"2021-08-05";"2021";"08";"05";17;30945;30933;0;2654;0;1114;11;29682
"2021-08-06";"2021";"08";"06";9;30954;30953;2;2656;0;1114;20;29702
"2021-08-07";"2021";"08";"07";11;30965;30963;1;2657;0;1114;6;29708
"2021-08-08";"2021";"08";"08";1;30966;30966;0;2657;0;1114;2;29710
"2021-08-09";"2021";"08";"09";14;30980;30967;1;2658;0;1114;1;29711
"2021-08-10";"2021";"08";"10";19;30999;30986;0;2658;0;1114;19;29730
"2021-08-11";"2021";"08";"11";19;31018;30998;0;2658;0;1114;12;29742
"2021-08-12";"2021";"08";"12";32;31050;31022;0;2658;0;1114;9;29751
"2021-08-13";"2021";"08";"13";13;31063;31048;2;2660;0;1114;7;29758
"2021-08-14";"2021";"08";"14";27;31090;31067;0;2660;0;1114;8;29766
"2021-08-15";"2021";"08";"15";1;31091;31067;1;2661;0;1114;0;29766
"2021-08-16";"2021";"08";"16";20;31111;31081;2;2663;0;1114;9;29775
"2021-08-17";"2021";"08";"17";32;31143;31118;2;2665;0;1114;14;29789
"2021-08-18";"2021";"08";"18";33;31176;31150;1;2666;0;1114;7;29796
"2021-08-19";"2021";"08";"19";31;31207;31170;1;2667;0;1114;17;29813
"2021-08-20";"2021";"08";"20";25;31232;31203;3;2670;1;1115;7;29820
"2021-08-21";"2021";"08";"21";16;31248;31212;0;2670;0;1115;10;29830
"2021-08-22";"2021";"08";"22";12;31260;31214;0;2670;0;1115;3;29833
"2021-08-23";"2021";"08";"23";20;31280;31235;0;2670;0;1115;13;29846
"2021-08-24";"2021";"08";"24";60;31340;31297;1;2671;0;1115;19;29865
"2021-08-25";"2021";"08";"25";50;31390;31348;2;2673;0;1115;21;29886
"2021-08-26";"2021";"08";"26";35;31425;31376;2;2675;1;1116;32;29918
"2021-08-27";"2021";"08";"27";27;31452;31412;1;2676;0;1116;13;29931
"2021-08-28";"2021";"08";"28";6;31458;31443;0;2676;0;1116;27;29958
"2021-08-29";"2021";"08";"29";8;31466;31449;0;2676;0;1116;1;29959
"2021-08-30";"2021";"08";"30";45;31511;31454;4;2680;0;1116;16;29975
"2021-08-31";"2021";"08";"31";37;31548;31501;1;2681;0;1116;31;30006
"2021-09-01";"2021";"09";"01 ";40;31588;31532;3;2684;1;1117;32;30038
"2021-09-02";"2021";"09";"02 ";71;31659;31606;1;2685;0;1117;29;30067
"2021-09-03";"2021";"09";"03 ";24;31683;31630;3;2688;0;1117;23;30090
"2021-09-04";"2021";"09";"04";39;31722;31697;0;2688;1;1118;16;30106
"2021-09-05";"2021";"09";"05";13;31735;31697;0;2688;0;1118;14;30120
"2021-09-06";"2021";"09";"06";56;31791;31713;1;2689;0;1118;20;30140
"2021-09-07";"2021";"09";"07";84;31875;31785;3;2692;0;1118;58;30198
"2021-09-08";"2021";"09";"08";61;31936;31857;2;2694;1;1119;48;30246
"2021-09-09";"2021";"09";"09";42;31978;31910;0;2694;0;1119;33;30279
"2021-09-10";"2021";"09";"10";43;32021;31968;1;2695;0;1119;26;30305
"2021-09-11";"2021";"09";"11";53;32074;32048;1;2696;0;1119;5;30310
"2021-09-12";"2021";"09";"12";12;32086;32054;1;2697;0;1119;10;30320
"2021-09-13";"2021";"09";"13";60;32146;32062;5;2702;0;1119;43;30363
"2021-09-14";"2021";"09";"14";52;32198;32152;0;2702;0;1119;37;30400
"2021-09-15";"2021";"09";"15";44;32242;32183;2;2704;0;1119;40;30440
"2021-09-16";"2021";"09";"16";54;32296;32260;2;2706;0;1119;71;30511
"2021-09-17";"2021";"09";"17";51;32347;32306;3;2709;0;1119;22;30533
"2021-09-18";"2021";"09";"18";30;32377;32346;0;2709;1;1120;40;30573
"2021-09-19";"2021";"09";"19";16;32393;32373;1;2710;0;1120;15;30588
"2021-09-20";"2021";"09";"20";31;32424;32381;7;2717;0;1120;55;30643
"2021-09-21";"2021";"09";"21";63;32487;32446;1;2718;0;1120;82;30725
"2021-09-22";"2021";"09";"22";63;32550;32502;4;2722;0;1120;60;30785
"2021-09-23";"2021";"09";"23";62;32612;32552;2;2724;0;1120;44;30829
"2021-09-24";"2021";"09";"24";51;32663;32607;2;2726;0;1120;42;30871
"2021-09-25";"2021";"09";"25";32;32695;32644;1;2727;0;1120;52;30923
"2021-09-26";"2021";"09";"26";9;32704;32664;0;2727;0;1120;13;30936
"2021-09-27";"2021";"09";"27";55;32759;32675;2;2729;0;1120;55;30991
"2021-09-28";"2021";"09";"28";84;32843;32725;2;2731;1;1121;50;31041
"2021-09-29";"2021";"09";"29";81;32924;32859;1;2732;0;1121;45;31086
"2021-09-30";"2021";"09";"30";78;33002;32916;3;2735;1;1122;51;31137
"2021-10-01";"2021";"10";"01 ";77;33079;32996;3;2738;0;1122;50;31187
"2021-10-02";"2021";"10";"02 ";47;33126;33069;1;2739;0;1122;31;31218
"2021-10-03";"2021";"10";"03 ";6;33132;33094;0;2739;1;1123;17;31235
"2021-10-04";"2021";"10";"04";59;33191;33098;1;2740;0;1123;24;31259
"2021-10-05";"2021";"10";"05";131;33322;33203;4;2744;0;1123;62;31321
"2021-10-06";"2021";"10";"06";89;33411;33309;6;2750;0;1123;60;31381
"2021-10-07";"2021";"10";"07";84;33495;33400;3;2753;1;1124;61;31442
"2021-10-08";"2021";"10";"08";79;33574;33503;3;2756;0;1124;51;31493
"2021-10-09";"2021";"10";"09";40;33614;33564;2;2758;0;1124;31;31524
"2021-10-10";"2021";"10";"10";13;33627;33593;0;2758;1;1125;9;31533
"2021-10-11";"2021";"10";"11";81;33708;33604;9;2767;2;1127;52;31585
"2021-10-12";"2021";"10";"12";144;33852;33706;1;2768;0;1127;83;31668
"2021-10-13";"2021";"10";"13";121;33973;33816;4;2772;1;1128;82;31750
"2021-10-14";"2021";"10";"14";106;34079;33940;2;2774;0;1128;74;31824
"2021-10-15";"2021";"10";"15";164;34243;34089;5;2779;0;1128;75;31899
"2021-10-16";"2021";"10";"16";20;34263;34205;2;2781;1;1129;48;31947
"2021-10-17";"2021";"10";"17";50;34313;34225;0;2781;3;1132;7;31954
"2021-10-18";"2021";"10";"18";116;34429;34299;14;2795;0;1132;54;32008
"2021-10-19";"2021";"10";"19";296;34725;34420;4;2799;2;1134;124;32132
"2021-10-20";"2021";"10";"20";281;35006;34773;6;2805;0;1134;88;32220
"2021-10-21";"2021";"10";"21";229;35235;34979;4;2809;4;1138;77;32297
"2021-10-22";"2021";"10";"22";331;35566;35183;7;2816;2;1140;75;32372
"2021-10-23";"2021";"10";"23";52;35618;35523;2;2818;4;1144;39;32411
"2021-10-24";"2021";"10";"24";93;35711;35550;3;2821;1;1145;14;32425
"2021-10-25";"2021";"10";"25";215;35926;35665;19;2840;2;1147;69;32494
"2021-10-26";"2021";"10";"26";470;36396;35953;18;2858;4;1151;140;32634
"2021-10-27";"2021";"10";"27";358;36754;36382;16;2874;1;1152;117;32751
"2021-10-28";"2021";"10";"28";313;37067;36699;13;2887;4;1156;99;32850
"2021-10-29";"2021";"10";"29";225;37292;37081;14;2901;1;1157;158;33008
"2021-10-30";"2021";"10";"30";290;37582;37422;5;2906;4;1161;14;33022
"2021-10-31";"2021";"10";"31";96;37678;37452;5;2911;2;1163;52;33074
"2021-11-01";"2021";"11";"01 ";497;38175;37604;32;2943;4;1167;95;33169
"2021-11-02";"2021";"11";"02 ";692;38867;37885;16;2959;5;1172;284;33453
"2021-11-03";"2021";"11";"03 ";563;39430;38590;15;2974;3;1175;272;33725
"2021-11-04";"2021";"11";"04";685;40115;39146;16;2990;2;1177;229;33954
"2021-11-05";"2021";"11";"05";542;40657;39742;16;3006;3;1180;327;34281
"2021-11-06";"2021";"11";"06";260;40917;40347;9;3015;5;1185;51;34332
"2021-11-07";"2021";"11";"07";229;41146;40370;6;3021;3;1188;92;34424
"2021-11-08";"2021";"11";"08";715;41861;40687;32;3053;3;1191;192;34616
"2021-11-09";"2021";"11";"09";1232;43093;41135;16;3069;5;1196;444;35060
"2021-11-10";"2021";"11";"10";972;44065;41807;13;3082;1;1197;345;35405
"2021-11-11";"2021";"11";"11";1039;45104;42399;14;3096;6;1203;302;35707
"2021-11-12";"2021";"11";"12";1104;46208;43096;15;3111;3;1206;215;35922
"2021-11-13";"2021";"11";"13";492;46700;44074;5;3116;4;1210;288;36210
"2021-11-14";"2021";"11";"14";294;46994;44152;6;3122;7;1217;97;36307
"2021-11-15";"2021";"11";"15";1145;48139;44613;25;3147;4;1221;463;36770
"2021-11-16";"2021";"11";"16";1570;49709;45534;25;3172;6;1227;667;37437
"2021-11-17";"2021";"11";"17";937;50646;46485;9;3181;2;1229;559;37996
"2021-11-18";"2021";"11";"18";1104;51750;47248;36;3217;1;1230;673;38669
"2021-11-19";"2021";"11";"19";1481;53231;48231;23;3240;11;1241;529;39198
"2021-11-20";"2021";"11";"20";906;54137;49336;10;3250;9;1250;255;39453
"2021-11-21";"2021";"11";"21";400;54537;49340;15;3265;7;1257;226;39679
"2021-11-22";"2021";"11";"22";1381;55918;49865;37;3302;7;1264;669;40348
"2021-11-23";"2021";"11";"23";1661;57579;51258;38;3340;3;1267;1211;41559
"2021-11-24";"2021";"11";"24";1085;58664;53314;30;3370;9;1276;952;42511
"2021-11-25";"2021";"11";"25";1475;60139;54857;28;3398;9;1285;1021;43532
"2021-11-26";"2021";"11";"26";1195;61334;57082;20;3418;9;1294;1070;44602
"2021-11-27";"2021";"11";"27";770;62104;58815;8;3426;9;1303;484;45086
"2021-11-28";"2021";"11";"28";288;62392;58870;10;3436;11;1314;292;45378
"2021-11-29";"2021";"11";"29";882;63274;59832;35;3471;10;1324;1095;46473
"2021-11-30";"2021";"11";"30";1327;64601;61864;30;3501;5;1329;1512;47985
"2021-12-01";"2021";"12";"01 ";1117;65718;63820;30;3531;9;1338;936;48921
"2021-12-02";"2021";"12";"02 ";885;66603;64924;35;3566;6;1344;1039;49960
"2021-12-03";"2021";"12";"03 ";1004;67607;65958;17;3583;13;1357;1439;51399
"2021-12-04";"2021";"12";"04";535;68142;66053;5;3588;6;1363;907;52306
"2021-12-05";"2021";"12";"05";194;68336;66923;11;3599;5;1368;392;52698
"2021-12-06";"2021";"12";"06";981;69317;67676;44;3643;10;1378;1303;54001
"2021-12-07";"2021";"12";"07";1254;70571;68691;25;3668;5;1383;1611;55612
"2021-12-08";"2021";"12";"08";866;71437;69947;46;3714;4;1387;1164;56776
"2021-12-09";"2021";"12";"09";889;72326;71015;21;3735;7;1394;1354;58130
"2021-12-10";"2021";"12";"10";788;73114;72011;20;3755;8;1402;971;59101
"2021-12-11";"2021";"12";"11";480;73594;73047;7;3762;2;1404;1045;60146
"2021-12-12";"2021";"12";"12";157;73751;73062;5;3767;4;1408;284;60430
"2021-12-13";"2021";"12";"13";864;74615;73310;32;3799;8;1416;815;61245
"2021-12-14";"2021";"12";"14";1054;75669;74391;29;3828;9;1425;1283;62528
"2021-12-15";"2021";"12";"15";690;76359;75332;24;3852;6;1431;1087;63615
"2021-12-16";"2021";"12";"16";762;77121;76121;15;3867;7;1438;860;64475
"2021-12-17";"2021";"12";"17";542;77663;76854;23;3890;9;1447;1158;65633
"2021-12-18";"2021";"12";"18";206;77869;77085;12;3902;4;1451;621;66254
"2021-12-19";"2021";"12";"19";179;78048;77178;6;3908;3;1454;208;66462
"2021-12-20";"2021";"12";"20";552;78600;77741;42;3950;3;1457;918;67380
"2021-12-21";"2021";"12";"21";937;79537;78493;30;3980;4;1461;1213;68593
"2021-12-22";"2021";"12";"22";423;79960;79472;23;4003;4;1465;834;69427
"2021-12-23";"2021";"12";"23";403;80363;79939;18;4021;5;1470;906;70333
"2021-12-24";"2021";"12";"24";188;80551;80410;3;4024;2;1472;801;71134
"2021-12-25";"2021";"12";"25";113;80664;80512;6;4030;6;1478;495;71629
"2021-12-26";"2021";"12";"26";125;80789;80554;4;4034;2;1480;169;71798
"2021-12-27";"2021";"12";"27";544;81333;80663;23;4057;6;1486;821;72619
"2021-12-28";"2021";"12";"28";486;81819;81370;22;4079;6;1492;1022;73641
"2021-12-29";"2021";"12";"29";325;82144;81838;12;4091;6;1498;679;74320
"2021-12-30";"2021";"12";"30";416;82560;82168;10;4101;4;1502;773;75093
"2021-12-31";"2021";"12";"31";131;82691;82679;3;4104;4;1506;542;75635
"2022-01-01";"2022";"01 ";"01 ";160;82851;82811;4;4108;4;1510;226;75861
"2022-01-02";"2022";"01 ";"02 ";61;82912;82822;5;4113;3;1513;189;76050
"2022-01-03";"2022";"01 ";"03 ";658;83570;82900;29;4142;5;1518;504;76554
"2022-01-04";"2022";"01 ";"04";529;84099;83653;17;4159;2;1520;905;77459
"2022-01-05";"2022";"01 ";"05";339;84438;84215;16;4175;5;1525;442;77901
"2022-01-06";"2022";"01 ";"06";313;84751;84571;9;4184;2;1527;410;78311
"2022-01-07";"2022";"01 ";"07";242;84993;84855;6;4190;5;1532;210;78521
"2022-01-08";"2022";"01 ";"08";146;85139;85188;2;4192;3;1535;126;78647
"2022-01-09";"2022";"01 ";"09";81;85220;85222;4;4196;3;1538;135;78782
"2022-01-10";"2022";"01 ";"10";411;85631;85264;21;4217;2;1540;521;79303
"2022-01-11";"2022";"01 ";"11";356;85987;85625;8;4225;4;1544;467;79770
"2022-01-12";"2022";"01 ";"12";347;86334;85901;7;4232;0;1544;335;80105
"2022-01-13";"2022";"01 ";"13";302;86636;86237;8;4240;2;1546;411;80516
"2022-01-14";"2022";"01 ";"14";370;87006;86892;15;4255;2;1548;145;80661
"2022-01-15";"2022";"01 ";"15";213;87219;87066;0;4255;3;1551;167;80828
"2022-01-16";"2022";"01 ";"16";134;87353;87099;3;4258;2;1553;70;80898
"2022-01-17";"2022";"01 ";"17";702;88055;87192;7;4265;0;1553;881;81779
"2022-01-18";"2022";"01 ";"18";694;88749;87980;3;4268;1;1554;510;82289
"2022-01-19";"2022";"01 ";"19";683;89432;88676;2;4270;7;1561;359;82648
"2022-01-20";"2022";"01 ";"20";621;90053;89417;11;4281;0;1561;329;82977
"2022-01-21";"2022";"01 ";"21";527;90580;90001;3;4284;1;1562;250;83227
"2022-01-22";"2022";"01 ";"22";302;90882;90619;2;4286;1;1563;151;83378
"2022-01-23";"2022";"01 ";"23";199;91081;90663;2;4288;1;1564;80;83458
"2022-01-24";"2022";"01 ";"24";1169;92250;90911;11;4299;0;1564;400;83858
"2022-01-25";"2022";"01 ";"25";1318;93568;92315;5;4304;1;1565;359;84217
"2022-01-26";"2022";"01 ";"26";1144;94712;93539;10;4314;2;1567;370;84587
"2022-01-27";"2022";"01 ";"27";943;95655;94709;6;4320;0;1567;315;84902
"2022-01-28";"2022";"01 ";"28";1006;96661;95628;12;4332;2;1569;364;85266
"2022-01-29";"2022";"01 ";"29";425;97086;96608;1;4333;1;1570;228;85494
"2022-01-30";"2022";"01 ";"30";243;97329;96610;1;4334;1;1571;134;85628
"2022-01-31";"2022";"01 ";"31";1500;98829;97108;16;4350;0;1571;696;86324
"2022-02-01";"2022";"02 ";"01 ";1661;100490;98823;10;4360;0;1571;689;87013
"2022-02-02";"2022";"02 ";"02 ";1349;101839;100400;10;4370;1;1572;714;87727
"2022-02-03";"2022";"02 ";"03 ";1244;103083;101789;9;4379;0;1572;628;88355
"2022-02-04";"2022";"02 ";"04";1103;104186;102966;5;4384;1;1573;537;88892
"2022-02-05";"2022";"02 ";"05";491;104677;103981;1;4385;0;1573;307;89199
"2022-02-06";"2022";"02 ";"06";297;104974;104010;0;4385;1;1574;203;89402
"2022-02-07";"2022";"02 ";"07";1803;106777;104617;18;4403;2;1576;1161;90563
"2022-02-08";"2022";"02 ";"08";1770;108547;106623;13;4416;2;1578;1322;91885
"2022-02-09";"2022";"02 ";"09";1616;110163;108558;7;4423;1;1579;1155;93040
"2022-02-10";"2022";"02 ";"10";1355;111518;110138;13;4436;0;1579;932;93972
"2022-02-11";"2022";"02 ";"11";960;112478;111327;11;4447;0;1579;997;94969
"2022-02-12";"2022";"02 ";"12";873;113351;112448;2;4449;1;1580;437;95406
"2022-02-13";"2022";"02 ";"13";322;113673;112474;4;4453;1;1581;254;95660
"2022-02-14";"2022";"02 ";"14";1485;115158;113315;27;4480;1;1582;1485;97145
"2022-02-15";"2022";"02 ";"15";1249;116407;115148;12;4492;1;1583;1660;98805
"2022-02-16";"2022";"02 ";"16";951;117358;116165;10;4502;1;1584;1348;100153
"2022-02-17";"2022";"02 ";"17";1162;118520;117046;11;4513;1;1585;1245;101398
"2022-02-18";"2022";"02 ";"18";903;119423;118266;9;4522;2;1587;1100;102498
"2022-02-19";"2022";"02 ";"19";515;119938;118981;1;4523;4;1591;465;102963
"2022-02-20";"2022";"02 ";"20";436;120374;119076;1;4524;0;1591;299;103262
"2022-02-21";"2022";"02 ";"21";1484;121858;119875;22;4546;1;1592;1794;105056
"2022-02-22";"2022";"02 ";"22";1192;123050;121483;15;4561;0;1592;1764;106820
"2022-02-23";"2022";"02 ";"23";1420;124470;122958;7;4568;2;1594;1621;108441
"2022-02-24";"2022";"02 ";"24";1199;125669;124299;15;4583;2;1596;1336;109777
"2022-02-25";"2022";"02 ";"25";799;126468;125460;21;4604;0;1596;956;110733
"2022-02-26";"2022";"02 ";"26";585;127053;126183;2;4606;1;1597;845;111578
"2022-02-27";"2022";"02 ";"27";298;127351;126196;2;4608;1;1598;326;111904
"2022-02-28";"2022";"02 ";"28";1589;128940;126889;22;4630;6;1604;1458;113362
"2022-03-01";"2022";"03 ";"01 ";1829;130769;128333;11;4641;1;1605;1211;114573
"2022-03-02";"2022";"03 ";"02 ";1363;132132;130052;11;4652;1;1606;947;115520
"2022-03-03";"2022";"03 ";"03 ";1206;133338;131983;20;4672;1;1607;1156;116676
"2022-03-04";"2022";"03 ";"04";981;134319;133074;6;4678;2;1609;900;117576
"2022-03-05";"2022";"03 ";"05";792;135111;134704;2;4680;0;1609;523;118099
"2022-03-06";"2022";"03 ";"06";374;135485;134828;1;4681;1;1610;442;118541
"2022-03-07";"2022";"03 ";"07";2040;137525;134895;26;4707;0;1610;1457;119998
"2022-03-08";"2022";"03 ";"08";2084;139609;136420;23;4730;2;1612;1175;121173
"2022-03-09";"2022";"03 ";"09";2099;141708;138894;20;4750;1;1613;1428;122601
"2022-03-10";"2022";"03 ";"10";1807;143515;141272;18;4768;2;1615;1192;123793
"2022-03-11";"2022";"03 ";"11";1927;145442;143140;13;4781;0;1615;772;124565
"2022-03-12";"2022";"03 ";"12";1110;146552;144438;1;4782;1;1616;636;125201
"2022-03-13";"2022";"03 ";"13";392;146944;144459;1;4783;0;1616;305;125506
"2022-03-14";"2022";"03 ";"14";2866;149810;145794;28;4811;5;1621;1564;127070
"2022-03-15";"2022";"03 ";"15";2598;152408;147554;22;4833;2;1623;1810;128880
"2022-03-16";"2022";"03 ";"16";2805;155213;150829;20;4853;0;1623;1368;130248
"2022-03-17";"2022";"03 ";"17";2705;157918;153110;26;4879;2;1625;1195;131443
"2022-03-18";"2022";"03 ";"18";2598;160516;155843;22;4901;0;1625;990;132433
"2022-03-19";"2022";"03 ";"19";1529;162045;157845;8;4909;1;1626;816;133249
"2022-03-20";"2022";"03 ";"20";376;162421;157880;4;4913;3;1629;381;133630
"2022-03-21";"2022";"03 ";"21";3064;165485;159063;40;4953;1;1630;2012;135642
"2022-03-22";"2022";"03 ";"22";2971;168456;162046;19;4972;3;1633;2053;137695
"2022-03-23";"2022";"03 ";"23";2136;170592;165040;13;4985;2;1635;2092;139787
"2022-03-24";"2022";"03 ";"24";2199;172791;167684;26;5011;2;1637;1804;141591
"2022-03-25";"2022";"03 ";"25";1781;174572;170105;10;5021;5;1642;1925;143516
"2022-03-26";"2022";"03 ";"26";830;175402;171437;6;5027;4;1646;1141;144657
"2022-03-27";"2022";"03 ";"27";426;175828;171478;7;5034;3;1649;405;145062
"2022-03-28";"2022";"03 ";"28";2364;178192;172759;32;5066;0;1649;2830;147892
"2022-03-29";"2022";"03 ";"29";1972;180164;175155;12;5078;0;1649;2567;150459
"2022-03-30";"2022";"03 ";"30";2198;182362;177995;18;5096;2;1651;2794;153253
"2022-03-31";"2022";"03 ";"31";1289;183651;181646;12;5108;6;1657;2681;155934
"2022-04-01";"2022";"04";"01 ";1009;184660;183476;21;5129;3;1660;2593;158527
"2022-04-02";"2022";"04";"02 ";588;185248;184608;4;5133;2;1662;1590;160117
"2022-04-03";"2022";"04";"03 ";214;185462;184608;8;5141;1;1663;371;160488
"2022-04-04";"2022";"04";"04";1810;187272;185004;18;5159;1;1664;3030;163518
"2022-04-05";"2022";"04";"05";1440;188712;186558;6;5165;0;1664;2951;166469
"2022-04-06";"2022";"04";"06";1064;189776;188598;18;5183;2;1666;2150;168619
"2022-04-07";"2022";"04";"07";1062;190838;189674;13;5196;1;1667;2204;170823
"2022-04-08";"2022";"04";"08";887;191725;190794;16;5212;2;1669;1788;172611
"2022-04-09";"2022";"04";"09";447;192172;191959;3;5215;2;1671;842;173453
"2022-04-10";"2022";"04";"10";272;192444;192093;5;5220;1;1672;429;173882
"2022-04-11";"2022";"04";"11";1315;193759;192120;22;5242;0;1672;2332;176214
"2022-04-12";"2022";"04";"12";1262;195021;193841;17;5259;1;1673;1957;178171
"2022-04-13";"2022";"04";"13";745;195766;194955;17;5276;0;1673;2206;180377
"2022-04-14";"2022";"04";"14";785;196551;195840;18;5294;3;1676;1302;181679
"2022-04-15";"2022";"04";"15";230;196781;196396;4;5298;1;1677;1019;182698
"2022-04-16";"2022";"04";"16";259;197040;196514;3;5301;1;1678;611;183309
"2022-04-17";"2022";"04";"17";162;197202;196616;7;5308;2;1680;224;183533
"2022-04-18";"2022";"04";"18";380;197582;196892;4;5312;3;1683;1797;185330
"2022-04-19";"2022";"04";"19";1405;198987;197468;35;5347;1;1684;1441;186771
"2022-04-20";"2022";"04";"20";835;199822;198937;12;5359;3;1687;1085;187856
"2022-04-21";"2022";"04";"21";804;200626;199782;6;5365;1;1688;1064;188920
"2022-04-22";"2022";"04";"22";501;201127;200432;9;5374;1;1689;883;189803
"2022-04-23";"2022";"04";"23";203;201330;200457;6;5380;1;1690;470;190273
"2022-04-24";"2022";"04";"24";239;201569;200483;5;5385;0;1690;278;190551
"2022-04-25";"2022";"04";"25";1107;202676;201356;16;5401;2;1692;1296;191847
"2022-04-26";"2022";"04";"26";607;203283;202586;9;5410;1;1693;1259;193106
"2022-04-27";"2022";"04";"27";572;203855;203238;7;5417;1;1694;708;193814
"2022-04-28";"2022";"04";"28";497;204352;203819;6;5423;1;1695;841;194655
"2022-04-29";"2022";"04";"29";384;204736;204290;11;5434;0;1695;245;194900
"2022-04-30";"2022";"04";"30";159;204895;204671;4;5438;0;1695;258;195158
"2022-05-01";"2022";"05";"01 ";100;204995;204318;4;5442;1;1696;176;195334
"2022-05-02";"2022";"05";"02 ";688;205683;204822;13;5455;0;1696;380;195714
"2022-05-03";"2022";"05";"03 ";564;206247;205578;9;5464;1;1697;1378;197092
"2022-05-04";"2022";"05";"04";313;206560;206214;5;5469;0;1697;835;197927
"2022-05-05";"2022";"05";"05";349;206909;206582;4;5473;0;1697;804;198731
"2022-05-06";"2022";"05";"06";255;207164;206887;2;5475;0;1697;580;199311
"2022-05-07";"2022";"05";"07";61;207225;206948;0;5475;0;1697;140;199451
"2022-05-08";"2022";"05";"08";21;207246;206969;2;5477;0;1697;249;199700
"2022-05-09";"2022";"05";"09";21;207267;207267;4;5481;0;1697;1092;200792
