"Datum";"Jahr";"Monat";"Tag";"Laborbestätigte Fälle (Meldedatum)";"Laborbestätigte Fälle (kumuliert)";"Laborbestätigte Fälle (übermittelt)";"Einweisung Krankenhaus";"Einweisung Krankenhaus (kumuliert)";"Sterbefälle";"Sterbefälle (kumuliert)";"Genesene (geschätzt)";"Genesene (geschätzt, kumuliert)"
"2020-03-07";"2020";"03";"07";2;2;2;0;0;0;0;0;0
"2020-03-08";"2020";"03";"08";0;2;2;0;0;0;0;0;0
"2020-03-09";"2020";"03";"09";1;3;2;0;0;0;0;0;0
"2020-03-10";"2020";"03";"10";2;5;5;0;0;0;0;0;0
"2020-03-11";"2020";"03";"11";4;9;5;0;0;0;0;0;0
"2020-03-12";"2020";"03";"12";6;15;5;0;0;0;0;0;0
"2020-03-13";"2020";"03";"13";7;22;11;0;0;0;0;0;0
"2020-03-14";"2020";"03";"14";11;33;17;0;0;0;0;0;0
"2020-03-15";"2020";"03";"15";4;37;17;0;0;0;0;0;0
"2020-03-16";"2020";"03";"16";5;42;24;0;0;0;0;0;0
"2020-03-17";"2020";"03";"17";17;59;34;1;1;0;0;0;0
"2020-03-18";"2020";"03";"18";16;75;49;2;3;0;0;0;0
"2020-03-19";"2020";"03";"19";28;103;59;1;4;0;0;0;0
"2020-03-20";"2020";"03";"20";21;124;96;1;5;0;0;0;0
"2020-03-21";"2020";"03";"21";35;159;114;0;5;0;0;2;2
"2020-03-22";"2020";"03";"22";0;159;138;1;6;0;0;0;2
"2020-03-23";"2020";"03";"23";17;176;153;3;9;1;1;0;2
"2020-03-24";"2020";"03";"24";41;217;166;4;13;1;2;1;3
"2020-03-25";"2020";"03";"25";13;230;215;3;16;0;2;4;7
"2020-03-26";"2020";"03";"26";34;264;238;3;19;0;2;6;13
"2020-03-27";"2020";"03";"27";36;300;286;7;26;0;2;7;20
"2020-03-28";"2020";"03";"28";24;324;313;1;27;1;3;11;31
"2020-03-29";"2020";"03";"29";9;333;319;2;29;0;3;4;35
"2020-03-30";"2020";"03";"30";18;351;338;6;35;1;4;4;39
"2020-03-31";"2020";"03";"31";19;370;357;1;36;0;4;16;55
"2020-04-01";"2020";"04";"01";21;391;377;2;38;0;4;13;68
"2020-04-02";"2020";"04";"02";10;401;397;1;39;0;4;27;95
"2020-04-03";"2020";"04";"03";26;427;406;7;46;0;4;20;115
"2020-04-04";"2020";"04";"04";20;447;444;2;48;1;5;34;149
"2020-04-05";"2020";"04";"05";4;451;447;1;49;0;5;-1;148
"2020-04-06";"2020";"04";"06";4;455;454;3;52;0;5;14;162
"2020-04-07";"2020";"04";"07";9;464;457;1;53;0;5;36;198
"2020-04-08";"2020";"04";"08";9;473;465;0;53;0;5;12;210
"2020-04-09";"2020";"04";"09";7;480;475;1;54;0;5;32;242
"2020-04-10";"2020";"04";"10";0;480;484;0;54;0;5;29;271
"2020-04-11";"2020";"04";"11";4;484;485;0;54;0;5;23;294
"2020-04-12";"2020";"04";"12";4;488;490;0;54;0;5;8;302
"2020-04-13";"2020";"04";"13";1;489;490;0;54;0;5;11;313
"2020-04-14";"2020";"04";"14";5;494;491;1;55;0;5;18;331
"2020-04-15";"2020";"04";"15";8;502;496;3;58;1;6;19;350
"2020-04-16";"2020";"04";"16";2;504;502;2;60;0;6;10;360
"2020-04-17";"2020";"04";"17";17;521;507;1;61;0;6;19;379
"2020-04-18";"2020";"04";"18";0;521;515;0;61;1;7;19;398
"2020-04-19";"2020";"04";"19";1;522;523;0;61;0;7;3;401
"2020-04-20";"2020";"04";"20";3;525;523;0;61;0;7;1;402
"2020-04-21";"2020";"04";"21";8;533;525;1;62;0;7;9;411
"2020-04-22";"2020";"04";"22";4;537;532;1;63;0;7;12;423
"2020-04-23";"2020";"04";"23";1;538;537;0;63;0;7;11;434
"2020-04-24";"2020";"04";"24";6;544;540;0;63;0;7;1;435
"2020-04-25";"2020";"04";"25";3;547;548;0;63;0;7;6;441
"2020-04-26";"2020";"04";"26";5;552;550;0;63;0;7;11;452
"2020-04-27";"2020";"04";"27";0;552;553;0;63;1;8;2;454
"2020-04-28";"2020";"04";"28";4;556;554;2;65;0;8;5;459
"2020-04-29";"2020";"04";"29";6;562;558;2;67;0;8;12;471
"2020-04-30";"2020";"04";"30";3;565;560;1;68;0;8;1;472
"2020-05-01";"2020";"05";"01";1;566;566;0;68;0;8;18;490
"2020-05-02";"2020";"05";"02";1;567;567;0;68;1;9;1;491
"2020-05-03";"2020";"05";"03";1;568;568;0;68;0;9;9;500
"2020-05-04";"2020";"05";"04";0;568;570;0;68;0;9;5;505
"2020-05-05";"2020";"05";"05";8;576;575;0;68;0;9;9;514
"2020-05-06";"2020";"05";"06";6;582;578;0;68;1;10;5;519
"2020-05-07";"2020";"05";"07";3;585;583;0;68;0;10;1;520
"2020-05-08";"2020";"05";"08";5;590;585;0;68;0;10;6;526
"2020-05-09";"2020";"05";"09";3;593;590;0;68;0;10;4;530
"2020-05-10";"2020";"05";"10";0;593;593;0;68;0;10;5;535
"2020-05-11";"2020";"05";"11";1;594;593;0;68;0;10;0;535
"2020-05-12";"2020";"05";"12";1;595;593;0;68;0;10;2;537
"2020-05-13";"2020";"05";"13";3;598;594;1;69;0;10;4;541
"2020-05-14";"2020";"05";"14";6;604;595;2;71;0;10;3;544
"2020-05-15";"2020";"05";"15";3;607;602;1;72;1;11;4;548
"2020-05-16";"2020";"05";"16";0;607;604;0;72;0;11;2;550
"2020-05-17";"2020";"05";"17";0;607;604;0;72;0;11;2;552
"2020-05-18";"2020";"05";"18";4;611;605;1;73;0;11;0;552
"2020-05-19";"2020";"05";"19";4;615;608;0;73;0;11;8;560
"2020-05-20";"2020";"05";"20";1;616;612;0;73;0;11;6;566
"2020-05-21";"2020";"05";"21";4;620;613;1;74;0;11;3;569
"2020-05-22";"2020";"05";"22";0;620;617;0;74;0;11;6;575
"2020-05-23";"2020";"05";"23";0;620;617;0;74;0;11;3;578
"2020-05-24";"2020";"05";"24";0;620;617;0;74;0;11;0;578
"2020-05-25";"2020";"05";"25";0;620;617;0;74;0;11;0;578
"2020-05-26";"2020";"05";"26";2;622;618;0;74;0;11;1;579
"2020-05-27";"2020";"05";"27";1;623;619;0;74;0;11;3;582
"2020-05-28";"2020";"05";"28";2;625;620;0;74;0;11;6;588
"2020-05-29";"2020";"05";"29";0;625;621;0;74;0;11;4;592
"2020-05-30";"2020";"05";"30";0;625;622;0;74;0;11;1;593
"2020-05-31";"2020";"05";"31";0;625;622;0;74;0;11;0;593
"2020-06-01";"2020";"06";"01";0;625;622;0;74;0;11;3;596
"2020-06-02";"2020";"06";"02";0;625;622;0;74;0;11;4;600
"2020-06-03";"2020";"06";"03";0;625;622;0;74;0;11;1;601
"2020-06-04";"2020";"06";"04";0;625;622;0;74;0;11;3;604
"2020-06-05";"2020";"06";"05";0;625;622;0;74;0;11;0;604
"2020-06-06";"2020";"06";"06";2;627;623;0;74;0;11;0;604
"2020-06-07";"2020";"06";"07";0;627;623;0;74;0;11;0;604
"2020-06-08";"2020";"06";"08";0;627;623;0;74;0;11;0;604
"2020-06-09";"2020";"06";"09";0;627;623;0;74;0;11;2;606
"2020-06-10";"2020";"06";"10";0;627;623;0;74;0;11;1;607
"2020-06-11";"2020";"06";"11";0;627;623;0;74;0;11;2;609
"2020-06-12";"2020";"06";"12";1;628;624;0;74;0;11;0;609
"2020-06-13";"2020";"06";"13";0;628;624;0;74;0;11;2;611
"2020-06-14";"2020";"06";"14";0;628;624;0;74;0;11;1;612
"2020-06-15";"2020";"06";"15";0;628;624;0;74;0;11;0;612
"2020-06-16";"2020";"06";"16";0;628;624;0;74;0;11;0;612
"2020-06-17";"2020";"06";"17";0;628;624;0;74;0;11;1;613
"2020-06-18";"2020";"06";"18";0;628;624;0;74;0;11;0;613
"2020-06-19";"2020";"06";"19";0;628;624;0;74;0;11;0;613
"2020-06-20";"2020";"06";"20";0;628;624;0;74;0;11;3;616
"2020-06-21";"2020";"06";"21";0;628;624;0;74;0;11;0;616
"2020-06-22";"2020";"06";"22";0;628;624;0;74;0;11;0;616
"2020-06-23";"2020";"06";"23";2;630;626;2;76;0;11;0;616
"2020-06-24";"2020";"06";"24";0;630;626;0;76;0;11;0;616
"2020-06-25";"2020";"06";"25";0;630;626;0;76;0;11;0;616
"2020-06-26";"2020";"06";"26";0;630;626;0;76;0;11;1;617
"2020-06-27";"2020";"06";"27";0;630;626;0;76;0;11;0;617
"2020-06-28";"2020";"06";"28";0;630;626;0;76;0;11;0;617
"2020-06-29";"2020";"06";"29";0;630;626;0;76;0;11;0;617
"2020-06-30";"2020";"06";"30";0;630;626;0;76;0;11;0;617
"2020-07-01";"2020";"07";"01";0;630;626;0;76;0;11;0;617
"2020-07-02";"2020";"07";"02";0;630;626;0;76;0;11;0;617
"2020-07-03";"2020";"07";"03";0;630;626;0;76;0;11;0;617
"2020-07-04";"2020";"07";"04";0;630;626;0;76;0;11;0;617
"2020-07-05";"2020";"07";"05";0;630;626;0;76;0;11;0;617
"2020-07-06";"2020";"07";"06";0;630;626;0;76;0;11;0;617
"2020-07-07";"2020";"07";"07";0;630;626;0;76;0;11;0;617
"2020-07-08";"2020";"07";"08";1;631;626;0;76;0;11;0;617
"2020-07-09";"2020";"07";"09";0;631;627;0;76;0;11;0;617
"2020-07-10";"2020";"07";"10";0;631;627;0;76;0;11;0;617
"2020-07-11";"2020";"07";"11";0;631;627;0;76;0;11;0;617
"2020-07-12";"2020";"07";"12";0;631;627;0;76;0;11;0;617
"2020-07-13";"2020";"07";"13";1;632;627;0;76;0;11;0;617
"2020-07-14";"2020";"07";"14";0;632;628;0;76;0;11;0;617
"2020-07-15";"2020";"07";"15";0;632;628;0;76;0;11;0;617
"2020-07-16";"2020";"07";"16";1;633;629;2;78;0;11;0;617
"2020-07-17";"2020";"07";"17";1;634;629;0;78;0;11;0;617
"2020-07-18";"2020";"07";"18";0;634;629;0;78;0;11;0;617
"2020-07-19";"2020";"07";"19";1;635;631;0;78;0;11;0;617
"2020-07-20";"2020";"07";"20";1;636;631;0;78;0;11;0;617
"2020-07-21";"2020";"07";"21";3;639;632;0;78;0;11;0;617
"2020-07-22";"2020";"07";"22";1;640;633;0;78;0;11;1;618
"2020-07-23";"2020";"07";"23";0;640;633;0;78;0;11;2;620
"2020-07-24";"2020";"07";"24";0;640;633;0;78;0;11;0;620
"2020-07-25";"2020";"07";"25";0;640;633;0;78;0;11;0;620
"2020-07-26";"2020";"07";"26";0;640;633;0;78;0;11;0;620
"2020-07-27";"2020";"07";"27";1;641;633;0;78;0;11;1;621
"2020-07-28";"2020";"07";"28";1;642;634;0;78;0;11;0;621
"2020-07-29";"2020";"07";"29";0;642;634;0;78;0;11;0;621
"2020-07-30";"2020";"07";"30";0;642;635;0;78;0;11;-1;620
"2020-07-31";"2020";"07";"31";1;643;635;0;78;0;11;1;621
"2020-08-01";"2020";"08";"01";0;643;635;0;78;0;11;0;621
"2020-08-02";"2020";"08";"02";0;643;636;0;78;0;11;1;622
"2020-08-03";"2020";"08";"03";0;643;636;0;78;0;11;1;623
"2020-08-04";"2020";"08";"04";2;645;637;0;78;0;11;3;626
"2020-08-05";"2020";"08";"05";0;645;638;0;78;0;11;1;627
"2020-08-06";"2020";"08";"06";1;646;639;0;78;0;11;0;627
"2020-08-07";"2020";"08";"07";1;647;641;0;78;0;11;0;627
"2020-08-08";"2020";"08";"08";0;647;641;0;78;0;11;0;627
"2020-08-09";"2020";"08";"09";0;647;641;0;78;0;11;0;627
"2020-08-10";"2020";"08";"10";0;647;641;0;78;0;11;1;628
"2020-08-11";"2020";"08";"11";4;651;643;0;78;0;11;1;629
"2020-08-12";"2020";"08";"12";7;658;648;0;78;0;11;0;629
"2020-08-13";"2020";"08";"13";0;658;649;0;78;0;11;0;629
"2020-08-14";"2020";"08";"14";1;659;649;0;78;0;11;1;630
"2020-08-15";"2020";"08";"15";0;659;653;0;78;0;11;2;632
"2020-08-16";"2020";"08";"16";1;660;653;0;78;0;11;0;632
"2020-08-17";"2020";"08";"17";1;661;654;0;78;0;11;0;632
"2020-08-18";"2020";"08";"18";0;661;655;0;78;0;11;2;634
"2020-08-19";"2020";"08";"19";3;664;656;0;78;0;11;0;634
"2020-08-20";"2020";"08";"20";4;668;661;0;78;0;11;1;635
"2020-08-21";"2020";"08";"21";3;671;662;0;78;0;11;1;636
"2020-08-22";"2020";"08";"22";3;674;666;0;78;0;11;0;636
"2020-08-23";"2020";"08";"23";3;677;668;0;78;0;11;0;636
"2020-08-24";"2020";"08";"24";2;679;668;0;78;0;11;0;636
"2020-08-25";"2020";"08";"25";3;682;671;0;78;0;11;4;640
"2020-08-26";"2020";"08";"26";6;688;678;0;78;0;11;7;647
"2020-08-27";"2020";"08";"27";7;695;682;0;78;0;11;0;647
"2020-08-28";"2020";"08";"28";0;695;684;0;78;0;11;1;648
"2020-08-29";"2020";"08";"29";1;696;686;0;78;0;11;0;648
"2020-08-30";"2020";"08";"30";2;698;688;0;78;0;11;1;649
"2020-08-31";"2020";"08";"31";6;704;690;0;78;0;11;1;650
"2020-09-01";"2020";"09";"01";3;707;695;0;78;0;11;0;650
"2020-09-02";"2020";"09";"02";5;712;700;0;78;0;11;3;653
"2020-09-03";"2020";"09";"03";5;717;706;0;78;0;11;4;657
"2020-09-04";"2020";"09";"04";7;724;712;1;79;0;11;3;660
"2020-09-05";"2020";"09";"05";4;728;718;0;79;0;11;3;663
"2020-09-06";"2020";"09";"06";2;730;718;1;80;0;11;3;666
"2020-09-07";"2020";"09";"07";5;735;719;0;80;0;11;2;668
"2020-09-08";"2020";"09";"08";7;742;728;0;80;0;11;3;671
"2020-09-09";"2020";"09";"09";4;746;732;0;80;0;11;6;677
"2020-09-10";"2020";"09";"10";6;752;739;1;81;0;11;7;684
"2020-09-11";"2020";"09";"11";6;758;743;0;81;0;11;0;684
"2020-09-12";"2020";"09";"12";3;761;752;0;81;0;11;1;685
"2020-09-13";"2020";"09";"13";2;763;752;0;81;0;11;2;687
"2020-09-14";"2020";"09";"14";9;772;754;0;81;0;11;6;693
"2020-09-15";"2020";"09";"15";5;777;759;0;81;0;11;3;696
"2020-09-16";"2020";"09";"16";2;779;764;1;82;0;11;5;701
"2020-09-17";"2020";"09";"17";4;783;767;0;82;0;11;5;706
"2020-09-18";"2020";"09";"18";9;792;771;0;82;0;11;6;712
"2020-09-19";"2020";"09";"19";1;793;773;0;82;0;11;4;716
"2020-09-20";"2020";"09";"20";0;793;773;0;82;0;11;2;718
"2020-09-21";"2020";"09";"21";16;809;775;1;83;0;11;5;723
"2020-09-22";"2020";"09";"22";4;813;779;1;84;0;11;7;730
"2020-09-23";"2020";"09";"23";10;823;785;0;84;0;11;4;734
"2020-09-24";"2020";"09";"24";12;835;792;2;86;0;11;5;739
"2020-09-25";"2020";"09";"25";9;844;808;1;87;0;11;7;746
"2020-09-26";"2020";"09";"26";1;845;816;2;89;0;11;3;749
"2020-09-27";"2020";"09";"27";1;846;817;0;89;0;11;2;751
"2020-09-28";"2020";"09";"28";14;860;831;2;91;0;11;10;761
"2020-09-29";"2020";"09";"29";8;868;844;1;92;2;13;3;764
"2020-09-30";"2020";"09";"30";10;878;853;0;92;0;13;-1;763
"2020-10-01";"2020";"10";"01";13;891;864;0;92;0;13;4;767
"2020-10-02";"2020";"10";"02";13;904;876;2;94;0;13;9;776
"2020-10-03";"2020";"10";"03";16;920;898;1;95;0;13;1;777
"2020-10-04";"2020";"10";"04";6;926;911;1;96;0;13;1;778
"2020-10-05";"2020";"10";"05";25;951;932;2;98;0;13;15;793
"2020-10-06";"2020";"10";"06";41;992;949;0;98;0;13;3;796
"2020-10-07";"2020";"10";"07";16;1008;968;1;99;0;13;10;806
"2020-10-08";"2020";"10";"08";22;1030;995;0;99;0;13;10;816
"2020-10-09";"2020";"10";"09";31;1061;1045;3;102;0;13;8;824
"2020-10-10";"2020";"10";"10";15;1076;1062;0;102;1;14;-1;823
"2020-10-11";"2020";"10";"11";9;1085;1085;0;102;0;14;1;824
"2020-10-12";"2020";"10";"12";17;1102;1089;4;106;0;14;12;836
"2020-10-13";"2020";"10";"13";41;1143;1106;3;109;1;15;6;842
"2020-10-14";"2020";"10";"14";31;1174;1133;0;109;1;16;9;851
"2020-10-15";"2020";"10";"15";65;1239;1191;4;113;0;16;13;864
"2020-10-16";"2020";"10";"16";46;1285;1230;1;114;0;16;13;877
"2020-10-17";"2020";"10";"17";40;1325;1270;0;114;0;16;15;892
"2020-10-18";"2020";"10";"18";18;1343;1288;0;114;0;16;4;896
"2020-10-19";"2020";"10";"19";45;1388;1323;2;116;1;17;23;919
"2020-10-20";"2020";"10";"20";89;1477;1406;7;123;1;18;39;958
"2020-10-21";"2020";"10";"21";73;1550;1474;2;125;0;18;16;974
"2020-10-22";"2020";"10";"22";88;1638;1558;2;127;0;18;22;996
"2020-10-23";"2020";"10";"23";42;1680;1596;7;134;1;19;28;1024
"2020-10-24";"2020";"10";"24";64;1744;1660;1;135;1;20;17;1041
"2020-10-25";"2020";"10";"25";41;1785;1702;0;135;0;20;10;1051
"2020-10-26";"2020";"10";"26";87;1872;1767;8;143;0;20;15;1066
"2020-10-27";"2020";"10";"27";100;1972;1841;7;150;1;21;36;1102
"2020-10-28";"2020";"10";"28";146;2118;1841;9;159;2;23;31;1133
"2020-10-29";"2020";"10";"29";147;2265;1919;9;168;0;23;62;1195
"2020-10-30";"2020";"10";"30";156;2421;2032;13;181;0;23;45;1240
"2020-10-31";"2020";"10";"31";71;2492;2062;0;181;1;24;39;1279
"2020-11-01";"2020";"11";"01";37;2529;2226;1;182;2;26;20;1299
"2020-11-02";"2020";"11";"02";185;2714;2316;6;188;2;28;42;1341
"2020-11-03";"2020";"11";"03";172;2886;2410;4;192;2;30;79;1420
"2020-11-04";"2020";"11";"04";207;3093;2509;6;198;3;33;71;1491
"2020-11-05";"2020";"11";"05";137;3230;2606;6;204;1;34;85;1576
"2020-11-06";"2020";"11";"06";151;3381;2892;11;215;1;35;35;1611
"2020-11-07";"2020";"11";"07";70;3451;3008;2;217;1;36;63;1674
"2020-11-08";"2020";"11";"08";27;3478;3071;1;218;1;37;43;1717
"2020-11-09";"2020";"11";"09";100;3578;3242;10;228;4;41;75;1792
"2020-11-10";"2020";"11";"10";123;3701;3361;10;238;2;43;92;1884
"2020-11-11";"2020";"11";"11";60;3761;3540;7;245;1;44;142;2026
"2020-11-12";"2020";"11";"12";197;3958;3615;11;256;2;46;140;2166
"2020-11-13";"2020";"11";"13";207;4165;3797;12;268;3;49;139;2305
"2020-11-14";"2020";"11";"14";87;4252;3854;2;270;3;52;72;2377
"2020-11-15";"2020";"11";"15";15;4267;3886;0;270;4;56;34;2411
"2020-11-16";"2020";"11";"16";223;4490;4014;15;285;2;58;177;2588
"2020-11-17";"2020";"11";"17";235;4725;4261;15;300;2;60;165;2753
"2020-11-18";"2020";"11";"18";105;4830;4381;4;304;4;64;200;2953
"2020-11-19";"2020";"11";"19";119;4949;4478;13;317;3;67;134;3087
"2020-11-20";"2020";"11";"20";191;5140;4707;13;330;2;69;140;3227
"2020-11-21";"2020";"11";"21";86;5226;4792;3;333;4;73;65;3292
"2020-11-22";"2020";"11";"22";30;5256;4842;2;335;1;74;32;3324
"2020-11-23";"2020";"11";"23";201;5457;5041;23;358;8;82;82;3406
"2020-11-24";"2020";"11";"24";263;5720;5227;12;370;3;85;113;3519
"2020-11-25";"2020";"11";"25";273;5993;5434;14;384;2;87;58;3577
"2020-11-26";"2020";"11";"26";279;6272;5650;13;397;4;91;186;3763
"2020-11-27";"2020";"11";"27";231;6503;5964;10;407;8;99;194;3957
"2020-11-28";"2020";"11";"28";139;6642;6091;4;411;6;105;86;4043
"2020-11-29";"2020";"11";"29";86;6728;6182;5;416;3;108;24;4067
"2020-11-30";"2020";"11";"30";201;6929;6448;39;455;2;110;205;4272
"2020-12-01";"2020";"12";"01";340;7269;6664;24;479;8;118;212;4484
"2020-12-02";"2020";"12";"02";294;7563;6952;31;510;6;124;102;4586
"2020-12-03";"2020";"12";"03";300;7863;7163;24;534;7;131;105;4691
"2020-12-04";"2020";"12";"04";226;8089;7392;25;559;11;142;175;4866
"2020-12-05";"2020";"12";"05";110;8199;7556;13;572;7;149;84;4950
"2020-12-06";"2020";"12";"06";161;8360;7838;10;582;3;152;35;4985
"2020-12-07";"2020";"12";"07";385;8745;8042;19;601;7;159;172;5157
"2020-12-08";"2020";"12";"08";332;9077;8283;37;638;8;167;254;5411
"2020-12-09";"2020";"12";"09";396;9473;8566;25;663;14;181;256;5667
"2020-12-10";"2020";"12";"10";462;9935;9011;32;695;12;193;262;5929
"2020-12-11";"2020";"12";"11";325;10260;9570;17;712;11;204;218;6147
"2020-12-12";"2020";"12";"12";338;10598;9771;14;726;10;214;138;6285
"2020-12-13";"2020";"12";"13";120;10718;9998;7;733;12;226;81;6366
"2020-12-14";"2020";"12";"14";428;11146;10439;27;760;10;236;163;6529
"2020-12-15";"2020";"12";"15";421;11567;10787;40;800;16;252;296;6825
"2020-12-16";"2020";"12";"16";360;11927;11113;35;835;12;264;269;7094
"2020-12-17";"2020";"12";"17";512;12439;11386;32;867;13;277;275;7369
"2020-12-18";"2020";"12";"18";446;12885;11940;26;893;21;298;182;7551
"2020-12-19";"2020";"12";"19";174;13059;12164;8;901;12;310;95;7646
"2020-12-20";"2020";"12";"20";109;13168;12303;5;906;12;322;151;7797
"2020-12-21";"2020";"12";"21";434;13602;12717;46;952;17;339;343;8140
"2020-12-22";"2020";"12";"22";477;14079;13178;29;981;15;354;279;8419
"2020-12-23";"2020";"12";"23";444;14523;13642;39;1020;12;366;385;8804
"2020-12-24";"2020";"12";"24";125;14648;13831;16;1036;12;378;435;9239
"2020-12-25";"2020";"12";"25";43;14691;13877;10;1046;11;389;307;9546
"2020-12-26";"2020";"12";"26";68;14759;13908;10;1056;10;399;326;9872
"2020-12-27";"2020";"12";"27";107;14866;14088;5;1061;23;422;100;9972
"2020-12-28";"2020";"12";"28";365;15231;14509;45;1106;14;436;391;10363
"2020-12-29";"2020";"12";"29";575;15806;15000;36;1142;13;449;366;10729
"2020-12-30";"2020";"12";"30";452;16258;15420;34;1176;21;470;337;11066
"2020-12-31";"2020";"12";"31";109;16367;15591;27;1203;15;485;490;11556
"2021-01-01";"2021";"01";"01";45;16412;15624;8;1211;14;499;445;12001
"2021-01-02";"2021";"01";"02";136;16548;15767;21;1232;15;514;165;12166
"2021-01-03";"2021";"01";"03";38;16586;16064;19;1251;19;533;103;12269
"2021-01-04";"2021";"01";"04";240;16826;16228;27;1278;13;546;393;12662
"2021-01-05";"2021";"01";"05";389;17215;16448;25;1303;16;562;442;13104
"2021-01-06";"2021";"01";"06";344;17559;16773;25;1328;11;573;420;13524
"2021-01-07";"2021";"01";"07";263;17822;17191;24;1352;13;586;138;13662
"2021-01-08";"2021";"01";"08";215;18037;17655;21;1373;9;595;44;13706
"2021-01-09";"2021";"01";"09";82;18119;17793;4;1377;7;602;81;13787
"2021-01-10";"2021";"01";"10";10;18129;17929;11;1388;16;618;105;13892
"2021-01-11";"2021";"01";"11";182;18311;17983;40;1428;18;636;317;14209
"2021-01-12";"2021";"01";"12";269;18580;18205;24;1452;10;646;537;14746
"2021-01-13";"2021";"01";"13";238;18818;18466;17;1469;7;653;436;15182
"2021-01-14";"2021";"01";"14";145;18963;18654;12;1481;8;661;118;15300
"2021-01-15";"2021";"01";"15";145;19108;18855;26;1507;17;678;57;15357
"2021-01-16";"2021";"01";"16";92;19200;19010;2;1509;9;687;137;15494
"2021-01-17";"2021";"01";"17";15;19215;19097;3;1512;3;690;42;15536
"2021-01-18";"2021";"01";"18";152;19367;19132;30;1542;13;703;211;15747
"2021-01-19";"2021";"01";"19";127;19494;19316;14;1556;6;709;364;16111
"2021-01-20";"2021";"01";"20";144;19638;19486;26;1582;4;713;359;16470
"2021-01-21";"2021";"01";"21";138;19776;19621;28;1610;13;726;258;16728
"2021-01-22";"2021";"01";"22";114;19890;19655;18;1628;7;733;231;16959
"2021-01-23";"2021";"01";"23";65;19955;19873;4;1632;12;745;85;17044
"2021-01-24";"2021";"01";"24";13;19968;19900;5;1637;14;759;-3;17041
"2021-01-25";"2021";"01";"25";117;20085;19939;34;1671;7;766;143;17184
"2021-01-26";"2021";"01";"26";155;20240;20104;17;1688;8;774;247;17431
"2021-01-27";"2021";"01";"27";149;20389;20270;18;1706;8;782;255;17686
"2021-01-28";"2021";"01";"28";80;20469;20368;19;1725;10;792;158;17844
"2021-01-29";"2021";"01";"29";70;20539;20456;19;1744;13;805;141;17985
"2021-01-30";"2021";"01";"30";41;20580;20530;14;1758;13;818;104;18089
"2021-01-31";"2021";"01";"31";15;20595;20569;1;1759;10;828;11;18100
"2021-02-01";"2021";"02";"01";75;20670;20595;14;1773;12;840;127;18227
"2021-02-02";"2021";"02";"02";104;20774;20720;9;1782;3;843;128;18355
"2021-02-03";"2021";"02";"03";87;20861;20798;13;1795;7;850;138;18493
"2021-02-04";"2021";"02";"04";76;20937;20890;8;1803;4;854;132;18625
"2021-02-05";"2021";"02";"05";77;21014;20970;17;1820;7;861;113;18738
"2021-02-06";"2021";"02";"06";24;21038;21032;2;1822;4;865;83;18821
"2021-02-07";"2021";"02";"07";11;21049;21056;6;1828;7;872;20;18841
"2021-02-08";"2021";"02";"08";49;21098;21065;13;1841;3;875;85;18926
"2021-02-09";"2021";"02";"09";85;21183;21132;9;1850;3;878;146;19072
"2021-02-10";"2021";"02";"10";48;21231;21200;10;1860;2;880;169;19241
"2021-02-11";"2021";"02";"11";43;21274;21226;7;1867;5;885;76;19317
"2021-02-12";"2021";"02";"12";70;21344;21287;6;1873;7;892;61;19378
"2021-02-13";"2021";"02";"13";20;21364;21308;4;1877;3;895;36;19414
"2021-02-14";"2021";"02";"14";4;21368;21344;3;1880;6;901;34;19448
"2021-02-15";"2021";"02";"15";74;21442;21347;12;1892;2;903;61;19509
"2021-02-16";"2021";"02";"16";77;21519;21427;9;1901;5;908;92;19601
"2021-02-17";"2021";"02";"17";49;21568;21504;5;1906;2;910;107;19708
"2021-02-18";"2021";"02";"18";48;21616;21554;6;1912;4;914;77;19785
"2021-02-19";"2021";"02";"19";69;21685;21628;8;1920;2;916;84;19869
"2021-02-20";"2021";"02";"20";21;21706;21681;1;1921;1;917;45;19914
"2021-02-21";"2021";"02";"21";16;21722;21710;8;1929;1;918;24;19938
"2021-02-22";"2021";"02";"22";62;21784;21725;9;1938;8;926;34;19972
"2021-02-23";"2021";"02";"23";67;21851;21782;8;1946;5;931;74;20046
"2021-02-24";"2021";"02";"24";76;21927;21861;8;1954;2;933;68;20114
"2021-02-25";"2021";"02";"25";68;21995;21941;3;1957;1;934;52;20166
"2021-02-26";"2021";"02";"26";54;22049;22007;4;1961;3;937;86;20252
"2021-02-27";"2021";"02";"27";26;22075;22060;2;1963;0;937;35;20287
"2021-02-28";"2021";"02";"28";14;22089;22083;4;1967;4;941;15;20302
"2021-03-01";"2021";"03";"01";71;22160;22101;9;1976;2;943;72;20374
"2021-03-02";"2021";"03";"02";119;22279;22198;12;1988;3;946;68;20442
"2021-03-03";"2021";"03";"03";64;22343;22303;7;1995;2;948;56;20498
"2021-03-04";"2021";"03";"04";59;22402;22376;4;1999;1;949;51;20549
"2021-03-05";"2021";"03";"05";65;22467;22428;5;2004;1;950;72;20621
"2021-03-06";"2021";"03";"06";25;22492;22493;4;2008;1;951;27;20648
"2021-03-07";"2021";"03";"07";13;22505;22509;2;2010;0;951;26;20674
"2021-03-08";"2021";"03";"08";102;22607;22516;17;2027;0;951;55;20729
"2021-03-09";"2021";"03";"09";99;22706;22626;8;2035;4;955;64;20793
"2021-03-10";"2021";"03";"10";80;22786;22715;13;2048;2;957;75;20868
"2021-03-11";"2021";"03";"11";90;22876;22774;9;2057;1;958;73;20941
"2021-03-12";"2021";"03";"12";87;22963;22850;7;2064;4;962;54;20995
"2021-03-13";"2021";"03";"13";58;23021;22947;5;2069;4;966;27;21022
"2021-03-14";"2021";"03";"14";16;23037;22984;2;2071;1;967;11;21033
"2021-03-15";"2021";"03";"15";102;23139;22990;8;2079;7;974;60;21093
"2021-03-16";"2021";"03";"16";120;23259;23095;5;2084;2;976;107;21200
"2021-03-17";"2021";"03";"17";112;23371;23221;3;2087;3;979;63;21263
"2021-03-18";"2021";"03";"18";105;23476;23354;10;2097;1;980;60;21323
"2021-03-19";"2021";"03";"19";114;23590;23450;12;2109;3;983;62;21385
"2021-03-20";"2021";"03";"20";62;23652;23536;4;2113;1;984;24;21409
"2021-03-21";"2021";"03";"21";23;23675;23611;0;2113;3;987;17;21426
"2021-03-22";"2021";"03";"22";131;23806;23627;16;2129;2;989;85;21511
"2021-03-23";"2021";"03";"23";171;23977;23772;6;2135;2;991;94;21605
"2021-03-24";"2021";"03";"24";109;24086;23946;11;2146;1;992;79;21684
"2021-03-25";"2021";"03";"25";189;24275;24079;5;2151;1;993;85;21769
"2021-03-26";"2021";"03";"26";143;24418;24254;7;2158;0;993;89;21858
"2021-03-27";"2021";"03";"27";67;24485;24346;2;2160;1;994;55;21913
"2021-03-28";"2021";"03";"28";15;24500;24438;0;2160;0;994;18;21931
"2021-03-29";"2021";"03";"29";126;24626;24465;21;2181;1;995;93;22024
"2021-03-30";"2021";"03";"30";221;24847;24641;14;2195;3;998;115;22139
"2021-03-31";"2021";"03";"31";104;24951;24844;6;2201;3;1001;115;22254
"2021-04-01";"2021";"04";"01";141;25092;24988;12;2213;1;1002;106;22360
"2021-04-02";"2021";"04";"02";49;25141;25113;5;2218;5;1007;102;22462
"2021-04-03";"2021";"04";"03";55;25196;25146;4;2222;1;1008;61;22523
"2021-04-04";"2021";"04";"04";15;25211;25200;2;2224;2;1010;25;22548
"2021-04-05";"2021";"04";"05";62;25273;25206;19;2243;6;1016;115;22663
"2021-04-06";"2021";"04";"06";153;25426;25286;13;2256;2;1018;164;22827
"2021-04-07";"2021";"04";"07";241;25667;25518;12;2268;4;1022;107;22934
"2021-04-08";"2021";"04";"08";145;25812;25710;9;2277;4;1026;187;23121
"2021-04-09";"2021";"04";"09";182;25994;25872;12;2289;3;1029;145;23266
"2021-04-10";"2021";"04";"10";37;26031;26001;2;2291;1;1030;72;23338
"2021-04-11";"2021";"04";"11";20;26051;26044;1;2292;2;1032;20;23358
"2021-04-12";"2021";"04";"12";178;26229;26054;9;2301;0;1032;110;23468
"2021-04-13";"2021";"04";"13";201;26430;26288;14;2315;1;1033;207;23675
"2021-04-14";"2021";"04";"14";180;26610;26508;11;2326;2;1035;104;23779
"2021-04-15";"2021";"04";"15";137;26747;26645;9;2335;4;1039;130;23909
"2021-04-16";"2021";"04";"16";81;26828;26761;8;2343;0;1039;46;23955
"2021-04-17";"2021";"04";"17";80;26908;26818;3;2346;1;1040;60;24015
"2021-04-18";"2021";"04";"18";21;26929;26935;2;2348;0;1040;27;24042
"2021-04-19";"2021";"04";"19";138;27067;26943;19;2367;1;1041;44;24086
"2021-04-20";"2021";"04";"20";229;27296;27118;17;2384;2;1043;141;24227
"2021-04-21";"2021";"04";"21";174;27470;27364;4;2388;5;1048;236;24463
"2021-04-22";"2021";"04";"22";149;27619;27501;9;2397;1;1049;144;24607
"2021-04-23";"2021";"04";"23";149;27768;27646;10;2407;0;1049;186;24793
"2021-04-24";"2021";"04";"24";58;27826;27760;2;2409;1;1050;40;24833
"2021-04-25";"2021";"04";"25";24;27850;27839;1;2410;1;1051;25;24858
"2021-04-26";"2021";"04";"26";184;28034;27864;22;2432;1;1052;168;25026
"2021-04-27";"2021";"04";"27";184;28218;28104;8;2440;2;1054;186;25212
"2021-04-28";"2021";"04";"28";151;28369;28282;8;2448;0;1054;190;25402
"2021-04-29";"2021";"04";"29";103;28472;28412;8;2456;3;1057;137;25539
"2021-04-30";"2021";"04";"30";103;28575;28515;11;2467;1;1058;79;25618
"2021-05-01";"2021";"05";"01";72;28647;28625;3;2470;1;1059;88;25706
"2021-05-02";"2021";"05";"02";14;28661;28657;2;2472;2;1061;23;25729
"2021-05-03";"2021";"05";"03";143;28804;28685;17;2489;2;1063;121;25850
"2021-05-04";"2021";"05";"04";173;28977;28819;7;2496;1;1064;216;26066
"2021-05-05";"2021";"05";"05";114;29091;28989;6;2502;3;1067;187;26253
"2021-05-06";"2021";"05";"06";111;29202;29112;6;2508;2;1069;152;26405
"2021-05-07";"2021";"05";"07";94;29296;29224;6;2514;1;1070;151;26556
"2021-05-08";"2021";"05";"08";56;29352;29284;2;2516;2;1072;61;26617
"2021-05-09";"2021";"05";"09";8;29360;29360;3;2519;1;1073;34;26651
"2021-05-10";"2021";"05";"10";111;29471;29379;17;2536;2;1075;163;26814
"2021-05-11";"2021";"05";"11";95;29566;29495;7;2543;1;1076;176;26990
"2021-05-12";"2021";"05";"12";93;29659;29620;5;2548;1;1077;151;27141
"2021-05-13";"2021";"05";"13";54;29713;29676;0;2548;3;1080;106;27247
"2021-05-14";"2021";"05";"14";49;29762;29718;10;2558;3;1083;107;27354
"2021-05-15";"2021";"05";"15";63;29825;29802;0;2558;0;1083;81;27435
"2021-05-16";"2021";"05";"16";5;29830;29823;3;2561;0;1083;20;27455
"2021-05-17";"2021";"05";"17";77;29907;29829;15;2576;1;1084;127;27582
"2021-05-18";"2021";"05";"18";115;30022;29963;5;2581;0;1084;169;27751
"2021-05-19";"2021";"05";"19";80;30102;30077;2;2583;0;1084;125;27876
"2021-05-20";"2021";"05";"20";50;30152;30138;4;2587;0;1084;118;27994
"2021-05-21";"2021";"05";"21";39;30191;30172;8;2595;4;1088;86;28080
"2021-05-22";"2021";"05";"22";23;30214;30209;1;2596;0;1088;63;28143
"2021-05-23";"2021";"05";"23";16;30230;30217;1;2597;2;1090;12;28155
"2021-05-24";"2021";"05";"24";17;30247;30223;2;2599;1;1091;93;28248
"2021-05-25";"2021";"05";"25";44;30291;30257;7;2606;0;1091;89;28337
"2021-05-26";"2021";"05";"26";32;30323;30307;3;2609;2;1093;108;28445
"2021-05-27";"2021";"05";"27";34;30357;30346;4;2613;0;1093;63;28508
"2021-05-28";"2021";"05";"28";25;30382;30367;1;2614;0;1093;48;28556
"2021-05-29";"2021";"05";"29";24;30406;30404;0;2614;0;1093;71;28627
"2021-05-30";"2021";"05";"30";3;30409;30410;0;2614;0;1093;12;28639
"2021-05-31";"2021";"05";"31";27;30436;30412;2;2616;1;1094;62;28701
"2021-06-01";"2021";"06";"01";31;30467;30455;1;2617;2;1096;108;28809
"2021-06-02";"2021";"06";"02";12;30479;30475;4;2621;0;1096;95;28904
"2021-06-03";"2021";"06";"03";15;30494;30491;1;2622;4;1100;48;28952
"2021-06-04";"2021";"06";"04";7;30501;30497;1;2623;1;1101;38;28990
"2021-06-05";"2021";"06";"05";13;30514;30510;0;2623;1;1102;27;29017
"2021-06-06";"2021";"06";"06";0;30514;30516;0;2623;0;1102;22;29039
"2021-06-07";"2021";"06";"07";9;30523;30520;2;2625;2;1104;15;29054
"2021-06-08";"2021";"06";"08";9;30532;30536;1;2626;0;1104;39;29093
"2021-06-09";"2021";"06";"09";5;30537;30542;2;2628;0;1104;49;29142
"2021-06-10";"2021";"06";"10";18;30555;30554;0;2628;1;1105;38;29180
"2021-06-11";"2021";"06";"11";4;30559;30563;1;2629;0;1105;29;29209
"2021-06-12";"2021";"06";"12";3;30562;30571;0;2629;1;1106;23;29232
"2021-06-13";"2021";"06";"13";1;30563;30571;0;2629;0;1106;12;29244
"2021-06-14";"2021";"06";"14";5;30568;30573;0;2629;0;1106;24;29268
"2021-06-15";"2021";"06";"15";7;30575;30582;0;2629;1;1107;33;29301
"2021-06-16";"2021";"06";"16";7;30582;30585;0;2629;0;1107;24;29325
"2021-06-17";"2021";"06";"17";11;30593;30585;3;2632;0;1107;20;29345
"2021-06-18";"2021";"06";"18";4;30597;30596;0;2632;1;1108;8;29353
"2021-06-19";"2021";"06";"19";3;30600;30605;0;2632;0;1108;17;29370
"2021-06-20";"2021";"06";"20";1;30601;30606;0;2632;0;1108;8;29378
"2021-06-21";"2021";"06";"21";5;30606;30608;3;2635;1;1109;6;29384
"2021-06-22";"2021";"06";"22";12;30618;30622;0;2635;0;1109;10;29394
"2021-06-23";"2021";"06";"23";5;30623;30626;0;2635;0;1109;4;29398
"2021-06-24";"2021";"06";"24";8;30631;30632;0;2635;0;1109;24;29422
"2021-06-25";"2021";"06";"25";10;30641;30646;0;2635;0;1109;7;29429
"2021-06-26";"2021";"06";"26";4;30645;30654;0;2635;0;1109;7;29436
"2021-06-27";"2021";"06";"27";1;30646;30654;0;2635;0;1109;2;29438
"2021-06-28";"2021";"06";"28";10;30656;30655;0;2635;0;1109;5;29443
"2021-06-29";"2021";"06";"29";8;30664;30667;0;2635;0;1109;7;29450
"2021-06-30";"2021";"06";"30";2;30666;30671;0;2635;0;1109;9;29459
"2021-07-01";"2021";"07";"01";5;30671;30676;0;2635;0;1109;9;29468
"2021-07-02";"2021";"07";"02";1;30672;30676;1;2636;0;1109;8;29476
"2021-07-03";"2021";"07";"03";1;30673;30678;0;2636;0;1109;4;29480
"2021-07-04";"2021";"07";"04";1;30674;30678;0;2636;0;1109;2;29482
"2021-07-05";"2021";"07";"05";2;30676;30679;1;2637;1;1110;2;29484
"2021-07-06";"2021";"07";"06";8;30684;30684;0;2637;0;1110;10;29494
"2021-07-07";"2021";"07";"07";6;30690;30692;0;2637;0;1110;7;29501
"2021-07-08";"2021";"07";"08";3;30693;30698;0;2637;0;1110;9;29510
"2021-07-09";"2021";"07";"09";2;30695;30699;0;2637;0;1110;13;29523
"2021-07-10";"2021";"07";"10";12;30707;30710;0;2637;0;1110;4;29527
"2021-07-11";"2021";"07";"11";0;30707;30711;0;2637;0;1110;1;29528
"2021-07-12";"2021";"07";"12";6;30713;30713;0;2637;0;1110;10;29538
"2021-07-13";"2021";"07";"13";20;30733;30727;1;2638;0;1110;8;29546
"2021-07-14";"2021";"07";"14";3;30736;30739;0;2638;0;1110;2;29548
"2021-07-15";"2021";"07";"15";7;30743;30744;2;2640;1;1111;4;29552
"2021-07-16";"2021";"07";"16";16;30759;30756;1;2641;0;1111;0;29552
"2021-07-17";"2021";"07";"17";9;30768;30764;0;2641;1;1112;3;29555
"2021-07-18";"2021";"07";"18";2;30770;30773;0;2641;0;1112;1;29556
"2021-07-19";"2021";"07";"19";5;30775;30779;2;2643;0;1112;1;29557
"2021-07-20";"2021";"07";"20";10;30785;30782;0;2643;0;1112;8;29565
"2021-07-21";"2021";"07";"21";10;30795;30794;1;2644;0;1112;8;29573
"2021-07-22";"2021";"07";"22";11;30806;30802;0;2644;1;1113;2;29575
"2021-07-23";"2021";"07";"23";22;30828;30819;2;2646;0;1113;2;29577
"2021-07-24";"2021";"07";"24";5;30833;30837;0;2646;0;1113;11;29588
"2021-07-25";"2021";"07";"25";2;30835;30841;0;2646;0;1113;0;29588
"2021-07-26";"2021";"07";"26";4;30839;30841;2;2648;0;1113;6;29594
"2021-07-27";"2021";"07";"27";20;30859;30855;1;2649;0;1113;19;29613
"2021-07-28";"2021";"07";"28";14;30873;30869;2;2651;0;1113;3;29616
"2021-07-29";"2021";"07";"29";8;30881;30878;0;2651;0;1113;5;29621
"2021-07-30";"2021";"07";"30";8;30889;30886;1;2652;1;1114;15;29636
"2021-07-31";"2021";"07";"31";6;30895;30896;0;2652;0;1114;9;29645
"2021-08-01";"2021";"08";"01";0;30895;30896;0;2652;0;1114;3;29648
"2021-08-02";"2021";"08";"02";10;30905;30896;1;2653;0;1114;3;29651
"2021-08-03";"2021";"08";"03";15;30920;30915;0;2653;0;1114;10;29661
"2021-08-04";"2021";"08";"04";5;30925;30923;0;2653;0;1114;10;29671
"2021-08-05";"2021";"08";"05";17;30942;30933;0;2653;0;1114;11;29682
"2021-08-06";"2021";"08";"06";9;30951;30953;2;2655;0;1114;20;29702
"2021-08-07";"2021";"08";"07";11;30962;30963;1;2656;0;1114;6;29708
"2021-08-08";"2021";"08";"08";1;30963;30966;0;2656;0;1114;2;29710
"2021-08-09";"2021";"08";"09";14;30977;30967;1;2657;0;1114;1;29711
"2021-08-10";"2021";"08";"10";19;30996;30986;0;2657;0;1114;19;29730
"2021-08-11";"2021";"08";"11";19;31015;30998;0;2657;0;1114;12;29742
"2021-08-12";"2021";"08";"12";32;31047;31022;0;2657;0;1114;9;29751
"2021-08-13";"2021";"08";"13";13;31060;31048;2;2659;0;1114;7;29758
"2021-08-14";"2021";"08";"14";27;31087;31067;0;2659;0;1114;8;29766
"2021-08-15";"2021";"08";"15";1;31088;31067;1;2660;0;1114;0;29766
"2021-08-16";"2021";"08";"16";20;31108;31081;2;2662;0;1114;9;29775
"2021-08-17";"2021";"08";"17";32;31140;31118;2;2664;0;1114;14;29789
"2021-08-18";"2021";"08";"18";33;31173;31150;1;2665;0;1114;7;29796
"2021-08-19";"2021";"08";"19";31;31204;31170;1;2666;0;1114;17;29813
"2021-08-20";"2021";"08";"20";25;31229;31203;3;2669;1;1115;7;29820
"2021-08-21";"2021";"08";"21";16;31245;31212;0;2669;0;1115;10;29830
"2021-08-22";"2021";"08";"22";12;31257;31214;0;2669;0;1115;3;29833
"2021-08-23";"2021";"08";"23";20;31277;31235;0;2669;0;1115;13;29846
"2021-08-24";"2021";"08";"24";60;31337;31297;1;2670;0;1115;19;29865
"2021-08-25";"2021";"08";"25";50;31387;31348;2;2672;0;1115;21;29886
"2021-08-26";"2021";"08";"26";35;31422;31376;2;2674;1;1116;32;29918
"2021-08-27";"2021";"08";"27";27;31449;31412;1;2675;0;1116;13;29931
"2021-08-28";"2021";"08";"28";6;31455;31443;0;2675;0;1116;27;29958
"2021-08-29";"2021";"08";"29";8;31463;31449;0;2675;0;1116;1;29959
"2021-08-30";"2021";"08";"30";45;31508;31454;4;2679;0;1116;16;29975
"2021-08-31";"2021";"08";"31";37;31545;31501;1;2680;0;1116;31;30006
"2021-09-01";"2021";"09";"01";40;31585;31532;3;2683;1;1117;32;30038
"2021-09-02";"2021";"09";"02";71;31656;31606;1;2684;0;1117;29;30067
"2021-09-03";"2021";"09";"03";24;31680;31630;3;2687;0;1117;23;30090
"2021-09-04";"2021";"09";"04";39;31719;31697;0;2687;1;1118;16;30106
"2021-09-05";"2021";"09";"05";13;31732;31697;0;2687;0;1118;14;30120
"2021-09-06";"2021";"09";"06";56;31788;31713;1;2688;0;1118;20;30140
"2021-09-07";"2021";"09";"07";84;31872;31785;3;2691;0;1118;58;30198
"2021-09-08";"2021";"09";"08";61;31933;31857;2;2693;1;1119;48;30246
"2021-09-09";"2021";"09";"09";42;31975;31910;0;2693;0;1119;33;30279
"2021-09-10";"2021";"09";"10";43;32018;31968;1;2694;0;1119;26;30305
"2021-09-11";"2021";"09";"11";53;32071;32048;1;2695;0;1119;5;30310
"2021-09-12";"2021";"09";"12";12;32083;32054;1;2696;0;1119;10;30320
"2021-09-13";"2021";"09";"13";60;32143;32062;5;2701;0;1119;43;30363
"2021-09-14";"2021";"09";"14";52;32195;32152;0;2701;0;1119;37;30400
"2021-09-15";"2021";"09";"15";44;32239;32183;2;2703;0;1119;40;30440
"2021-09-16";"2021";"09";"16";54;32293;32260;2;2705;0;1119;71;30511
"2021-09-17";"2021";"09";"17";51;32344;32306;3;2708;0;1119;22;30533
"2021-09-18";"2021";"09";"18";30;32374;32346;0;2708;1;1120;40;30573
"2021-09-19";"2021";"09";"19";16;32390;32373;1;2709;0;1120;15;30588
"2021-09-20";"2021";"09";"20";31;32421;32381;7;2716;0;1120;55;30643
"2021-09-21";"2021";"09";"21";63;32484;32446;1;2717;0;1120;82;30725
"2021-09-22";"2021";"09";"22";63;32547;32502;4;2721;0;1120;60;30785
"2021-09-23";"2021";"09";"23";62;32609;32552;2;2723;0;1120;44;30829
"2021-09-24";"2021";"09";"24";51;32660;32607;2;2725;0;1120;42;30871
"2021-09-25";"2021";"09";"25";32;32692;32644;1;2726;0;1120;52;30923
"2021-09-26";"2021";"09";"26";9;32701;32664;0;2726;0;1120;13;30936
"2021-09-27";"2021";"09";"27";55;32756;32675;2;2728;0;1120;55;30991
"2021-09-28";"2021";"09";"28";84;32840;32725;2;2730;1;1121;50;31041
"2021-09-29";"2021";"09";"29";81;32921;32859;1;2731;0;1121;45;31086
"2021-09-30";"2021";"09";"30";78;32999;32916;3;2734;1;1122;51;31137
"2021-10-01";"2021";"10";"01";77;33076;32996;3;2737;0;1122;50;31187
"2021-10-02";"2021";"10";"02";47;33123;33069;1;2738;0;1122;31;31218
"2021-10-03";"2021";"10";"03";6;33129;33094;0;2738;1;1123;17;31235
"2021-10-04";"2021";"10";"04";59;33188;33098;1;2739;0;1123;24;31259
"2021-10-05";"2021";"10";"05";131;33319;33203;4;2743;0;1123;62;31321
"2021-10-06";"2021";"10";"06";89;33408;33309;6;2749;0;1123;60;31381
"2021-10-07";"2021";"10";"07";84;33492;33400;3;2752;1;1124;61;31442
"2021-10-08";"2021";"10";"08";79;33571;33503;3;2755;0;1124;51;31493
"2021-10-09";"2021";"10";"09";40;33611;33564;2;2757;0;1124;31;31524
"2021-10-10";"2021";"10";"10";13;33624;33593;0;2757;1;1125;9;31533
"2021-10-11";"2021";"10";"11";81;33705;33604;9;2766;2;1127;52;31585
"2021-10-12";"2021";"10";"12";144;33849;33706;1;2767;0;1127;83;31668
"2021-10-13";"2021";"10";"13";121;33970;33816;4;2771;1;1128;82;31750
"2021-10-14";"2021";"10";"14";106;34076;33940;2;2773;0;1128;74;31824
"2021-10-15";"2021";"10";"15";164;34240;34089;5;2778;0;1128;75;31899
"2021-10-16";"2021";"10";"16";20;34260;34205;2;2780;1;1129;48;31947
"2021-10-17";"2021";"10";"17";49;34309;34225;0;2780;3;1132;7;31954
"2021-10-18";"2021";"10";"18";116;34425;34299;14;2794;0;1132;54;32008
"2021-10-19";"2021";"10";"19";297;34722;34420;4;2798;2;1134;124;32132
"2021-10-20";"2021";"10";"20";280;35002;34773;6;2804;0;1134;88;32220
"2021-10-21";"2021";"10";"21";229;35231;34979;4;2808;4;1138;77;32297
"2021-10-22";"2021";"10";"22";331;35562;35183;7;2815;2;1140;75;32372
"2021-10-23";"2021";"10";"23";52;35614;35523;2;2817;4;1144;39;32411
"2021-10-24";"2021";"10";"24";93;35707;35550;3;2820;1;1145;14;32425
"2021-10-25";"2021";"10";"25";215;35922;35665;19;2839;2;1147;69;32494
"2021-10-26";"2021";"10";"26";470;36392;35953;18;2857;4;1151;140;32634
"2021-10-27";"2021";"10";"27";358;36750;36382;16;2873;1;1152;117;32751
"2021-10-28";"2021";"10";"28";313;37063;36699;13;2886;4;1156;99;32850
"2021-10-29";"2021";"10";"29";225;37288;37081;14;2900;1;1157;158;33008
"2021-10-30";"2021";"10";"30";290;37578;37422;5;2905;4;1161;14;33022
"2021-10-31";"2021";"10";"31";96;37674;37452;5;2910;2;1163;52;33074
"2021-11-01";"2021";"11";"01";497;38171;37604;32;2942;4;1167;95;33169
"2021-11-02";"2021";"11";"02";692;38863;37885;16;2958;5;1172;284;33453
"2021-11-03";"2021";"11";"03";563;39426;38590;15;2973;3;1175;272;33725
"2021-11-04";"2021";"11";"04";685;40111;39146;16;2989;2;1177;229;33954
"2021-11-05";"2021";"11";"05";542;40653;39742;16;3005;3;1180;327;34281
"2021-11-06";"2021";"11";"06";260;40913;40347;9;3014;5;1185;51;34332
"2021-11-07";"2021";"11";"07";229;41142;40370;6;3020;3;1188;92;34424
"2021-11-08";"2021";"11";"08";716;41858;40687;32;3052;3;1191;192;34616
"2021-11-09";"2021";"11";"09";1232;43090;41135;16;3068;5;1196;444;35060
"2021-11-10";"2021";"11";"10";971;44061;41807;13;3081;1;1197;345;35405
"2021-11-11";"2021";"11";"11";1039;45100;42399;14;3095;6;1203;302;35707
"2021-11-12";"2021";"11";"12";1104;46204;43096;15;3110;3;1206;215;35922
"2021-11-13";"2021";"11";"13";492;46696;44074;5;3115;4;1210;288;36210
"2021-11-14";"2021";"11";"14";294;46990;44152;6;3121;7;1217;97;36307
"2021-11-15";"2021";"11";"15";1144;48134;44613;25;3146;4;1221;463;36770
"2021-11-16";"2021";"11";"16";1570;49704;45534;25;3171;6;1227;667;37437
"2021-11-17";"2021";"11";"17";937;50641;46485;9;3180;2;1229;559;37996
"2021-11-18";"2021";"11";"18";1104;51745;47248;36;3216;1;1230;673;38669
"2021-11-19";"2021";"11";"19";1481;53226;48231;23;3239;11;1241;529;39198
"2021-11-20";"2021";"11";"20";905;54131;49336;10;3249;9;1250;255;39453
"2021-11-21";"2021";"11";"21";400;54531;49340;15;3264;7;1257;226;39679
"2021-11-22";"2021";"11";"22";1382;55913;49865;37;3301;7;1264;669;40348
"2021-11-23";"2021";"11";"23";1660;57573;51258;38;3339;3;1267;1211;41559
"2021-11-24";"2021";"11";"24";1085;58658;53314;30;3369;9;1276;952;42511
"2021-11-25";"2021";"11";"25";1474;60132;54857;28;3397;9;1285;1021;43532
"2021-11-26";"2021";"11";"26";1195;61327;57082;20;3417;9;1294;1070;44602
"2021-11-27";"2021";"11";"27";769;62096;58815;8;3425;9;1303;484;45086
"2021-11-28";"2021";"11";"28";286;62382;58870;10;3435;11;1314;292;45378
"2021-11-29";"2021";"11";"29";882;63264;59832;35;3470;10;1324;1095;46473
"2021-11-30";"2021";"11";"30";1326;64590;61864;30;3500;5;1329;1512;47985
"2021-12-01";"2021";"12";"01";1117;65707;63820;30;3530;9;1338;936;48921
"2021-12-02";"2021";"12";"02";882;66589;64924;35;3565;6;1344;1039;49960
"2021-12-03";"2021";"12";"03";1003;67592;65958;17;3582;13;1357;1439;51399
"2021-12-04";"2021";"12";"04";535;68127;66053;5;3587;6;1363;907;52306
"2021-12-05";"2021";"12";"05";193;68320;66923;11;3598;5;1368;392;52698
"2021-12-06";"2021";"12";"06";982;69302;67676;44;3642;10;1378;1303;54001
"2021-12-07";"2021";"12";"07";1254;70556;68691;26;3668;5;1383;1611;55612
"2021-12-08";"2021";"12";"08";866;71422;69947;46;3714;4;1387;1164;56776
"2021-12-09";"2021";"12";"09";887;72309;71015;21;3735;7;1394;1354;58130
"2021-12-10";"2021";"12";"10";787;73096;72011;20;3755;8;1402;971;59101
"2021-12-11";"2021";"12";"11";479;73575;73047;7;3762;2;1404;1045;60146
"2021-12-12";"2021";"12";"12";157;73732;73062;5;3767;4;1408;284;60430
"2021-12-13";"2021";"12";"13";864;74596;73310;32;3799;8;1416;815;61245
"2021-12-14";"2021";"12";"14";1053;75649;74391;29;3828;9;1425;1283;62528
"2021-12-15";"2021";"12";"15";689;76338;75332;24;3852;6;1431;1087;63615
"2021-12-16";"2021";"12";"16";761;77099;76121;15;3867;7;1438;860;64475
"2021-12-17";"2021";"12";"17";542;77641;76854;23;3890;9;1447;1158;65633
"2021-12-18";"2021";"12";"18";206;77847;77085;12;3902;4;1451;621;66254
"2021-12-19";"2021";"12";"19";179;78026;77178;6;3908;3;1454;208;66462
"2021-12-20";"2021";"12";"20";550;78576;77741;41;3949;3;1457;918;67380
"2021-12-21";"2021";"12";"21";936;79512;78493;30;3979;4;1461;1213;68593
"2021-12-22";"2021";"12";"22";422;79934;79472;23;4002;4;1465;834;69427
"2021-12-23";"2021";"12";"23";401;80335;79939;18;4020;5;1470;906;70333
"2021-12-24";"2021";"12";"24";187;80522;80410;3;4023;2;1472;801;71134
"2021-12-25";"2021";"12";"25";113;80635;80512;6;4029;6;1478;495;71629
"2021-12-26";"2021";"12";"26";124;80759;80554;4;4033;2;1480;169;71798
"2021-12-27";"2021";"12";"27";544;81303;80663;23;4056;6;1486;821;72619
"2021-12-28";"2021";"12";"28";486;81789;81370;22;4078;6;1492;1022;73641
"2021-12-29";"2021";"12";"29";325;82114;81838;12;4090;6;1498;679;74320
"2021-12-30";"2021";"12";"30";415;82529;82168;10;4100;4;1502;773;75093
"2021-12-31";"2021";"12";"31";132;82661;82679;3;4103;4;1506;542;75635
"2022-01-01";"2022";"01";"01";160;82821;82811;4;4107;4;1510;226;75861
"2022-01-02";"2022";"01";"02";61;82882;82822;5;4112;3;1513;189;76050
"2022-01-03";"2022";"01";"03";656;83538;82900;29;4141;5;1518;504;76554
"2022-01-04";"2022";"01";"04";529;84067;83653;17;4158;2;1520;905;77459
"2022-01-05";"2022";"01";"05";339;84406;84215;16;4174;5;1525;442;77901
"2022-01-06";"2022";"01";"06";313;84719;84571;9;4183;2;1527;410;78311
"2022-01-07";"2022";"01";"07";242;84961;84855;6;4189;5;1532;210;78521
"2022-01-08";"2022";"01";"08";146;85107;85188;2;4191;3;1535;126;78647
"2022-01-09";"2022";"01";"09";80;85187;85222;4;4195;3;1538;135;78782
"2022-01-10";"2022";"01";"10";411;85598;85264;21;4216;2;1540;521;79303
"2022-01-11";"2022";"01";"11";357;85955;85625;8;4224;4;1544;467;79770
"2022-01-12";"2022";"01";"12";348;86303;85901;7;4231;0;1544;335;80105
"2022-01-13";"2022";"01";"13";303;86606;86237;8;4239;2;1546;411;80516
"2022-01-14";"2022";"01";"14";370;86976;86892;15;4254;2;1548;145;80661
"2022-01-15";"2022";"01";"15";213;87189;87066;0;4254;3;1551;167;80828
"2022-01-16";"2022";"01";"16";134;87323;87099;3;4257;2;1553;70;80898
"2022-01-17";"2022";"01";"17";702;88025;87192;7;4264;0;1553;881;81779
"2022-01-18";"2022";"01";"18";694;88719;87980;3;4267;1;1554;510;82289
"2022-01-19";"2022";"01";"19";683;89402;88676;2;4269;7;1561;359;82648
"2022-01-20";"2022";"01";"20";621;90023;89417;11;4280;0;1561;329;82977
"2022-01-21";"2022";"01";"21";527;90550;90001;3;4283;1;1562;250;83227
"2022-01-22";"2022";"01";"22";303;90853;90619;2;4285;1;1563;151;83378
"2022-01-23";"2022";"01";"23";199;91052;90663;2;4287;1;1564;80;83458
"2022-01-24";"2022";"01";"24";1169;92221;90911;11;4298;0;1564;400;83858
"2022-01-25";"2022";"01";"25";1317;93538;92315;5;4303;1;1565;359;84217
"2022-01-26";"2022";"01";"26";1145;94683;93539;10;4313;2;1567;370;84587
"2022-01-27";"2022";"01";"27";943;95626;94709;6;4319;0;1567;315;84902
"2022-01-28";"2022";"01";"28";1006;96632;95628;12;4331;2;1569;364;85266
"2022-01-29";"2022";"01";"29";424;97056;96608;1;4332;1;1570;228;85494
"2022-01-30";"2022";"01";"30";243;97299;96610;1;4333;1;1571;134;85628
"2022-01-31";"2022";"01";"31";1500;98799;97108;16;4349;0;1571;696;86324
"2022-02-01";"2022";"02";"01";1662;100461;98823;10;4359;0;1571;689;87013
"2022-02-02";"2022";"02";"02";1349;101810;100400;10;4369;1;1572;714;87727
"2022-02-03";"2022";"02";"03";1244;103054;101789;9;4378;0;1572;628;88355
"2022-02-04";"2022";"02";"04";1104;104158;102966;5;4383;1;1573;537;88892
"2022-02-05";"2022";"02";"05";491;104649;103981;1;4384;0;1573;307;89199
"2022-02-06";"2022";"02";"06";297;104946;104010;0;4384;1;1574;203;89402
"2022-02-07";"2022";"02";"07";1803;106749;104617;18;4402;2;1576;1161;90563
"2022-02-08";"2022";"02";"08";1769;108518;106623;13;4415;2;1578;1322;91885
"2022-02-09";"2022";"02";"09";1618;110136;108558;7;4422;1;1579;1155;93040
"2022-02-10";"2022";"02";"10";1354;111490;110138;13;4435;0;1579;932;93972
"2022-02-11";"2022";"02";"11";960;112450;111327;11;4446;0;1579;997;94969
"2022-02-12";"2022";"02";"12";873;113323;112448;2;4448;1;1580;437;95406
"2022-02-13";"2022";"02";"13";322;113645;112474;4;4452;1;1581;254;95660
"2022-02-14";"2022";"02";"14";1485;115130;113315;27;4479;1;1582;1485;97145
"2022-02-15";"2022";"02";"15";1250;116380;115148;12;4491;1;1583;1660;98805
"2022-02-16";"2022";"02";"16";952;117332;116165;10;4501;1;1584;1348;100153
"2022-02-17";"2022";"02";"17";1163;118495;117046;11;4512;1;1585;1245;101398
"2022-02-18";"2022";"02";"18";903;119398;118266;9;4521;2;1587;1100;102498
"2022-02-19";"2022";"02";"19";515;119913;118981;1;4522;4;1591;465;102963
"2022-02-20";"2022";"02";"20";436;120349;119076;1;4523;0;1591;299;103262
"2022-02-21";"2022";"02";"21";1483;121832;119875;22;4545;1;1592;1794;105056
"2022-02-22";"2022";"02";"22";1192;123024;121483;15;4560;0;1592;1764;106820
"2022-02-23";"2022";"02";"23";1420;124444;122958;7;4567;2;1594;1621;108441
"2022-02-24";"2022";"02";"24";1200;125644;124299;15;4582;2;1596;1336;109777
"2022-02-25";"2022";"02";"25";798;126442;125460;21;4603;0;1596;956;110733
"2022-02-26";"2022";"02";"26";585;127027;126183;2;4605;1;1597;845;111578
"2022-02-27";"2022";"02";"27";298;127325;126196;2;4607;1;1598;326;111904
"2022-02-28";"2022";"02";"28";1590;128915;126889;22;4629;6;1604;1458;113362
"2022-03-01";"2022";"03";"01";1830;130745;128333;11;4640;1;1605;1211;114573
"2022-03-02";"2022";"03";"02";1365;132110;130052;11;4651;1;1606;947;115520
"2022-03-03";"2022";"03";"03";1206;133316;131983;20;4671;1;1607;1156;116676
"2022-03-04";"2022";"03";"04";982;134298;133074;6;4677;2;1609;900;117576
"2022-03-05";"2022";"03";"05";792;135090;134704;2;4679;0;1609;523;118099
"2022-03-06";"2022";"03";"06";375;135465;134828;1;4680;1;1610;442;118541
"2022-03-07";"2022";"03";"07";2046;137511;134895;26;4706;0;1610;1457;119998
"2022-03-08";"2022";"03";"08";2085;139596;136420;23;4729;2;1612;1175;121173
"2022-03-09";"2022";"03";"09";2098;141694;138894;20;4749;1;1613;1428;122601
"2022-03-10";"2022";"03";"10";1808;143502;141272;17;4766;2;1615;1192;123793
"2022-03-11";"2022";"03";"11";1927;145429;143140;13;4779;0;1615;772;124565
"2022-03-12";"2022";"03";"12";1111;146540;144438;1;4780;1;1616;636;125201
"2022-03-13";"2022";"03";"13";392;146932;144459;1;4781;0;1616;305;125506
"2022-03-14";"2022";"03";"14";2866;149798;145794;30;4811;5;1621;1564;127070
"2022-03-15";"2022";"03";"15";2596;152394;147554;23;4834;2;1623;1810;128880
"2022-03-16";"2022";"03";"16";2806;155200;150829;19;4853;0;1623;1368;130248
"2022-03-17";"2022";"03";"17";2704;157904;153110;26;4879;2;1625;1195;131443
"2022-03-18";"2022";"03";"18";2600;160504;155843;21;4900;0;1625;990;132433
"2022-03-19";"2022";"03";"19";1530;162034;157845;8;4908;1;1626;816;133249
"2022-03-20";"2022";"03";"20";377;162411;157880;7;4915;3;1629;381;133630
"2022-03-21";"2022";"03";"21";3064;165475;159063;38;4953;1;1630;2012;135642
"2022-03-22";"2022";"03";"22";2969;168444;162046;19;4972;3;1633;2053;137695
"2022-03-23";"2022";"03";"23";2137;170581;165040;13;4985;2;1635;2092;139787
"2022-03-24";"2022";"03";"24";2199;172780;167684;28;5013;2;1637;1804;141591
"2022-03-25";"2022";"03";"25";1781;174561;170105;11;5024;5;1642;1925;143516
"2022-03-26";"2022";"03";"26";831;175392;171437;6;5030;4;1646;1141;144657
"2022-03-27";"2022";"03";"27";426;175818;171478;6;5036;3;1649;405;145062
"2022-03-28";"2022";"03";"28";2364;178182;172759;33;5069;0;1649;2830;147892
"2022-03-29";"2022";"03";"29";1971;180153;175155;12;5081;0;1649;2567;150459
"2022-03-30";"2022";"03";"30";2198;182351;177995;17;5098;2;1651;2794;153253
"2022-03-31";"2022";"03";"31";1289;183640;181646;11;5109;6;1657;2681;155934
"2022-04-01";"2022";"04";"01";1010;184650;183476;22;5131;3;1660;2593;158527
"2022-04-02";"2022";"04";"02";588;185238;184608;4;5135;2;1662;1590;160117
"2022-04-03";"2022";"04";"03";216;185454;184608;8;5143;1;1663;371;160488
"2022-04-04";"2022";"04";"04";1810;187264;185004;15;5158;1;1664;3030;163518
"2022-04-05";"2022";"04";"05";1439;188703;186558;6;5164;0;1664;2951;166469
"2022-04-06";"2022";"04";"06";1064;189767;188598;19;5183;2;1666;2150;168619
"2022-04-07";"2022";"04";"07";1065;190832;189674;13;5196;1;1667;2204;170823
"2022-04-08";"2022";"04";"08";887;191719;190794;15;5211;2;1669;1788;172611
"2022-04-09";"2022";"04";"09";448;192167;191959;2;5213;2;1671;842;173453
"2022-04-10";"2022";"04";"10";272;192439;192093;4;5217;1;1672;429;173882
"2022-04-11";"2022";"04";"11";1316;193755;192120;21;5238;0;1672;2332;176214
"2022-04-12";"2022";"04";"12";1263;195018;193841;17;5255;1;1673;1957;178171
"2022-04-13";"2022";"04";"13";747;195765;194955;17;5272;0;1673;2206;180377
"2022-04-14";"2022";"04";"14";783;196548;195840;19;5291;3;1676;1302;181679
"2022-04-15";"2022";"04";"15";230;196778;196396;4;5295;1;1677;1019;182698
"2022-04-16";"2022";"04";"16";259;197037;196514;3;5298;1;1678;611;183309
"2022-04-17";"2022";"04";"17";163;197200;196616;7;5305;2;1680;224;183533
"2022-04-18";"2022";"04";"18";380;197580;196892;4;5309;3;1683;1797;185330
"2022-04-19";"2022";"04";"19";1405;198985;197468;36;5345;1;1684;1441;186771
"2022-04-20";"2022";"04";"20";837;199822;198937;12;5357;3;1687;1085;187856
"2022-04-21";"2022";"04";"21";806;200628;199782;6;5363;1;1688;1064;188920
"2022-04-22";"2022";"04";"22";503;201131;200432;9;5372;1;1689;883;189803
"2022-04-23";"2022";"04";"23";202;201333;200457;6;5378;1;1690;470;190273
"2022-04-24";"2022";"04";"24";240;201573;200483;5;5383;0;1690;278;190551
"2022-04-25";"2022";"04";"25";1110;202683;201356;16;5399;2;1692;1296;191847
"2022-04-26";"2022";"04";"26";608;203291;202586;9;5408;2;1694;1259;193106
"2022-04-27";"2022";"04";"27";572;203863;203238;7;5415;1;1695;708;193814
"2022-04-28";"2022";"04";"28";499;204362;203819;6;5421;2;1697;841;194655
"2022-04-29";"2022";"04";"29";384;204746;204290;12;5433;1;1698;245;194900
"2022-04-30";"2022";"04";"30";159;204905;204671;4;5437;0;1698;258;195158
"2022-05-01";"2022";"05";"01";100;205005;204318;4;5441;1;1699;176;195334
"2022-05-02";"2022";"05";"02";706;205711;204822;15;5456;0;1699;380;195714
"2022-05-03";"2022";"05";"03";582;206293;205578;8;5464;3;1702;1378;197092
"2022-05-04";"2022";"05";"04";332;206625;206214;4;5468;1;1703;835;197927
"2022-05-05";"2022";"05";"05";361;206986;206582;5;5473;0;1703;804;198731
"2022-05-06";"2022";"05";"06";270;207256;206887;3;5476;1;1704;580;199311
"2022-05-07";"2022";"05";"07";122;207378;206948;0;5476;0;1704;140;199451
"2022-05-08";"2022";"05";"08";69;207447;206969;3;5479;1;1705;249;199700
"2022-05-09";"2022";"05";"09";510;207957;207267;10;5489;1;1706;1092;200792
"2022-05-10";"2022";"05";"10";331;208288;207944;11;5500;0;1706;604;201396
"2022-05-11";"2022";"05";"11";280;208568;208240;2;5502;1;1707;587;201983
"2022-05-12";"2022";"05";"12";252;208820;208564;6;5508;2;1709;508;202491
"2022-05-13";"2022";"05";"13";228;209048;208838;6;5514;0;1709;390;202881
"2022-05-14";"2022";"05";"14";128;209176;208894;1;5515;1;1710;185;203066
"2022-05-15";"2022";"05";"15";94;209270;208951;1;5516;2;1712;100;203166
"2022-05-16";"2022";"05";"16";325;209595;209172;13;5529;0;1712;695;203861
"2022-05-17";"2022";"05";"17";291;209886;209594;7;5536;0;1712;589;204450
"2022-05-18";"2022";"05";"18";195;210081;209887;4;5540;1;1713;331;204781
"2022-05-19";"2022";"05";"19";220;210301;210234;3;5543;1;1714;389;205170
"2022-05-20";"2022";"05";"20";178;210479;210255;9;5552;2;1716;271;205441
"2022-05-21";"2022";"05";"21";70;210549;210255;1;5553;0;1716;128;205569
"2022-05-22";"2022";"05";"22";74;210623;210255;0;5553;0;1716;75;205644
"2022-05-23";"2022";"05";"23";265;210888;210407;8;5561;1;1717;504;206148
"2022-05-24";"2022";"05";"24";165;211053;210864;5;5566;0;1717;321;206469
"2022-05-25";"2022";"05";"25";122;211175;211055;5;5571;1;1718;295;206764
"2022-05-26";"2022";"05";"26";67;211242;211208;0;5571;2;1720;253;207017
"2022-05-27";"2022";"05";"27";158;211400;211221;6;5577;0;1720;229;207246
"2022-05-28";"2022";"05";"28";44;211444;211403;1;5578;1;1721;132;207378
"2022-05-29";"2022";"05";"29";42;211486;211425;0;5578;1;1722;105;207483
"2022-05-30";"2022";"05";"30";272;211758;211441;7;5585;1;1723;315;207798
"2022-05-31";"2022";"05";"31";246;212004;211727;2;5587;0;1723;289;208087
"2022-06-01";"2022";"06";"01";175;212179;211964;2;5589;1;1724;205;208292
"2022-06-02";"2022";"06";"02";218;212397;212123;5;5594;2;1726;224;208516
"2022-06-03";"2022";"06";"03";130;212527;212361;2;5596;0;1726;173;208689
"2022-06-04";"2022";"06";"04";145;212672;212617;3;5599;0;1726;73;208762
"2022-06-05";"2022";"06";"05";62;212734;212654;3;5602;0;1726;77;208839
"2022-06-06";"2022";"06";"06";138;212872;212742;2;5604;0;1726;257;209096
"2022-06-07";"2022";"06";"07";407;213279;212750;4;5608;0;1726;164;209260
"2022-06-08";"2022";"06";"08";402;213681;213263;9;5617;0;1726;129;209389
"2022-06-09";"2022";"06";"09";324;214005;213641;4;5621;2;1728;75;209464
"2022-06-10";"2022";"06";"10";311;214316;213952;2;5623;0;1728;153;209617
"2022-06-11";"2022";"06";"11";126;214442;214376;1;5624;0;1728;50;209667
"2022-06-12";"2022";"06";"12";89;214531;214400;1;5625;0;1728;49;209716
"2022-06-13";"2022";"06";"13";531;215062;214416;11;5636;0;1728;266;209982
"2022-06-14";"2022";"06";"14";529;215591;214947;3;5639;0;1728;245;210227
"2022-06-15";"2022";"06";"15";368;215959;215494;4;5643;0;1728;168;210395
"2022-06-16";"2022";"06";"16";451;216410;215914;6;5649;1;1729;220;210615
"2022-06-17";"2022";"06";"17";384;216794;216332;5;5654;0;1729;132;210747
"2022-06-18";"2022";"06";"18";215;217009;216895;0;5654;0;1729;145;210892
"2022-06-19";"2022";"06";"19";169;217178;216997;1;5655;0;1729;68;210960
"2022-06-20";"2022";"06";"20";698;217876;217006;5;5660;0;1729;136;211096
"2022-06-21";"2022";"06";"21";588;218464;217780;3;5663;0;1729;403;211499
"2022-06-22";"2022";"06";"22";560;219024;218492;0;5663;0;1729;402;211901
"2022-06-23";"2022";"06";"23";507;219531;219015;12;5675;0;1729;324;212225
"2022-06-24";"2022";"06";"24";491;220022;219515;4;5679;0;1729;313;212538
"2022-06-25";"2022";"06";"25";222;220244;220091;1;5680;0;1729;125;212663
"2022-06-26";"2022";"06";"26";140;220384;220115;0;5680;0;1729;95;212758
"2022-06-27";"2022";"06";"27";729;221113;220136;16;5696;0;1729;520;213278
"2022-06-28";"2022";"06";"28";788;221901;221055;10;5706;0;1729;526;213804
"2022-06-29";"2022";"06";"29";620;222521;221868;4;5710;0;1729;370;214174
"2022-06-30";"2022";"06";"30";488;223009;222498;14;5724;0;1729;449;214623
"2022-07-01";"2022";"07";"01";475;223484;222923;6;5730;0;1729;381;215004
"2022-07-02";"2022";"07";"02";181;223665;223611;0;5730;0;1729;219;215223
"2022-07-03";"2022";"07";"03";117;223782;223668;1;5731;0;1729;170;215393
"2022-07-04";"2022";"07";"04";619;224401;223694;17;5748;0;1729;696;216089
"2022-07-05";"2022";"07";"05";715;225116;224359;6;5754;0;1729;588;216677
"2022-07-06";"2022";"07";"06";564;225680;225107;6;5760;0;1729;559;217236
"2022-07-07";"2022";"07";"07";457;226137;225671;12;5772;0;1729;500;217736
"2022-07-08";"2022";"07";"08";382;226519;226156;4;5776;0;1729;497;218233
"2022-07-09";"2022";"07";"09";194;226713;226713;0;5776;0;1729;223;218456
"2022-07-10";"2022";"07";"10";70;226783;226783;0;5776;0;1729;142;218598
"2022-07-11";"2022";"07";"11";8;226791;226791;0;5776;0;1729;714;219312
