"Datum";"Jahr";"Monat";"Tag";"Laborbestätigte Fälle (Meldedatum)";"Laborbestätigte Fälle (kumuliert)";"Laborbestätigte Fälle (übermittelt)";"Einweisung Krankenhaus";"Einweisung Krankenhaus (kumuliert)";"Sterbefälle";"Sterbefälle (kumuliert)";"Genesene (geschätzt)";"Genesene (geschätzt, kumuliert)"
"2020-03-07";"2020";"03 ";"07";2;2;2;0;0;0;0;0;0
"2020-03-08";"2020";"03 ";"08";0;2;2;0;0;0;0;0;0
"2020-03-09";"2020";"03 ";"09";1;3;2;0;0;0;0;0;0
"2020-03-10";"2020";"03 ";"10";2;5;5;0;0;0;0;0;0
"2020-03-11";"2020";"03 ";"11";4;9;5;0;0;0;0;0;0
"2020-03-12";"2020";"03 ";"12";6;15;5;0;0;0;0;0;0
"2020-03-13";"2020";"03 ";"13";7;22;11;0;0;0;0;0;0
"2020-03-14";"2020";"03 ";"14";11;33;17;0;0;0;0;0;0
"2020-03-15";"2020";"03 ";"15";4;37;17;0;0;0;0;0;0
"2020-03-16";"2020";"03 ";"16";5;42;24;0;0;0;0;0;0
"2020-03-17";"2020";"03 ";"17";17;59;34;1;1;0;0;0;0
"2020-03-18";"2020";"03 ";"18";16;75;49;2;3;0;0;0;0
"2020-03-19";"2020";"03 ";"19";28;103;59;1;4;0;0;0;0
"2020-03-20";"2020";"03 ";"20";21;124;96;1;5;0;0;0;0
"2020-03-21";"2020";"03 ";"21";35;159;114;0;5;0;0;2;2
"2020-03-22";"2020";"03 ";"22";0;159;138;1;6;0;0;0;2
"2020-03-23";"2020";"03 ";"23";17;176;153;3;9;1;1;0;2
"2020-03-24";"2020";"03 ";"24";41;217;166;5;14;1;2;1;3
"2020-03-25";"2020";"03 ";"25";13;230;215;3;17;0;2;4;7
"2020-03-26";"2020";"03 ";"26";34;264;238;3;20;0;2;6;13
"2020-03-27";"2020";"03 ";"27";36;300;286;7;27;0;2;7;20
"2020-03-28";"2020";"03 ";"28";24;324;313;1;28;1;3;11;31
"2020-03-29";"2020";"03 ";"29";9;333;319;2;30;0;3;4;35
"2020-03-30";"2020";"03 ";"30";18;351;338;7;37;1;4;4;39
"2020-03-31";"2020";"03 ";"31";19;370;357;1;38;0;4;16;55
"2020-04-01";"2020";"04";"01 ";21;391;377;3;41;0;4;13;68
"2020-04-02";"2020";"04";"02 ";10;401;397;1;42;0;4;27;95
"2020-04-03";"2020";"04";"03 ";26;427;406;7;49;0;4;20;115
"2020-04-04";"2020";"04";"04";20;447;444;2;51;1;5;34;149
"2020-04-05";"2020";"04";"05";4;451;447;1;52;0;5;-1;148
"2020-04-06";"2020";"04";"06";4;455;454;3;55;0;5;14;162
"2020-04-07";"2020";"04";"07";9;464;457;1;56;0;5;36;198
"2020-04-08";"2020";"04";"08";9;473;465;0;56;0;5;12;210
"2020-04-09";"2020";"04";"09";7;480;475;1;57;0;5;32;242
"2020-04-10";"2020";"04";"10";0;480;484;0;57;0;5;29;271
"2020-04-11";"2020";"04";"11";4;484;485;0;57;0;5;23;294
"2020-04-12";"2020";"04";"12";4;488;490;0;57;0;5;8;302
"2020-04-13";"2020";"04";"13";1;489;490;0;57;0;5;11;313
"2020-04-14";"2020";"04";"14";5;494;491;1;58;0;5;18;331
"2020-04-15";"2020";"04";"15";8;502;496;2;60;1;6;19;350
"2020-04-16";"2020";"04";"16";2;504;502;2;62;0;6;10;360
"2020-04-17";"2020";"04";"17";17;521;507;1;63;0;6;19;379
"2020-04-18";"2020";"04";"18";0;521;515;0;63;1;7;19;398
"2020-04-19";"2020";"04";"19";1;522;523;0;63;0;7;3;401
"2020-04-20";"2020";"04";"20";3;525;523;0;63;0;7;1;402
"2020-04-21";"2020";"04";"21";8;533;525;0;63;0;7;9;411
"2020-04-22";"2020";"04";"22";4;537;532;1;64;0;7;12;423
"2020-04-23";"2020";"04";"23";1;538;537;0;64;0;7;11;434
"2020-04-24";"2020";"04";"24";6;544;540;0;64;0;7;1;435
"2020-04-25";"2020";"04";"25";3;547;548;0;64;0;7;6;441
"2020-04-26";"2020";"04";"26";5;552;550;0;64;0;7;11;452
"2020-04-27";"2020";"04";"27";0;552;553;0;64;1;8;2;454
"2020-04-28";"2020";"04";"28";4;556;554;2;66;0;8;5;459
"2020-04-29";"2020";"04";"29";6;562;558;2;68;0;8;12;471
"2020-04-30";"2020";"04";"30";3;565;560;1;69;0;8;1;472
"2020-05-01";"2020";"05";"01 ";1;566;566;0;69;0;8;18;490
"2020-05-02";"2020";"05";"02 ";1;567;567;0;69;1;9;1;491
"2020-05-03";"2020";"05";"03 ";1;568;568;0;69;0;9;9;500
"2020-05-04";"2020";"05";"04";0;568;570;0;69;0;9;5;505
"2020-05-05";"2020";"05";"05";8;576;575;0;69;0;9;9;514
"2020-05-06";"2020";"05";"06";6;582;578;0;69;1;10;5;519
"2020-05-07";"2020";"05";"07";3;585;583;0;69;0;10;1;520
"2020-05-08";"2020";"05";"08";5;590;585;0;69;0;10;6;526
"2020-05-09";"2020";"05";"09";3;593;590;0;69;0;10;4;530
"2020-05-10";"2020";"05";"10";0;593;593;0;69;0;10;5;535
"2020-05-11";"2020";"05";"11";1;594;593;0;69;0;10;0;535
"2020-05-12";"2020";"05";"12";1;595;593;0;69;0;10;2;537
"2020-05-13";"2020";"05";"13";3;598;594;1;70;0;10;4;541
"2020-05-14";"2020";"05";"14";6;604;595;2;72;0;10;3;544
"2020-05-15";"2020";"05";"15";3;607;602;1;73;1;11;4;548
"2020-05-16";"2020";"05";"16";0;607;604;0;73;0;11;2;550
"2020-05-17";"2020";"05";"17";0;607;604;0;73;0;11;2;552
"2020-05-18";"2020";"05";"18";4;611;605;1;74;0;11;0;552
"2020-05-19";"2020";"05";"19";4;615;608;0;74;0;11;8;560
"2020-05-20";"2020";"05";"20";1;616;612;0;74;0;11;6;566
"2020-05-21";"2020";"05";"21";4;620;613;1;75;0;11;3;569
"2020-05-22";"2020";"05";"22";0;620;617;0;75;0;11;6;575
"2020-05-23";"2020";"05";"23";0;620;617;0;75;0;11;3;578
"2020-05-24";"2020";"05";"24";0;620;617;0;75;0;11;0;578
"2020-05-25";"2020";"05";"25";0;620;617;0;75;0;11;0;578
"2020-05-26";"2020";"05";"26";2;622;618;0;75;0;11;1;579
"2020-05-27";"2020";"05";"27";1;623;619;0;75;0;11;3;582
"2020-05-28";"2020";"05";"28";2;625;620;0;75;0;11;6;588
"2020-05-29";"2020";"05";"29";0;625;621;0;75;0;11;4;592
"2020-05-30";"2020";"05";"30";0;625;622;0;75;0;11;1;593
"2020-05-31";"2020";"05";"31";0;625;622;0;75;0;11;0;593
"2020-06-01";"2020";"06";"01 ";0;625;622;0;75;0;11;3;596
"2020-06-02";"2020";"06";"02 ";0;625;622;0;75;0;11;4;600
"2020-06-03";"2020";"06";"03 ";0;625;622;0;75;0;11;1;601
"2020-06-04";"2020";"06";"04";0;625;622;0;75;0;11;3;604
"2020-06-05";"2020";"06";"05";0;625;622;0;75;0;11;0;604
"2020-06-06";"2020";"06";"06";2;627;623;0;75;0;11;0;604
"2020-06-07";"2020";"06";"07";0;627;623;0;75;0;11;0;604
"2020-06-08";"2020";"06";"08";0;627;623;0;75;0;11;0;604
"2020-06-09";"2020";"06";"09";0;627;623;0;75;0;11;2;606
"2020-06-10";"2020";"06";"10";0;627;623;0;75;0;11;1;607
"2020-06-11";"2020";"06";"11";0;627;623;0;75;0;11;2;609
"2020-06-12";"2020";"06";"12";1;628;624;0;75;0;11;0;609
"2020-06-13";"2020";"06";"13";0;628;624;0;75;0;11;2;611
"2020-06-14";"2020";"06";"14";0;628;624;0;75;0;11;1;612
"2020-06-15";"2020";"06";"15";0;628;624;0;75;0;11;0;612
"2020-06-16";"2020";"06";"16";0;628;624;0;75;0;11;0;612
"2020-06-17";"2020";"06";"17";0;628;624;0;75;0;11;1;613
"2020-06-18";"2020";"06";"18";0;628;624;0;75;0;11;0;613
"2020-06-19";"2020";"06";"19";0;628;624;0;75;0;11;0;613
"2020-06-20";"2020";"06";"20";0;628;624;0;75;0;11;3;616
"2020-06-21";"2020";"06";"21";0;628;624;0;75;0;11;0;616
"2020-06-22";"2020";"06";"22";0;628;624;0;75;0;11;0;616
"2020-06-23";"2020";"06";"23";2;630;626;2;77;0;11;0;616
"2020-06-24";"2020";"06";"24";0;630;626;0;77;0;11;0;616
"2020-06-25";"2020";"06";"25";0;630;626;0;77;0;11;0;616
"2020-06-26";"2020";"06";"26";0;630;626;0;77;0;11;1;617
"2020-06-27";"2020";"06";"27";0;630;626;0;77;0;11;0;617
"2020-06-28";"2020";"06";"28";0;630;626;0;77;0;11;0;617
"2020-06-29";"2020";"06";"29";0;630;626;0;77;0;11;0;617
"2020-06-30";"2020";"06";"30";0;630;626;0;77;0;11;0;617
"2020-07-01";"2020";"07";"01 ";0;630;626;0;77;0;11;0;617
"2020-07-02";"2020";"07";"02 ";0;630;626;0;77;0;11;0;617
"2020-07-03";"2020";"07";"03 ";0;630;626;0;77;0;11;0;617
"2020-07-04";"2020";"07";"04";0;630;626;0;77;0;11;0;617
"2020-07-05";"2020";"07";"05";0;630;626;0;77;0;11;0;617
"2020-07-06";"2020";"07";"06";0;630;626;0;77;0;11;0;617
"2020-07-07";"2020";"07";"07";0;630;626;0;77;0;11;0;617
"2020-07-08";"2020";"07";"08";1;631;626;0;77;0;11;0;617
"2020-07-09";"2020";"07";"09";0;631;627;0;77;0;11;0;617
"2020-07-10";"2020";"07";"10";0;631;627;0;77;0;11;0;617
"2020-07-11";"2020";"07";"11";0;631;627;0;77;0;11;0;617
"2020-07-12";"2020";"07";"12";0;631;627;0;77;0;11;0;617
"2020-07-13";"2020";"07";"13";1;632;627;0;77;0;11;0;617
"2020-07-14";"2020";"07";"14";0;632;628;0;77;0;11;0;617
"2020-07-15";"2020";"07";"15";0;632;628;0;77;0;11;0;617
"2020-07-16";"2020";"07";"16";1;633;629;1;78;0;11;0;617
"2020-07-17";"2020";"07";"17";1;634;629;0;78;0;11;0;617
"2020-07-18";"2020";"07";"18";0;634;629;0;78;0;11;0;617
"2020-07-19";"2020";"07";"19";1;635;631;0;78;0;11;0;617
"2020-07-20";"2020";"07";"20";1;636;631;0;78;0;11;0;617
"2020-07-21";"2020";"07";"21";3;639;632;0;78;0;11;0;617
"2020-07-22";"2020";"07";"22";1;640;633;0;78;0;11;1;618
"2020-07-23";"2020";"07";"23";0;640;633;0;78;0;11;2;620
"2020-07-24";"2020";"07";"24";0;640;633;0;78;0;11;0;620
"2020-07-25";"2020";"07";"25";0;640;633;0;78;0;11;0;620
"2020-07-26";"2020";"07";"26";0;640;633;0;78;0;11;0;620
"2020-07-27";"2020";"07";"27";1;641;633;0;78;0;11;1;621
"2020-07-28";"2020";"07";"28";1;642;634;0;78;0;11;0;621
"2020-07-29";"2020";"07";"29";0;642;634;0;78;0;11;0;621
"2020-07-30";"2020";"07";"30";0;642;635;0;78;0;11;-1;620
"2020-07-31";"2020";"07";"31";1;643;635;0;78;0;11;1;621
"2020-08-01";"2020";"08";"01 ";0;643;635;0;78;0;11;0;621
"2020-08-02";"2020";"08";"02 ";0;643;636;0;78;0;11;1;622
"2020-08-03";"2020";"08";"03 ";0;643;636;0;78;0;11;1;623
"2020-08-04";"2020";"08";"04";2;645;637;0;78;0;11;3;626
"2020-08-05";"2020";"08";"05";0;645;638;0;78;0;11;1;627
"2020-08-06";"2020";"08";"06";1;646;639;0;78;0;11;0;627
"2020-08-07";"2020";"08";"07";1;647;641;0;78;0;11;0;627
"2020-08-08";"2020";"08";"08";0;647;641;0;78;0;11;0;627
"2020-08-09";"2020";"08";"09";0;647;641;0;78;0;11;0;627
"2020-08-10";"2020";"08";"10";0;647;641;0;78;0;11;1;628
"2020-08-11";"2020";"08";"11";4;651;643;0;78;0;11;1;629
"2020-08-12";"2020";"08";"12";7;658;648;0;78;0;11;0;629
"2020-08-13";"2020";"08";"13";0;658;649;0;78;0;11;0;629
"2020-08-14";"2020";"08";"14";1;659;649;0;78;0;11;1;630
"2020-08-15";"2020";"08";"15";0;659;653;0;78;0;11;2;632
"2020-08-16";"2020";"08";"16";1;660;653;0;78;0;11;0;632
"2020-08-17";"2020";"08";"17";1;661;654;0;78;0;11;0;632
"2020-08-18";"2020";"08";"18";0;661;655;0;78;0;11;2;634
"2020-08-19";"2020";"08";"19";3;664;656;0;78;0;11;0;634
"2020-08-20";"2020";"08";"20";4;668;661;0;78;0;11;1;635
"2020-08-21";"2020";"08";"21";3;671;662;0;78;0;11;1;636
"2020-08-22";"2020";"08";"22";3;674;666;0;78;0;11;0;636
"2020-08-23";"2020";"08";"23";3;677;668;0;78;0;11;0;636
"2020-08-24";"2020";"08";"24";2;679;668;0;78;0;11;0;636
"2020-08-25";"2020";"08";"25";3;682;671;0;78;0;11;4;640
"2020-08-26";"2020";"08";"26";6;688;678;0;78;0;11;7;647
"2020-08-27";"2020";"08";"27";7;695;682;0;78;0;11;0;647
"2020-08-28";"2020";"08";"28";0;695;684;0;78;0;11;1;648
"2020-08-29";"2020";"08";"29";1;696;686;0;78;0;11;0;648
"2020-08-30";"2020";"08";"30";2;698;688;0;78;0;11;1;649
"2020-08-31";"2020";"08";"31";6;704;690;0;78;0;11;1;650
"2020-09-01";"2020";"09";"01 ";3;707;695;0;78;0;11;0;650
"2020-09-02";"2020";"09";"02 ";5;712;700;0;78;0;11;3;653
"2020-09-03";"2020";"09";"03 ";5;717;706;0;78;0;11;4;657
"2020-09-04";"2020";"09";"04";7;724;712;1;79;0;11;3;660
"2020-09-05";"2020";"09";"05";4;728;718;0;79;0;11;3;663
"2020-09-06";"2020";"09";"06";2;730;718;1;80;0;11;3;666
"2020-09-07";"2020";"09";"07";5;735;719;0;80;0;11;2;668
"2020-09-08";"2020";"09";"08";7;742;728;0;80;0;11;3;671
"2020-09-09";"2020";"09";"09";4;746;732;0;80;0;11;6;677
"2020-09-10";"2020";"09";"10";6;752;739;1;81;0;11;7;684
"2020-09-11";"2020";"09";"11";6;758;743;0;81;0;11;0;684
"2020-09-12";"2020";"09";"12";3;761;752;0;81;0;11;1;685
"2020-09-13";"2020";"09";"13";2;763;752;0;81;0;11;2;687
"2020-09-14";"2020";"09";"14";9;772;754;0;81;0;11;6;693
"2020-09-15";"2020";"09";"15";5;777;759;0;81;0;11;3;696
"2020-09-16";"2020";"09";"16";2;779;764;1;82;0;11;5;701
"2020-09-17";"2020";"09";"17";4;783;767;0;82;0;11;5;706
"2020-09-18";"2020";"09";"18";9;792;771;0;82;0;11;6;712
"2020-09-19";"2020";"09";"19";1;793;773;0;82;0;11;4;716
"2020-09-20";"2020";"09";"20";0;793;773;0;82;0;11;2;718
"2020-09-21";"2020";"09";"21";16;809;775;1;83;0;11;5;723
"2020-09-22";"2020";"09";"22";4;813;779;1;84;0;11;7;730
"2020-09-23";"2020";"09";"23";10;823;785;0;84;0;11;4;734
"2020-09-24";"2020";"09";"24";12;835;792;2;86;0;11;5;739
"2020-09-25";"2020";"09";"25";9;844;808;1;87;0;11;7;746
"2020-09-26";"2020";"09";"26";1;845;816;2;89;0;11;3;749
"2020-09-27";"2020";"09";"27";1;846;817;0;89;0;11;2;751
"2020-09-28";"2020";"09";"28";14;860;831;2;91;0;11;10;761
"2020-09-29";"2020";"09";"29";8;868;844;1;92;2;13;3;764
"2020-09-30";"2020";"09";"30";10;878;853;0;92;0;13;-1;763
"2020-10-01";"2020";"10";"01 ";13;891;864;0;92;0;13;4;767
"2020-10-02";"2020";"10";"02 ";13;904;876;2;94;0;13;9;776
"2020-10-03";"2020";"10";"03 ";16;920;898;1;95;0;13;1;777
"2020-10-04";"2020";"10";"04";6;926;911;2;97;0;13;1;778
"2020-10-05";"2020";"10";"05";25;951;932;2;99;0;13;15;793
"2020-10-06";"2020";"10";"06";41;992;949;0;99;0;13;3;796
"2020-10-07";"2020";"10";"07";16;1008;968;1;100;0;13;10;806
"2020-10-08";"2020";"10";"08";22;1030;995;0;100;0;13;10;816
"2020-10-09";"2020";"10";"09";31;1061;1045;3;103;0;13;8;824
"2020-10-10";"2020";"10";"10";15;1076;1062;0;103;1;14;-1;823
"2020-10-11";"2020";"10";"11";9;1085;1085;0;103;0;14;1;824
"2020-10-12";"2020";"10";"12";17;1102;1089;4;107;0;14;12;836
"2020-10-13";"2020";"10";"13";41;1143;1106;3;110;1;15;6;842
"2020-10-14";"2020";"10";"14";31;1174;1133;0;110;1;16;9;851
"2020-10-15";"2020";"10";"15";65;1239;1191;4;114;0;16;13;864
"2020-10-16";"2020";"10";"16";46;1285;1230;1;115;0;16;13;877
"2020-10-17";"2020";"10";"17";40;1325;1270;0;115;0;16;15;892
"2020-10-18";"2020";"10";"18";18;1343;1288;0;115;0;16;4;896
"2020-10-19";"2020";"10";"19";45;1388;1323;2;117;1;17;23;919
"2020-10-20";"2020";"10";"20";89;1477;1406;6;123;1;18;39;958
"2020-10-21";"2020";"10";"21";73;1550;1474;2;125;0;18;16;974
"2020-10-22";"2020";"10";"22";88;1638;1558;2;127;0;18;22;996
"2020-10-23";"2020";"10";"23";42;1680;1596;7;134;1;19;28;1024
"2020-10-24";"2020";"10";"24";64;1744;1660;1;135;1;20;17;1041
"2020-10-25";"2020";"10";"25";41;1785;1702;0;135;0;20;10;1051
"2020-10-26";"2020";"10";"26";87;1872;1767;8;143;0;20;15;1066
"2020-10-27";"2020";"10";"27";100;1972;1841;7;150;1;21;36;1102
"2020-10-28";"2020";"10";"28";146;2118;1841;9;159;2;23;31;1133
"2020-10-29";"2020";"10";"29";147;2265;1919;9;168;0;23;62;1195
"2020-10-30";"2020";"10";"30";156;2421;2032;14;182;0;23;45;1240
"2020-10-31";"2020";"10";"31";71;2492;2062;1;183;1;24;39;1279
"2020-11-01";"2020";"11";"01 ";37;2529;2226;1;184;2;26;20;1299
"2020-11-02";"2020";"11";"02 ";185;2714;2316;7;191;2;28;42;1341
"2020-11-03";"2020";"11";"03 ";172;2886;2410;6;197;2;30;79;1420
"2020-11-04";"2020";"11";"04";207;3093;2509;6;203;3;33;71;1491
"2020-11-05";"2020";"11";"05";137;3230;2606;7;210;1;34;85;1576
"2020-11-06";"2020";"11";"06";151;3381;2892;11;221;1;35;35;1611
"2020-11-07";"2020";"11";"07";70;3451;3008;2;223;1;36;63;1674
"2020-11-08";"2020";"11";"08";27;3478;3071;1;224;1;37;43;1717
"2020-11-09";"2020";"11";"09";100;3578;3242;11;235;4;41;75;1792
"2020-11-10";"2020";"11";"10";123;3701;3361;11;246;2;43;92;1884
"2020-11-11";"2020";"11";"11";60;3761;3540;7;253;1;44;142;2026
"2020-11-12";"2020";"11";"12";197;3958;3615;13;266;2;46;140;2166
"2020-11-13";"2020";"11";"13";207;4165;3797;11;277;3;49;139;2305
"2020-11-14";"2020";"11";"14";87;4252;3854;3;280;3;52;72;2377
"2020-11-15";"2020";"11";"15";15;4267;3886;2;282;4;56;34;2411
"2020-11-16";"2020";"11";"16";223;4490;4014;18;300;2;58;177;2588
"2020-11-17";"2020";"11";"17";235;4725;4261;15;315;2;60;165;2753
"2020-11-18";"2020";"11";"18";105;4830;4381;4;319;4;64;200;2953
"2020-11-19";"2020";"11";"19";119;4949;4478;10;329;3;67;134;3087
"2020-11-20";"2020";"11";"20";191;5140;4707;13;342;2;69;140;3227
"2020-11-21";"2020";"11";"21";87;5227;4792;3;345;4;73;65;3292
"2020-11-22";"2020";"11";"22";30;5257;4842;2;347;1;74;32;3324
"2020-11-23";"2020";"11";"23";201;5458;5041;26;373;8;82;82;3406
"2020-11-24";"2020";"11";"24";263;5721;5227;14;387;3;85;113;3519
"2020-11-25";"2020";"11";"25";273;5994;5434;15;402;2;87;58;3577
"2020-11-26";"2020";"11";"26";279;6273;5650;12;414;4;91;186;3763
"2020-11-27";"2020";"11";"27";231;6504;5964;11;425;8;99;194;3957
"2020-11-28";"2020";"11";"28";139;6643;6091;4;429;6;105;86;4043
"2020-11-29";"2020";"11";"29";86;6729;6182;5;434;3;108;24;4067
"2020-11-30";"2020";"11";"30";201;6930;6448;40;474;2;110;205;4272
"2020-12-01";"2020";"12";"01 ";340;7270;6664;24;498;8;118;212;4484
"2020-12-02";"2020";"12";"02 ";294;7564;6952;31;529;6;124;102;4586
"2020-12-03";"2020";"12";"03 ";300;7864;7163;27;556;7;131;105;4691
"2020-12-04";"2020";"12";"04";226;8090;7392;27;583;11;142;175;4866
"2020-12-05";"2020";"12";"05";110;8200;7556;13;596;7;149;84;4950
"2020-12-06";"2020";"12";"06";161;8361;7838;10;606;3;152;35;4985
"2020-12-07";"2020";"12";"07";386;8747;8042;21;627;7;159;172;5157
"2020-12-08";"2020";"12";"08";332;9079;8283;40;667;8;167;254;5411
"2020-12-09";"2020";"12";"09";396;9475;8566;26;693;14;181;256;5667
"2020-12-10";"2020";"12";"10";462;9937;9011;27;720;12;193;262;5929
"2020-12-11";"2020";"12";"11";325;10262;9570;20;740;11;204;218;6147
"2020-12-12";"2020";"12";"12";338;10600;9771;13;753;10;214;138;6285
"2020-12-13";"2020";"12";"13";120;10720;9998;7;760;12;226;81;6366
"2020-12-14";"2020";"12";"14";428;11148;10439;31;791;10;236;163;6529
"2020-12-15";"2020";"12";"15";421;11569;10787;40;831;16;252;296;6825
"2020-12-16";"2020";"12";"16";360;11929;11113;36;867;12;264;269;7094
"2020-12-17";"2020";"12";"17";512;12441;11386;31;898;13;277;275;7369
"2020-12-18";"2020";"12";"18";446;12887;11940;19;917;21;298;182;7551
"2020-12-19";"2020";"12";"19";174;13061;12164;10;927;12;310;95;7646
"2020-12-20";"2020";"12";"20";109;13170;12303;5;932;12;322;151;7797
"2020-12-21";"2020";"12";"21";434;13604;12717;47;979;17;339;343;8140
"2020-12-22";"2020";"12";"22";476;14080;13178;32;1011;15;354;279;8419
"2020-12-23";"2020";"12";"23";445;14525;13642;40;1051;12;366;385;8804
"2020-12-24";"2020";"12";"24";125;14650;13831;14;1065;12;378;435;9239
"2020-12-25";"2020";"12";"25";42;14692;13877;12;1077;11;389;307;9546
"2020-12-26";"2020";"12";"26";68;14760;13908;9;1086;10;399;326;9872
"2020-12-27";"2020";"12";"27";107;14867;14088;6;1092;23;422;100;9972
"2020-12-28";"2020";"12";"28";365;15232;14509;40;1132;14;436;391;10363
"2020-12-29";"2020";"12";"29";575;15807;15000;38;1170;13;449;366;10729
"2020-12-30";"2020";"12";"30";452;16259;15420;37;1207;21;470;337;11066
"2020-12-31";"2020";"12";"31";109;16368;15591;30;1237;15;485;490;11556
"2021-01-01";"2021";"01 ";"01 ";45;16413;15624;11;1248;14;499;445;12001
"2021-01-02";"2021";"01 ";"02 ";136;16549;15767;20;1268;15;514;165;12166
"2021-01-03";"2021";"01 ";"03 ";38;16587;16064;19;1287;19;533;103;12269
"2021-01-04";"2021";"01 ";"04";240;16827;16228;27;1314;13;546;393;12662
"2021-01-05";"2021";"01 ";"05";389;17216;16448;23;1337;16;562;442;13104
"2021-01-06";"2021";"01 ";"06";344;17560;16773;26;1363;11;573;420;13524
"2021-01-07";"2021";"01 ";"07";263;17823;17191;23;1386;13;586;138;13662
"2021-01-08";"2021";"01 ";"08";215;18038;17655;20;1406;9;595;44;13706
"2021-01-09";"2021";"01 ";"09";82;18120;17793;4;1410;7;602;81;13787
"2021-01-10";"2021";"01 ";"10";10;18130;17929;11;1421;16;618;105;13892
"2021-01-11";"2021";"01 ";"11";182;18312;17983;44;1465;18;636;317;14209
"2021-01-12";"2021";"01 ";"12";269;18581;18205;25;1490;10;646;537;14746
"2021-01-13";"2021";"01 ";"13";238;18819;18466;16;1506;7;653;436;15182
"2021-01-14";"2021";"01 ";"14";145;18964;18654;12;1518;8;661;118;15300
"2021-01-15";"2021";"01 ";"15";145;19109;18855;20;1538;17;678;57;15357
"2021-01-16";"2021";"01 ";"16";92;19201;19010;2;1540;9;687;137;15494
"2021-01-17";"2021";"01 ";"17";15;19216;19097;3;1543;3;690;42;15536
"2021-01-18";"2021";"01 ";"18";151;19367;19132;32;1575;13;703;211;15747
"2021-01-19";"2021";"01 ";"19";127;19494;19316;14;1589;6;709;364;16111
"2021-01-20";"2021";"01 ";"20";144;19638;19486;23;1612;4;713;359;16470
"2021-01-21";"2021";"01 ";"21";138;19776;19621;24;1636;13;726;258;16728
"2021-01-22";"2021";"01 ";"22";114;19890;19655;16;1652;7;733;231;16959
"2021-01-23";"2021";"01 ";"23";65;19955;19873;4;1656;12;745;85;17044
"2021-01-24";"2021";"01 ";"24";13;19968;19900;5;1661;14;759;-3;17041
"2021-01-25";"2021";"01 ";"25";117;20085;19939;31;1692;7;766;143;17184
"2021-01-26";"2021";"01 ";"26";155;20240;20104;18;1710;8;774;247;17431
"2021-01-27";"2021";"01 ";"27";149;20389;20270;17;1727;8;782;255;17686
"2021-01-28";"2021";"01 ";"28";80;20469;20368;19;1746;10;792;158;17844
"2021-01-29";"2021";"01 ";"29";70;20539;20456;17;1763;13;805;141;17985
"2021-01-30";"2021";"01 ";"30";41;20580;20530;13;1776;13;818;104;18089
"2021-01-31";"2021";"01 ";"31";15;20595;20569;1;1777;10;828;11;18100
"2021-02-01";"2021";"02 ";"01 ";75;20670;20595;14;1791;12;840;127;18227
"2021-02-02";"2021";"02 ";"02 ";104;20774;20720;8;1799;3;843;128;18355
"2021-02-03";"2021";"02 ";"03 ";87;20861;20798;11;1810;7;850;138;18493
"2021-02-04";"2021";"02 ";"04";76;20937;20890;7;1817;4;854;132;18625
"2021-02-05";"2021";"02 ";"05";77;21014;20970;17;1834;7;861;113;18738
"2021-02-06";"2021";"02 ";"06";24;21038;21032;2;1836;4;865;83;18821
"2021-02-07";"2021";"02 ";"07";11;21049;21056;5;1841;7;872;20;18841
"2021-02-08";"2021";"02 ";"08";49;21098;21065;11;1852;3;875;85;18926
"2021-02-09";"2021";"02 ";"09";85;21183;21132;10;1862;3;878;146;19072
"2021-02-10";"2021";"02 ";"10";48;21231;21200;8;1870;2;880;169;19241
"2021-02-11";"2021";"02 ";"11";43;21274;21226;7;1877;5;885;76;19317
"2021-02-12";"2021";"02 ";"12";70;21344;21287;5;1882;7;892;61;19378
"2021-02-13";"2021";"02 ";"13";20;21364;21308;4;1886;3;895;36;19414
"2021-02-14";"2021";"02 ";"14";4;21368;21344;4;1890;6;901;34;19448
"2021-02-15";"2021";"02 ";"15";75;21443;21347;12;1902;2;903;61;19509
"2021-02-16";"2021";"02 ";"16";77;21520;21427;9;1911;5;908;92;19601
"2021-02-17";"2021";"02 ";"17";49;21569;21504;4;1915;2;910;107;19708
"2021-02-18";"2021";"02 ";"18";48;21617;21554;5;1920;4;914;77;19785
"2021-02-19";"2021";"02 ";"19";69;21686;21628;8;1928;2;916;84;19869
"2021-02-20";"2021";"02 ";"20";21;21707;21681;1;1929;1;917;45;19914
"2021-02-21";"2021";"02 ";"21";16;21723;21710;8;1937;1;918;24;19938
"2021-02-22";"2021";"02 ";"22";62;21785;21725;11;1948;8;926;34;19972
"2021-02-23";"2021";"02 ";"23";67;21852;21782;6;1954;5;931;74;20046
"2021-02-24";"2021";"02 ";"24";76;21928;21861;10;1964;2;933;68;20114
"2021-02-25";"2021";"02 ";"25";67;21995;21941;3;1967;1;934;52;20166
"2021-02-26";"2021";"02 ";"26";53;22048;22007;4;1971;3;937;86;20252
"2021-02-27";"2021";"02 ";"27";26;22074;22060;1;1972;0;937;35;20287
"2021-02-28";"2021";"02 ";"28";14;22088;22083;4;1976;4;941;15;20302
"2021-03-01";"2021";"03 ";"01 ";71;22159;22101;10;1986;2;943;72;20374
"2021-03-02";"2021";"03 ";"02 ";119;22278;22198;11;1997;3;946;68;20442
"2021-03-03";"2021";"03 ";"03 ";64;22342;22303;8;2005;2;948;56;20498
"2021-03-04";"2021";"03 ";"04";57;22399;22376;3;2008;1;949;51;20549
"2021-03-05";"2021";"03 ";"05";65;22464;22428;6;2014;1;950;72;20621
"2021-03-06";"2021";"03 ";"06";24;22488;22493;3;2017;1;951;27;20648
"2021-03-07";"2021";"03 ";"07";13;22501;22509;1;2018;0;951;26;20674
"2021-03-08";"2021";"03 ";"08";101;22602;22516;16;2034;0;951;55;20729
"2021-03-09";"2021";"03 ";"09";98;22700;22626;8;2042;4;955;64;20793
"2021-03-10";"2021";"03 ";"10";80;22780;22715;13;2055;2;957;75;20868
"2021-03-11";"2021";"03 ";"11";90;22870;22774;9;2064;1;958;73;20941
"2021-03-12";"2021";"03 ";"12";86;22956;22850;5;2069;4;962;54;20995
"2021-03-13";"2021";"03 ";"13";58;23014;22947;5;2074;4;966;27;21022
"2021-03-14";"2021";"03 ";"14";16;23030;22984;3;2077;1;967;11;21033
"2021-03-15";"2021";"03 ";"15";101;23131;22990;7;2084;7;974;60;21093
"2021-03-16";"2021";"03 ";"16";120;23251;23095;6;2090;2;976;107;21200
"2021-03-17";"2021";"03 ";"17";112;23363;23221;3;2093;3;979;63;21263
"2021-03-18";"2021";"03 ";"18";104;23467;23354;12;2105;1;980;60;21323
"2021-03-19";"2021";"03 ";"19";112;23579;23450;13;2118;3;983;62;21385
"2021-03-20";"2021";"03 ";"20";62;23641;23536;3;2121;1;984;24;21409
"2021-03-21";"2021";"03 ";"21";23;23664;23611;1;2122;3;987;17;21426
"2021-03-22";"2021";"03 ";"22";130;23794;23627;16;2138;2;989;85;21511
"2021-03-23";"2021";"03 ";"23";172;23966;23772;6;2144;2;991;94;21605
"2021-03-24";"2021";"03 ";"24";108;24074;23946;11;2155;1;992;79;21684
"2021-03-25";"2021";"03 ";"25";187;24261;24079;4;2159;1;993;85;21769
"2021-03-26";"2021";"03 ";"26";142;24403;24254;6;2165;0;993;89;21858
"2021-03-27";"2021";"03 ";"27";67;24470;24346;1;2166;1;994;55;21913
"2021-03-28";"2021";"03 ";"28";15;24485;24438;0;2166;0;994;18;21931
"2021-03-29";"2021";"03 ";"29";126;24611;24465;22;2188;1;995;93;22024
"2021-03-30";"2021";"03 ";"30";219;24830;24641;12;2200;3;998;115;22139
"2021-03-31";"2021";"03 ";"31";104;24934;24844;5;2205;3;1001;115;22254
"2021-04-01";"2021";"04";"01 ";140;25074;24988;13;2218;1;1002;106;22360
"2021-04-02";"2021";"04";"02 ";49;25123;25113;7;2225;5;1007;102;22462
"2021-04-03";"2021";"04";"03 ";55;25178;25146;5;2230;1;1008;61;22523
"2021-04-04";"2021";"04";"04";15;25193;25200;2;2232;2;1010;25;22548
"2021-04-05";"2021";"04";"05";62;25255;25206;17;2249;6;1016;115;22663
"2021-04-06";"2021";"04";"06";153;25408;25286;12;2261;2;1018;164;22827
"2021-04-07";"2021";"04";"07";241;25649;25518;13;2274;4;1022;107;22934
"2021-04-08";"2021";"04";"08";145;25794;25710;9;2283;4;1026;187;23121
"2021-04-09";"2021";"04";"09";182;25976;25872;9;2292;3;1029;145;23266
"2021-04-10";"2021";"04";"10";37;26013;26001;1;2293;1;1030;72;23338
"2021-04-11";"2021";"04";"11";20;26033;26044;1;2294;2;1032;20;23358
"2021-04-12";"2021";"04";"12";178;26211;26054;10;2304;0;1032;110;23468
"2021-04-13";"2021";"04";"13";201;26412;26288;14;2318;1;1033;207;23675
"2021-04-14";"2021";"04";"14";180;26592;26508;14;2332;2;1035;104;23779
"2021-04-15";"2021";"04";"15";137;26729;26645;9;2341;4;1039;130;23909
"2021-04-16";"2021";"04";"16";81;26810;26761;8;2349;0;1039;46;23955
"2021-04-17";"2021";"04";"17";80;26890;26818;3;2352;1;1040;60;24015
"2021-04-18";"2021";"04";"18";21;26911;26935;2;2354;0;1040;27;24042
"2021-04-19";"2021";"04";"19";138;27049;26943;19;2373;1;1041;44;24086
"2021-04-20";"2021";"04";"20";229;27278;27118;15;2388;2;1043;141;24227
"2021-04-21";"2021";"04";"21";174;27452;27364;5;2393;5;1048;236;24463
"2021-04-22";"2021";"04";"22";149;27601;27501;7;2400;1;1049;144;24607
"2021-04-23";"2021";"04";"23";149;27750;27646;9;2409;0;1049;186;24793
"2021-04-24";"2021";"04";"24";57;27807;27760;2;2411;1;1050;40;24833
"2021-04-25";"2021";"04";"25";24;27831;27839;1;2412;1;1051;25;24858
"2021-04-26";"2021";"04";"26";184;28015;27864;24;2436;1;1052;168;25026
"2021-04-27";"2021";"04";"27";184;28199;28104;6;2442;2;1054;186;25212
"2021-04-28";"2021";"04";"28";151;28350;28282;8;2450;0;1054;190;25402
"2021-04-29";"2021";"04";"29";103;28453;28412;8;2458;3;1057;137;25539
"2021-04-30";"2021";"04";"30";103;28556;28515;10;2468;1;1058;79;25618
"2021-05-01";"2021";"05";"01 ";72;28628;28625;3;2471;1;1059;88;25706
"2021-05-02";"2021";"05";"02 ";14;28642;28657;2;2473;2;1061;23;25729
"2021-05-03";"2021";"05";"03 ";143;28785;28685;17;2490;2;1063;121;25850
"2021-05-04";"2021";"05";"04";173;28958;28819;7;2497;1;1064;216;26066
"2021-05-05";"2021";"05";"05";114;29072;28989;8;2505;3;1067;187;26253
"2021-05-06";"2021";"05";"06";111;29183;29112;6;2511;2;1069;152;26405
"2021-05-07";"2021";"05";"07";94;29277;29224;5;2516;1;1070;151;26556
"2021-05-08";"2021";"05";"08";56;29333;29284;2;2518;2;1072;61;26617
"2021-05-09";"2021";"05";"09";8;29341;29360;3;2521;1;1073;34;26651
"2021-05-10";"2021";"05";"10";111;29452;29379;17;2538;2;1075;163;26814
"2021-05-11";"2021";"05";"11";95;29547;29495;6;2544;1;1076;176;26990
"2021-05-12";"2021";"05";"12";94;29641;29620;5;2549;1;1077;151;27141
"2021-05-13";"2021";"05";"13";55;29696;29676;0;2549;3;1080;106;27247
"2021-05-14";"2021";"05";"14";49;29745;29718;9;2558;3;1083;107;27354
"2021-05-15";"2021";"05";"15";63;29808;29802;0;2558;0;1083;81;27435
"2021-05-16";"2021";"05";"16";5;29813;29823;3;2561;0;1083;20;27455
"2021-05-17";"2021";"05";"17";77;29890;29829;16;2577;1;1084;127;27582
"2021-05-18";"2021";"05";"18";115;30005;29963;4;2581;0;1084;169;27751
"2021-05-19";"2021";"05";"19";80;30085;30077;3;2584;0;1084;125;27876
"2021-05-20";"2021";"05";"20";50;30135;30138;5;2589;0;1084;118;27994
"2021-05-21";"2021";"05";"21";39;30174;30172;8;2597;4;1088;86;28080
"2021-05-22";"2021";"05";"22";23;30197;30209;1;2598;0;1088;63;28143
"2021-05-23";"2021";"05";"23";16;30213;30217;1;2599;2;1090;12;28155
"2021-05-24";"2021";"05";"24";17;30230;30223;2;2601;1;1091;93;28248
"2021-05-25";"2021";"05";"25";44;30274;30257;8;2609;0;1091;89;28337
"2021-05-26";"2021";"05";"26";32;30306;30307;3;2612;2;1093;108;28445
"2021-05-27";"2021";"05";"27";34;30340;30346;4;2616;0;1093;63;28508
"2021-05-28";"2021";"05";"28";25;30365;30367;1;2617;0;1093;48;28556
"2021-05-29";"2021";"05";"29";24;30389;30404;0;2617;0;1093;71;28627
"2021-05-30";"2021";"05";"30";3;30392;30410;0;2617;0;1093;12;28639
"2021-05-31";"2021";"05";"31";27;30419;30412;2;2619;1;1094;62;28701
"2021-06-01";"2021";"06";"01 ";32;30451;30455;1;2620;2;1096;108;28809
"2021-06-02";"2021";"06";"02 ";12;30463;30475;4;2624;0;1096;95;28904
"2021-06-03";"2021";"06";"03 ";15;30478;30491;1;2625;4;1100;48;28952
"2021-06-04";"2021";"06";"04";7;30485;30497;1;2626;1;1101;38;28990
"2021-06-05";"2021";"06";"05";13;30498;30510;0;2626;1;1102;27;29017
"2021-06-06";"2021";"06";"06";0;30498;30516;0;2626;0;1102;22;29039
"2021-06-07";"2021";"06";"07";9;30507;30520;1;2627;2;1104;15;29054
"2021-06-08";"2021";"06";"08";9;30516;30536;1;2628;0;1104;39;29093
"2021-06-09";"2021";"06";"09";5;30521;30542;3;2631;0;1104;49;29142
"2021-06-10";"2021";"06";"10";18;30539;30554;0;2631;1;1105;38;29180
"2021-06-11";"2021";"06";"11";4;30543;30563;0;2631;0;1105;29;29209
"2021-06-12";"2021";"06";"12";3;30546;30571;0;2631;1;1106;23;29232
"2021-06-13";"2021";"06";"13";1;30547;30571;0;2631;0;1106;12;29244
"2021-06-14";"2021";"06";"14";5;30552;30573;0;2631;0;1106;24;29268
"2021-06-15";"2021";"06";"15";7;30559;30582;0;2631;1;1107;33;29301
"2021-06-16";"2021";"06";"16";7;30566;30585;0;2631;0;1107;24;29325
"2021-06-17";"2021";"06";"17";11;30577;30585;3;2634;0;1107;20;29345
"2021-06-18";"2021";"06";"18";4;30581;30596;0;2634;1;1108;8;29353
"2021-06-19";"2021";"06";"19";3;30584;30605;0;2634;0;1108;17;29370
"2021-06-20";"2021";"06";"20";1;30585;30606;0;2634;0;1108;8;29378
"2021-06-21";"2021";"06";"21";5;30590;30608;2;2636;1;1109;6;29384
"2021-06-22";"2021";"06";"22";12;30602;30622;0;2636;0;1109;10;29394
"2021-06-23";"2021";"06";"23";5;30607;30626;0;2636;0;1109;4;29398
"2021-06-24";"2021";"06";"24";8;30615;30632;0;2636;0;1109;24;29422
"2021-06-25";"2021";"06";"25";10;30625;30646;0;2636;0;1109;7;29429
"2021-06-26";"2021";"06";"26";4;30629;30654;0;2636;0;1109;7;29436
"2021-06-27";"2021";"06";"27";1;30630;30654;0;2636;0;1109;2;29438
"2021-06-28";"2021";"06";"28";10;30640;30655;0;2636;0;1109;5;29443
"2021-06-29";"2021";"06";"29";8;30648;30667;0;2636;0;1109;7;29450
"2021-06-30";"2021";"06";"30";2;30650;30671;0;2636;0;1109;9;29459
"2021-07-01";"2021";"07";"01 ";5;30655;30676;0;2636;0;1109;9;29468
"2021-07-02";"2021";"07";"02 ";1;30656;30676;1;2637;0;1109;8;29476
"2021-07-03";"2021";"07";"03 ";1;30657;30678;0;2637;0;1109;4;29480
"2021-07-04";"2021";"07";"04";1;30658;30678;0;2637;0;1109;2;29482
"2021-07-05";"2021";"07";"05";2;30660;30679;1;2638;1;1110;2;29484
"2021-07-06";"2021";"07";"06";8;30668;30684;0;2638;0;1110;10;29494
"2021-07-07";"2021";"07";"07";6;30674;30692;0;2638;0;1110;7;29501
"2021-07-08";"2021";"07";"08";3;30677;30698;0;2638;0;1110;9;29510
"2021-07-09";"2021";"07";"09";2;30679;30699;0;2638;0;1110;13;29523
"2021-07-10";"2021";"07";"10";12;30691;30710;0;2638;0;1110;4;29527
"2021-07-11";"2021";"07";"11";0;30691;30711;0;2638;0;1110;1;29528
"2021-07-12";"2021";"07";"12";6;30697;30713;0;2638;0;1110;10;29538
"2021-07-13";"2021";"07";"13";20;30717;30727;1;2639;0;1110;8;29546
"2021-07-14";"2021";"07";"14";3;30720;30739;0;2639;0;1110;2;29548
"2021-07-15";"2021";"07";"15";7;30727;30744;2;2641;1;1111;4;29552
"2021-07-16";"2021";"07";"16";16;30743;30756;0;2641;0;1111;0;29552
"2021-07-17";"2021";"07";"17";9;30752;30764;0;2641;1;1112;3;29555
"2021-07-18";"2021";"07";"18";2;30754;30773;0;2641;0;1112;1;29556
"2021-07-19";"2021";"07";"19";5;30759;30779;2;2643;0;1112;1;29557
"2021-07-20";"2021";"07";"20";10;30769;30782;0;2643;0;1112;8;29565
"2021-07-21";"2021";"07";"21";10;30779;30794;1;2644;0;1112;8;29573
"2021-07-22";"2021";"07";"22";11;30790;30802;0;2644;1;1113;2;29575
"2021-07-23";"2021";"07";"23";22;30812;30819;2;2646;0;1113;2;29577
"2021-07-24";"2021";"07";"24";5;30817;30837;0;2646;0;1113;11;29588
"2021-07-25";"2021";"07";"25";2;30819;30841;0;2646;0;1113;0;29588
"2021-07-26";"2021";"07";"26";4;30823;30841;2;2648;0;1113;6;29594
"2021-07-27";"2021";"07";"27";20;30843;30855;1;2649;0;1113;19;29613
"2021-07-28";"2021";"07";"28";14;30857;30869;2;2651;0;1113;3;29616
"2021-07-29";"2021";"07";"29";8;30865;30878;0;2651;0;1113;5;29621
"2021-07-30";"2021";"07";"30";8;30873;30886;1;2652;1;1114;15;29636
"2021-07-31";"2021";"07";"31";6;30879;30896;0;2652;0;1114;9;29645
"2021-08-01";"2021";"08";"01 ";0;30879;30896;0;2652;0;1114;3;29648
"2021-08-02";"2021";"08";"02 ";10;30889;30896;1;2653;0;1114;3;29651
"2021-08-03";"2021";"08";"03 ";15;30904;30915;0;2653;0;1114;10;29661
"2021-08-04";"2021";"08";"04";5;30909;30923;0;2653;0;1114;10;29671
"2021-08-05";"2021";"08";"05";17;30926;30933;0;2653;0;1114;11;29682
"2021-08-06";"2021";"08";"06";9;30935;30953;2;2655;0;1114;20;29702
"2021-08-07";"2021";"08";"07";11;30946;30963;1;2656;0;1114;6;29708
"2021-08-08";"2021";"08";"08";1;30947;30966;0;2656;0;1114;2;29710
"2021-08-09";"2021";"08";"09";14;30961;30967;1;2657;0;1114;1;29711
"2021-08-10";"2021";"08";"10";19;30980;30986;0;2657;0;1114;19;29730
"2021-08-11";"2021";"08";"11";19;30999;30998;0;2657;0;1114;12;29742
"2021-08-12";"2021";"08";"12";32;31031;31022;0;2657;0;1114;9;29751
"2021-08-13";"2021";"08";"13";13;31044;31048;2;2659;0;1114;7;29758
"2021-08-14";"2021";"08";"14";27;31071;31067;0;2659;0;1114;8;29766
"2021-08-15";"2021";"08";"15";1;31072;31067;1;2660;0;1114;0;29766
"2021-08-16";"2021";"08";"16";20;31092;31081;3;2663;0;1114;9;29775
"2021-08-17";"2021";"08";"17";32;31124;31118;1;2664;0;1114;14;29789
"2021-08-18";"2021";"08";"18";33;31157;31150;1;2665;0;1114;7;29796
"2021-08-19";"2021";"08";"19";31;31188;31170;2;2667;0;1114;17;29813
"2021-08-20";"2021";"08";"20";25;31213;31203;2;2669;1;1115;7;29820
"2021-08-21";"2021";"08";"21";16;31229;31212;0;2669;0;1115;10;29830
"2021-08-22";"2021";"08";"22";12;31241;31214;0;2669;0;1115;3;29833
"2021-08-23";"2021";"08";"23";20;31261;31235;0;2669;0;1115;13;29846
"2021-08-24";"2021";"08";"24";60;31321;31297;1;2670;0;1115;19;29865
"2021-08-25";"2021";"08";"25";50;31371;31348;4;2674;0;1115;21;29886
"2021-08-26";"2021";"08";"26";35;31406;31376;2;2676;1;1116;32;29918
"2021-08-27";"2021";"08";"27";27;31433;31412;1;2677;0;1116;13;29931
"2021-08-28";"2021";"08";"28";6;31439;31443;0;2677;0;1116;27;29958
"2021-08-29";"2021";"08";"29";8;31447;31449;0;2677;0;1116;1;29959
"2021-08-30";"2021";"08";"30";45;31492;31454;4;2681;0;1116;16;29975
"2021-08-31";"2021";"08";"31";37;31529;31501;1;2682;0;1116;31;30006
"2021-09-01";"2021";"09";"01 ";40;31569;31532;3;2685;1;1117;32;30038
"2021-09-02";"2021";"09";"02 ";71;31640;31606;2;2687;0;1117;29;30067
"2021-09-03";"2021";"09";"03 ";24;31664;31630;4;2691;0;1117;23;30090
"2021-09-04";"2021";"09";"04";39;31703;31697;1;2692;1;1118;16;30106
"2021-09-05";"2021";"09";"05";13;31716;31697;0;2692;0;1118;14;30120
"2021-09-06";"2021";"09";"06";56;31772;31713;2;2694;0;1118;20;30140
"2021-09-07";"2021";"09";"07";84;31856;31785;2;2696;0;1118;58;30198
"2021-09-08";"2021";"09";"08";61;31917;31857;2;2698;1;1119;48;30246
"2021-09-09";"2021";"09";"09";42;31959;31910;0;2698;0;1119;33;30279
"2021-09-10";"2021";"09";"10";43;32002;31968;1;2699;0;1119;26;30305
"2021-09-11";"2021";"09";"11";53;32055;32048;1;2700;0;1119;5;30310
"2021-09-12";"2021";"09";"12";12;32067;32054;1;2701;0;1119;10;30320
"2021-09-13";"2021";"09";"13";60;32127;32062;3;2704;0;1119;43;30363
"2021-09-14";"2021";"09";"14";52;32179;32152;1;2705;0;1119;37;30400
"2021-09-15";"2021";"09";"15";44;32223;32183;2;2707;0;1119;40;30440
"2021-09-16";"2021";"09";"16";54;32277;32260;1;2708;0;1119;71;30511
"2021-09-17";"2021";"09";"17";51;32328;32306;3;2711;0;1119;22;30533
"2021-09-18";"2021";"09";"18";30;32358;32346;0;2711;1;1120;40;30573
"2021-09-19";"2021";"09";"19";16;32374;32373;1;2712;0;1120;15;30588
"2021-09-20";"2021";"09";"20";31;32405;32381;8;2720;0;1120;55;30643
"2021-09-21";"2021";"09";"21";63;32468;32446;0;2720;0;1120;82;30725
"2021-09-22";"2021";"09";"22";63;32531;32502;3;2723;0;1120;60;30785
"2021-09-23";"2021";"09";"23";62;32593;32552;2;2725;0;1120;44;30829
"2021-09-24";"2021";"09";"24";51;32644;32607;2;2727;0;1120;42;30871
"2021-09-25";"2021";"09";"25";32;32676;32644;1;2728;0;1120;52;30923
"2021-09-26";"2021";"09";"26";9;32685;32664;0;2728;0;1120;13;30936
"2021-09-27";"2021";"09";"27";55;32740;32675;2;2730;0;1120;55;30991
"2021-09-28";"2021";"09";"28";84;32824;32725;2;2732;1;1121;50;31041
"2021-09-29";"2021";"09";"29";81;32905;32859;1;2733;0;1121;45;31086
"2021-09-30";"2021";"09";"30";78;32983;32916;4;2737;1;1122;51;31137
"2021-10-01";"2021";"10";"01 ";77;33060;32996;2;2739;0;1122;50;31187
"2021-10-02";"2021";"10";"02 ";47;33107;33069;1;2740;0;1122;31;31218
"2021-10-03";"2021";"10";"03 ";6;33113;33094;0;2740;1;1123;17;31235
"2021-10-04";"2021";"10";"04";59;33172;33098;1;2741;0;1123;24;31259
"2021-10-05";"2021";"10";"05";131;33303;33203;4;2745;0;1123;62;31321
"2021-10-06";"2021";"10";"06";89;33392;33309;6;2751;0;1123;60;31381
"2021-10-07";"2021";"10";"07";84;33476;33400;5;2756;1;1124;61;31442
"2021-10-08";"2021";"10";"08";79;33555;33503;5;2761;0;1124;51;31493
"2021-10-09";"2021";"10";"09";40;33595;33564;2;2763;0;1124;31;31524
"2021-10-10";"2021";"10";"10";13;33608;33593;0;2763;1;1125;9;31533
"2021-10-11";"2021";"10";"11";81;33689;33604;7;2770;2;1127;52;31585
"2021-10-12";"2021";"10";"12";144;33833;33706;1;2771;0;1127;83;31668
"2021-10-13";"2021";"10";"13";121;33954;33816;4;2775;1;1128;82;31750
"2021-10-14";"2021";"10";"14";106;34060;33940;3;2778;0;1128;74;31824
"2021-10-15";"2021";"10";"15";164;34224;34089;5;2783;0;1128;75;31899
"2021-10-16";"2021";"10";"16";20;34244;34205;3;2786;1;1129;48;31947
"2021-10-17";"2021";"10";"17";50;34294;34225;0;2786;3;1132;7;31954
"2021-10-18";"2021";"10";"18";116;34410;34299;16;2802;0;1132;54;32008
"2021-10-19";"2021";"10";"19";296;34706;34420;4;2806;2;1134;124;32132
"2021-10-20";"2021";"10";"20";281;34987;34773;6;2812;0;1134;88;32220
"2021-10-21";"2021";"10";"21";229;35216;34979;5;2817;4;1138;77;32297
"2021-10-22";"2021";"10";"22";331;35547;35183;10;2827;2;1140;75;32372
"2021-10-23";"2021";"10";"23";52;35599;35523;2;2829;4;1144;39;32411
"2021-10-24";"2021";"10";"24";93;35692;35550;3;2832;1;1145;14;32425
"2021-10-25";"2021";"10";"25";215;35907;35665;19;2851;2;1147;69;32494
"2021-10-26";"2021";"10";"26";470;36377;35953;19;2870;4;1151;140;32634
"2021-10-27";"2021";"10";"27";358;36735;36382;17;2887;1;1152;117;32751
"2021-10-28";"2021";"10";"28";313;37048;36699;12;2899;4;1156;99;32850
"2021-10-29";"2021";"10";"29";225;37273;37081;14;2913;1;1157;158;33008
"2021-10-30";"2021";"10";"30";290;37563;37422;5;2918;4;1161;14;33022
"2021-10-31";"2021";"10";"31";96;37659;37452;5;2923;2;1163;52;33074
"2021-11-01";"2021";"11";"01 ";497;38156;37604;33;2956;4;1167;95;33169
"2021-11-02";"2021";"11";"02 ";691;38847;37885;15;2971;5;1172;284;33453
"2021-11-03";"2021";"11";"03 ";563;39410;38590;15;2986;3;1175;272;33725
"2021-11-04";"2021";"11";"04";685;40095;39146;20;3006;2;1177;229;33954
"2021-11-05";"2021";"11";"05";542;40637;39742;17;3023;3;1180;327;34281
"2021-11-06";"2021";"11";"06";260;40897;40347;8;3031;5;1185;51;34332
"2021-11-07";"2021";"11";"07";229;41126;40370;5;3036;3;1188;92;34424
"2021-11-08";"2021";"11";"08";715;41841;40687;32;3068;3;1191;192;34616
"2021-11-09";"2021";"11";"09";1232;43073;41135;16;3084;5;1196;444;35060
"2021-11-10";"2021";"11";"10";972;44045;41807;12;3096;1;1197;345;35405
"2021-11-11";"2021";"11";"11";1038;45083;42399;14;3110;6;1203;302;35707
"2021-11-12";"2021";"11";"12";1104;46187;43096;14;3124;3;1206;215;35922
"2021-11-13";"2021";"11";"13";492;46679;44074;6;3130;4;1210;288;36210
"2021-11-14";"2021";"11";"14";294;46973;44152;7;3137;7;1217;97;36307
"2021-11-15";"2021";"11";"15";1145;48118;44613;30;3167;4;1221;463;36770
"2021-11-16";"2021";"11";"16";1570;49688;45534;25;3192;7;1228;667;37437
"2021-11-17";"2021";"11";"17";937;50625;46485;9;3201;2;1230;559;37996
"2021-11-18";"2021";"11";"18";1104;51729;47248;37;3238;1;1231;673;38669
"2021-11-19";"2021";"11";"19";1481;53210;48231;25;3263;11;1242;529;39198
"2021-11-20";"2021";"11";"20";906;54116;49336;10;3273;9;1251;255;39453
"2021-11-21";"2021";"11";"21";400;54516;49340;16;3289;7;1258;226;39679
"2021-11-22";"2021";"11";"22";1381;55897;49865;40;3329;7;1265;669;40348
"2021-11-23";"2021";"11";"23";1661;57558;51258;40;3369;3;1268;1211;41559
"2021-11-24";"2021";"11";"24";1085;58643;53314;34;3403;9;1277;952;42511
"2021-11-25";"2021";"11";"25";1475;60118;54857;29;3432;9;1286;1021;43532
"2021-11-26";"2021";"11";"26";1196;61314;57082;23;3455;9;1295;1070;44602
"2021-11-27";"2021";"11";"27";770;62084;58815;9;3464;9;1304;484;45086
"2021-11-28";"2021";"11";"28";288;62372;58870;9;3473;11;1315;292;45378
"2021-11-29";"2021";"11";"29";882;63254;59832;35;3508;10;1325;1095;46473
"2021-11-30";"2021";"11";"30";1327;64581;61864;27;3535;5;1330;1512;47985
"2021-12-01";"2021";"12";"01 ";1117;65698;63820;28;3563;9;1339;936;48921
"2021-12-02";"2021";"12";"02 ";885;66583;64924;35;3598;6;1345;1039;49960
"2021-12-03";"2021";"12";"03 ";1004;67587;65958;19;3617;12;1357;1439;51399
"2021-12-04";"2021";"12";"04";535;68122;66053;4;3621;6;1363;907;52306
"2021-12-05";"2021";"12";"05";194;68316;66923;12;3633;5;1368;392;52698
"2021-12-06";"2021";"12";"06";982;69298;67676;42;3675;10;1378;1303;54001
"2021-12-07";"2021";"12";"07";1253;70551;68691;29;3704;5;1383;1611;55612
"2021-12-08";"2021";"12";"08";866;71417;69947;35;3739;4;1387;1164;56776
"2021-12-09";"2021";"12";"09";889;72306;71015;20;3759;7;1394;1354;58130
"2021-12-10";"2021";"12";"10";788;73094;72011;21;3780;8;1402;971;59101
"2021-12-11";"2021";"12";"11";480;73574;73047;8;3788;2;1404;1045;60146
"2021-12-12";"2021";"12";"12";156;73730;73062;7;3795;4;1408;284;60430
"2021-12-13";"2021";"12";"13";864;74594;73310;28;3823;8;1416;815;61245
"2021-12-14";"2021";"12";"14";1054;75648;74391;24;3847;9;1425;1283;62528
"2021-12-15";"2021";"12";"15";690;76338;75332;22;3869;6;1431;1087;63615
"2021-12-16";"2021";"12";"16";762;77100;76121;14;3883;6;1437;860;64475
"2021-12-17";"2021";"12";"17";541;77641;76854;22;3905;9;1446;1158;65633
"2021-12-18";"2021";"12";"18";207;77848;77085;12;3917;4;1450;621;66254
"2021-12-19";"2021";"12";"19";179;78027;77178;6;3923;3;1453;208;66462
"2021-12-20";"2021";"12";"20";552;78579;77741;44;3967;3;1456;918;67380
"2021-12-21";"2021";"12";"21";938;79517;78493;33;4000;4;1460;1213;68593
"2021-12-22";"2021";"12";"22";424;79941;79472;22;4022;4;1464;834;69427
"2021-12-23";"2021";"12";"23";403;80344;79939;16;4038;5;1469;906;70333
"2021-12-24";"2021";"12";"24";188;80532;80410;4;4042;2;1471;801;71134
"2021-12-25";"2021";"12";"25";113;80645;80512;6;4048;6;1477;495;71629
"2021-12-26";"2021";"12";"26";125;80770;80554;5;4053;2;1479;169;71798
"2021-12-27";"2021";"12";"27";544;81314;80663;25;4078;6;1485;821;72619
"2021-12-28";"2021";"12";"28";486;81800;81370;24;4102;6;1491;1022;73641
"2021-12-29";"2021";"12";"29";325;82125;81838;11;4113;6;1497;679;74320
"2021-12-30";"2021";"12";"30";416;82541;82168;9;4122;4;1501;773;75093
"2021-12-31";"2021";"12";"31";131;82672;82679;2;4124;4;1505;542;75635
"2022-01-01";"2022";"01 ";"01 ";160;82832;82811;5;4129;4;1509;226;75861
"2022-01-02";"2022";"01 ";"02 ";60;82892;82822;6;4135;3;1512;189;76050
"2022-01-03";"2022";"01 ";"03 ";658;83550;82900;29;4164;5;1517;504;76554
"2022-01-04";"2022";"01 ";"04";528;84078;83653;16;4180;2;1519;905;77459
"2022-01-05";"2022";"01 ";"05";338;84416;84215;13;4193;5;1524;442;77901
"2022-01-06";"2022";"01 ";"06";311;84727;84571;8;4201;2;1526;410;78311
"2022-01-07";"2022";"01 ";"07";241;84968;84855;6;4207;5;1531;210;78521
"2022-01-08";"2022";"01 ";"08";146;85114;85188;2;4209;3;1534;126;78647
"2022-01-09";"2022";"01 ";"09";81;85195;85222;4;4213;3;1537;135;78782
"2022-01-10";"2022";"01 ";"10";411;85606;85264;19;4232;2;1539;521;79303
"2022-01-11";"2022";"01 ";"11";355;85961;85625;6;4238;4;1543;467;79770
"2022-01-12";"2022";"01 ";"12";347;86308;85901;7;4245;0;1543;335;80105
"2022-01-13";"2022";"01 ";"13";299;86607;86237;5;4250;2;1545;411;80516
"2022-01-14";"2022";"01 ";"14";371;86978;86892;12;4262;2;1547;145;80661
"2022-01-15";"2022";"01 ";"15";213;87191;87066;0;4262;3;1550;167;80828
"2022-01-16";"2022";"01 ";"16";133;87324;87099;3;4265;2;1552;70;80898
"2022-01-17";"2022";"01 ";"17";701;88025;87192;8;4273;0;1552;881;81779
"2022-01-18";"2022";"01 ";"18";695;88720;87980;3;4276;1;1553;510;82289
"2022-01-19";"2022";"01 ";"19";683;89403;88676;2;4278;7;1560;359;82648
"2022-01-20";"2022";"01 ";"20";620;90023;89417;10;4288;0;1560;329;82977
"2022-01-21";"2022";"01 ";"21";528;90551;90001;2;4290;1;1561;250;83227
"2022-01-22";"2022";"01 ";"22";302;90853;90619;1;4291;1;1562;151;83378
"2022-01-23";"2022";"01 ";"23";199;91052;90663;2;4293;1;1563;80;83458
"2022-01-24";"2022";"01 ";"24";1169;92221;90911;11;4304;0;1563;400;83858
"2022-01-25";"2022";"01 ";"25";1318;93539;92315;5;4309;1;1564;359;84217
"2022-01-26";"2022";"01 ";"26";1144;94683;93539;10;4319;2;1566;370;84587
"2022-01-27";"2022";"01 ";"27";938;95621;94709;7;4326;0;1566;315;84902
"2022-01-28";"2022";"01 ";"28";1006;96627;95628;11;4337;2;1568;364;85266
"2022-01-29";"2022";"01 ";"29";426;97053;96608;1;4338;1;1569;228;85494
"2022-01-30";"2022";"01 ";"30";243;97296;96610;1;4339;1;1570;134;85628
"2022-01-31";"2022";"01 ";"31";1495;98791;97108;17;4356;0;1570;696;86324
"2022-02-01";"2022";"02 ";"01 ";1660;100451;98823;9;4365;0;1570;689;87013
"2022-02-02";"2022";"02 ";"02 ";1346;101797;100400;10;4375;1;1571;714;87727
"2022-02-03";"2022";"02 ";"03 ";1245;103042;101789;9;4384;0;1571;628;88355
"2022-02-04";"2022";"02 ";"04";1102;104144;102966;8;4392;1;1572;537;88892
"2022-02-05";"2022";"02 ";"05";489;104633;103981;0;4392;0;1572;307;89199
"2022-02-06";"2022";"02 ";"06";297;104930;104010;0;4392;1;1573;203;89402
"2022-02-07";"2022";"02 ";"07";1800;106730;104617;15;4407;2;1575;1161;90563
"2022-02-08";"2022";"02 ";"08";1770;108500;106623;15;4422;2;1577;1322;91885
"2022-02-09";"2022";"02 ";"09";1612;110112;108558;5;4427;1;1578;1155;93040
"2022-02-10";"2022";"02 ";"10";1350;111462;110138;13;4440;0;1578;932;93972
"2022-02-11";"2022";"02 ";"11";958;112420;111327;10;4450;0;1578;997;94969
"2022-02-12";"2022";"02 ";"12";870;113290;112448;2;4452;1;1579;437;95406
"2022-02-13";"2022";"02 ";"13";322;113612;112474;4;4456;1;1580;254;95660
"2022-02-14";"2022";"02 ";"14";1478;115090;113315;24;4480;1;1581;1485;97145
"2022-02-15";"2022";"02 ";"15";1232;116322;115148;13;4493;1;1582;1660;98805
"2022-02-16";"2022";"02 ";"16";939;117261;116165;10;4503;1;1583;1348;100153
"2022-02-17";"2022";"02 ";"17";1157;118418;117046;11;4514;1;1584;1245;101398
"2022-02-18";"2022";"02 ";"18";900;119318;118266;10;4524;2;1586;1100;102498
"2022-02-19";"2022";"02 ";"19";517;119835;118981;1;4525;2;1588;465;102963
"2022-02-20";"2022";"02 ";"20";435;120270;119076;1;4526;0;1588;299;103262
"2022-02-21";"2022";"02 ";"21";1480;121750;119875;23;4549;1;1589;1794;105056
"2022-02-22";"2022";"02 ";"22";1187;122937;121483;15;4564;0;1589;1764;106820
"2022-02-23";"2022";"02 ";"23";1415;124352;122958;7;4571;0;1589;1621;108441
"2022-02-24";"2022";"02 ";"24";1196;125548;124299;11;4582;1;1590;1336;109777
"2022-02-25";"2022";"02 ";"25";783;126331;125460;20;4602;0;1590;956;110733
"2022-02-26";"2022";"02 ";"26";564;126895;126183;2;4604;0;1590;845;111578
"2022-02-27";"2022";"02 ";"27";274;127169;126196;2;4606;0;1590;326;111904
"2022-02-28";"2022";"02 ";"28";1472;128641;126889;25;4631;3;1593;1459;113363
"2022-03-01";"2022";"03 ";"01 ";1221;129862;128333;11;4642;0;1593;1211;114574
"2022-03-02";"2022";"03 ";"02 ";190;130052;130052;1;4643;0;1593;940;115514
